400,'5475',640,,9565,21,,,0,66,,9570,21,,,0,50,,9567,21,,,0,74,,9572,21,,,0,28,,9569,21,,,0,68,,9575,21,,,0,30,,9568,21,,,0,70,,9566,21,,,0,32,,9576,21,,,0,70,,9581,21,,,0,72,,9578,21,,,0,30,,9571,21,,,0,70,,9583,21,,,0,30,,9592,21,,,0,71,,9582,21,,,0,30,,9594,21,,,0,70,,9573,21,,,0,30,,9593,21,,,0,22,,9595,21,,,0,50,,9590,21,,,0,30,,9579,21,,,0,12,,9596,21,,,0,58,,9580,21,,,0,29,,9577,21,,,0,68,,9587,21,,,0,29,,9574,21,,,0,28,,9588,21,,,0,96,,9589,21,,,0,95,,9585,21,,,0,97,,9584,21,,,0,100,,9586,21,,,0,157,,9591,21,,,0,16,,9597,21,,,0,109,,9598,21,,,0
400,'5518',848,,9601,21,,,0,159,,9602,21,,,0,120,,9599,21,,,0,122,,9600,21,,,0,95,,9606,21,,,0,166,,9604,21,,,0,127,,9605,21,,,0,163,,9603,21,,,0,120,,9607,21,,,0
400,'5520',640,,9608,21,,,0,66,,9613,21,,,0,50,,9610,21,,,0,74,,9615,21,,,0,28,,9612,21,,,0,68,,9618,21,,,0,30,,9611,21,,,0,70,,9609,21,,,0,32,,9619,21,,,0,70,,9624,21,,,0,72,,9621,21,,,0,30,,9614,21,,,0,70,,9626,21,,,0,30,,9635,21,,,0,71,,9625,21,,,0,30,,9637,21,,,0,70,,9616,21,,,0,30,,9636,21,,,0,22,,9638,21,,,0,50,,9633,21,,,0,30,,9622,21,,,0,12,,9639,21,,,0,58,,9623,21,,,0,29,,9620,21,,,0,68,,9630,21,,,0,29,,9617,21,,,0,28,,9631,21,,,0,96,,9632,21,,,0,95,,9628,21,,,0,97,,9627,21,,,0,100,,9629,21,,,0,157,,9634,21,,,0
400,'5526',835,,9641,21,,,0,65,,9642,21,,,0,25,,9640,21,,,0,25,,9643,21,,,0,67,,9644,21,,,0,26,,9645,21,,,0,65,,9646,21,,,0,26,,9647,21,,,0,66,,9648,21,,,0,27,,9649,21,,,0,27,,9650,21,,,0,68,,9651,21,,,0,27,,9652,21,,,0,68,,9653,21,,,0,27,,9656,21,,,0,69,,9658,21,,,0,27,,9654,21,,,0,69,,9660,21,,,0,27,,9655,21,,,0,66,,9657,21,,,0,27,,9659,21,,,0,27,,9661,21,,,0,67,,9662,21,,,0,25,,9663,21,,,0,74,,9665,21,,,0,99,,9664,21,,,0,100,,9666,21,,,0,99,,9667,21,,,0,99,,9668,21,,,0
900,'5475',635,,10379,24,,,0,72,,10380,24,,,0,33,,10381,24,,,0,16,,10382,24,,,0,56,,10383,24,,,0,17,,10384,24,,,0,14,,10385,24,,,0,13,,10386,24,,,0,47,,10387,24,,,0,9,,10388,24,,,0,13,,10389,24,,,0,15,,10390,24,,,0,15,,10391,24,,,0,55,,10392,24,,,0,15,,10393,24,,,0,15,,10394,24,,,0,15,,10395,24,,,0,55,,10396,24,,,0,16,,10397,24,,,0,16,,10398,24,,,0,15,,10399,24,,,0,55,,10400,24,,,0,15,,10401,24,,,0,16,,10402,24,,,0,14,,10403,24,,,0,55,,10404,24,,,0,16,,10405,24,,,0,15,,10406,24,,,0,15,,10407,24,,,0,55,,10408,24,,,0,15,,10409,24,,,0,14,,10410,24,,,0,58,,10411,24,,,0,14,,10412,24,,,0,15,,10413,24,,,0,17,,10414,24,,,0,7,,10415,24,,,0,48,,10416,24,,,0,16,,10417,24,,,0,14,,10418,24,,,0,15,,10419,24,,,0,57,,10420,24,,,0,15,,10421,24,,,0,14,,10422,24,,,0,7,,10423,24,,,0,6,,10424,24,,,0,13,,10425,24,,,0,55,,10426,24,,,0,13,,10427,24,,,0,12,,10428,24,,,0,15,,10429,24,,,0,55,,10430,24,,,0,15,,10431,24,,,0,14,,10432,24,,,0,15,,10433,24,,,0,56,,10434,24,,,0,14,,10435,24,,,0,15,,10436,24,,,0,20,,10437,24,,,0,60,,10438,24,,,0,34,,10439,24,,,0,70,,10440,24,,,0,25,,10441,24,,,0,73,,10442,24,,,0,26,,10443,24,,,0,71,,10444,24,,,0,26,,10445,24,,,0,70,,10378,24,,,0
900,'5518',734,,10446,24,,,0,70,,10448,24,,,0,31,,10447,24,,,0,70,,10449,24,,,0,30,,10451,24,,,0,71,,10450,24,,,0,30,,10452,24,,,0,70,,10454,24,,,0,30,,10455,24,,,0,71,,10453,24,,,0,30,,10456,24,,,0,71,,10457,24,,,0,30,,10460,24,,,0,71,,10459,24,,,0,30,,10461,24,,,0,70,,10458,24,,,0,31,,10472,24,,,0,70,,10462,24,,,0,30,,10464,24,,,0,69,,10463,24,,,0,30,,10465,24,,,0,70,,10466,24,,,0,30,,10477,24,,,0,70,,10471,24,,,0,29,,10467,24,,,0,68,,10468,24,,,0,30,,10469,24,,,0,70,,10470,24,,,0,30,,10476,24,,,0,70,,10473,24,,,0,29,,10474,24,,,0,68,,10475,24,,,0,30,,10478,24,,,0,70,,10479,24,,,0
900,'5520',635,,10481,24,,,0,72,,10482,24,,,0,33,,10483,24,,,0,16,,10484,24,,,0,56,,10485,24,,,0,17,,10486,24,,,0,14,,10487,24,,,0,13,,10488,24,,,0,47,,10489,24,,,0,9,,10490,24,,,0,13,,10491,24,,,0,15,,10492,24,,,0,15,,10493,24,,,0,55,,10494,24,,,0,15,,10495,24,,,0,15,,10496,24,,,0,15,,10497,24,,,0,55,,10498,24,,,0,16,,10499,24,,,0,16,,10500,24,,,0,15,,10501,24,,,0,55,,10502,24,,,0,15,,10503,24,,,0,16,,10504,24,,,0,14,,10505,24,,,0,55,,10506,24,,,0,16,,10507,24,,,0,15,,10508,24,,,0,15,,10509,24,,,0,55,,10510,24,,,0,15,,10511,24,,,0,14,,10512,24,,,0,58,,10513,24,,,0,14,,10514,24,,,0,15,,10515,24,,,0,17,,10516,24,,,0,7,,10517,24,,,0,48,,10518,24,,,0,16,,10519,24,,,0,14,,10520,24,,,0,15,,10521,24,,,0,57,,10522,24,,,0,15,,10523,24,,,0,14,,10524,24,,,0,7,,10525,24,,,0,6,,10526,24,,,0,13,,10527,24,,,0,55,,10528,24,,,0,13,,10529,24,,,0,12,,10530,24,,,0,15,,10531,24,,,0,55,,10532,24,,,0,15,,10533,24,,,0,14,,10534,24,,,0,15,,10535,24,,,0,56,,10536,24,,,0,14,,10537,24,,,0,15,,10538,24,,,0,20,,10539,24,,,0,60,,10540,24,,,0,34,,10541,24,,,0,70,,10542,24,,,0,25,,10543,24,,,0,73,,10544,24,,,0,26,,10545,24,,,0,71,,10546,24,,,0,26,,10547,24,,,0,70,,10480,24,,,0
900,'5526',633,,10587,24,,,0,70,,10588,24,,,0,33,,10576,24,,,0,70,,10549,24,,,0,31,,10550,24,,,0,70,,10551,24,,,0,32,,10548,24,,,0,72,,10553,24,,,0,29,,10555,24,,,0,69,,10552,24,,,0,15,,10580,24,,,0,15,,10556,24,,,0,15,,10584,24,,,0,55,,10554,24,,,0,32,,10558,24,,,0,71,,10559,24,,,0,30,,10557,24,,,0,72,,10560,24,,,0,30,,10561,24,,,0,12,,10578,24,,,0,55,,10563,24,,,0,15,,10582,24,,,0,15,,10564,24,,,0,15,,10579,24,,,0,55,,10562,24,,,0,15,,10581,24,,,0,15,,10566,24,,,0,15,,10585,24,,,0,55,,10567,24,,,0,15,,10583,24,,,0,15,,10568,24,,,0,70,,10565,24,,,0,35,,10570,24,,,0,79,,10574,24,,,0,30,,10571,24,,,0,100,,10572,24,,,0,100,,10569,24,,,0,99,,10573,24,,,0,102,,10575,24,,,0,102,,10577,24,,,0,143,,10586,24,,,0
7200,'5475',756,,11462,26,,,0
7200,'5520',756,,11463,26,,,0
