301,'5475',652,,9450,24,,,0,49,,9449,24,,,0,32,,9442,24,,,0,17,,9451,24,,,0,56,,9461,24,,,0,20,,9445,24,,,0,19,,9452,24,,,0,70,,9460,24,,,0,30,,9457,24,,,0,71,,9475,24,,,0,30,,9439,24,,,0,70,,9436,24,,,0,31,,9462,24,,,0,70,,9446,24,,,0,30,,9474,24,,,0,71,,9468,24,,,0,30,,9467,24,,,0,72,,9473,24,,,0,15,,9466,24,,,0,15,,9471,24,,,0,50,,9476,24,,,0,20,,9469,24,,,0,14,,9464,24,,,0,15,,9444,24,,,0,55,,9443,24,,,0,15,,9440,24,,,0,15,,9472,24,,,0,15,,9441,24,,,0,54,,9455,24,,,0,14,,9454,24,,,0,15,,9447,24,,,0,15,,9448,24,,,0,70,,9470,24,,,0,29,,9459,24,,,0,70,,9477,24,,,0,30,,9437,24,,,0,99,,9465,24,,,0,100,,9456,24,,,0,100,,9463,24,,,0,98,,9435,24,,,0,100,,9478,24,,,0
301,'5518',841,,9479,24,,,0,100,,9480,24,,,0,101,,9485,24,,,0,103,,9481,24,,,0,98,,9486,24,,,0,100,,9482,24,,,0,100,,9483,24,,,0,101,,9488,24,,,0,100,,9484,24,,,0,98,,9490,24,,,0,98,,9487,24,,,0,106,,9489,24,,,0,99,,9491,24,,,0,100,,9492,24,,,0
301,'5520',652,,9508,24,,,0,49,,9507,24,,,0,32,,9500,24,,,0,17,,9509,24,,,0,56,,9519,24,,,0,20,,9503,24,,,0,19,,9510,24,,,0,70,,9518,24,,,0,30,,9515,24,,,0,71,,9533,24,,,0,30,,9497,24,,,0,70,,9494,24,,,0,31,,9520,24,,,0,70,,9504,24,,,0,30,,9532,24,,,0,71,,9526,24,,,0,30,,9525,24,,,0,72,,9531,24,,,0,15,,9524,24,,,0,15,,9529,24,,,0,50,,9534,24,,,0,20,,9527,24,,,0,14,,9522,24,,,0,15,,9502,24,,,0,55,,9501,24,,,0,15,,9498,24,,,0,15,,9530,24,,,0,15,,9499,24,,,0,54,,9513,24,,,0,14,,9512,24,,,0,15,,9505,24,,,0,15,,9506,24,,,0,70,,9528,24,,,0,29,,9517,24,,,0,70,,9535,24,,,0,30,,9495,24,,,0,99,,9523,24,,,0,100,,9514,24,,,0,100,,9521,24,,,0,98,,9493,24,,,0
301,'5526',844,,9538,24,,,0,70,,9541,24,,,0,31,,9546,24,,,0,70,,9544,24,,,0,30,,9543,24,,,0,70,,9542,24,,,0,30,,9545,24,,,0,71,,9537,24,,,0,30,,9547,24,,,0,70,,9549,24,,,0,30,,9550,24,,,0,70,,9551,24,,,0,30,,9548,24,,,0,70,,9552,24,,,0,30,,9554,24,,,0,70,,9555,24,,,0,30,,9558,24,,,0,70,,9553,24,,,0,30,,9560,24,,,0,75,,9556,24,,,0,24,,9557,24,,,0,85,,9559,24,,,0,105,,9561,24,,,0,105,,9562,24,,,0,104,,9563,24,,,0,100,,9564,24,,,0
1400,'5475',806,,11000,21,0,7 8 2 9 2 10,0,650,,11002,21,0,9,0
1400,'5520',806,,11025,21,0,7 8 2 9 2 10,0,650,,11027,21,0,9,0
8001,'5475',1452,,11486,5,,,0
8001,'5522',1452,,11487,5,,,0
8001,'5525',1457,,11488,5,,,0
8100,'5475',758,,11489,30,,,0
8100,'5520',758,,11490,30,,,0
