401,'5475',613,,9669,10,,,0,25,,9673,10,,,0,87,,9671,10,,,0,31,,9675,10,,,0,70,,9672,10,,,0,30,,9676,10,,,0,70,,9697,10,,,0,30,,9670,10,,,0,70,,9679,10,,,0,30,,9680,10,,,0,71,,9678,10,,,0,30,,9677,10,,,0,70,,9686,10,,,0,30,,9698,10,,,0,70,,9685,10,,,0,30,,9674,10,,,0,70,,9695,10,,,0,30,,9684,10,,,0,61,,9699,10,,,0,10,,9694,10,,,0,30,,9691,10,,,0,52,,9700,10,,,0,18,,9682,10,,,0,30,,9681,10,,,0,69,,9690,10,,,0,29,,9683,10,,,0,69,,9692,10,,,0,97,,9693,10,,,0,97,,9688,10,,,0,100,,9687,10,,,0,100,,9689,10,,,0,118,,9696,10,,,0,15,,9701,10,,,0,150,,9702,10,,,0
401,'5518',820,,9706,10,,,0,117,,9703,10,,,0,120,,9704,10,,,0,160,,9705,10,,,0,95,,9709,10,,,0,126,,9707,10,,,0,167,,9708,10,,,0,124,,9710,10,,,0,120,,9711,10,,,0
401,'5520',613,,9712,10,,,0,25,,9716,10,,,0,87,,9714,10,,,0,31,,9718,10,,,0,70,,9715,10,,,0,30,,9719,10,,,0,70,,9740,10,,,0,30,,9713,10,,,0,70,,9722,10,,,0,30,,9723,10,,,0,71,,9721,10,,,0,30,,9720,10,,,0,70,,9729,10,,,0,30,,9741,10,,,0,70,,9728,10,,,0,30,,9717,10,,,0,70,,9738,10,,,0,30,,9727,10,,,0,61,,9742,10,,,0,10,,9737,10,,,0,30,,9734,10,,,0,52,,9743,10,,,0,18,,9725,10,,,0,30,,9724,10,,,0,69,,9733,10,,,0,29,,9726,10,,,0,69,,9735,10,,,0,97,,9736,10,,,0,97,,9731,10,,,0,100,,9730,10,,,0,100,,9732,10,,,0,118,,9739,10,,,0
401,'5526',807,,9744,10,,,0,25,,9745,10,,,0,25,,9747,10,,,0,65,,9746,10,,,0,26,,9748,10,,,0,65,,9750,10,,,0,25,,9751,10,,,0,66,,9752,10,,,0,25,,9749,10,,,0,26,,9754,10,,,0,66,,9756,10,,,0,28,,9753,10,,,0,67,,9755,10,,,0,28,,9757,10,,,0,67,,9759,10,,,0,30,,9762,10,,,0,67,,9763,10,,,0,29,,9761,10,,,0,67,,9764,10,,,0,26,,9765,10,,,0,27,,9760,10,,,0,67,,9758,10,,,0,27,,9766,10,,,0,67,,9768,10,,,0,34,,9767,10,,,0,100,,9769,10,,,0,100,,9770,10,,,0,100,,9771,10,,,0,100,,9772,10,,,0
7001,'5475',1518,,11458,9,,,0
7001,'5520',1518,,11459,9,,,0
7301,'5475',1517,,11466,9,,,0
7301,'5520',1517,,11467,9,,,0
7401,'5475',1529,,11468,6,,,0
7401,'5522',1529,,11469,6,,,0
7401,'5525',1429,,11470,6,,,0
7701,'5475',1534,,11475,9,,,0
7701,'5520',1534,,11476,9,,,0
