1601,'5475',734,,11161,5,,,0,100,,11157,5,,,0,100,,11158,5,,,0,100,,11156,5,,,0,100,,11165,5,,,0,100,,11159,5,,,0,100,,11160,5,,,0,100,,11163,5,,,0,110,,11164,5,,,0,101,,11167,5,,,0,99,,11169,5,,,0,100,,11168,5,,,0,100,,11166,5,,,0,399,,11171,5,,,0,101,,11172,5,,,0
1601,'5518',838,,11173,5,,,0,100,,11176,5,,,0,100,,11174,5,,,0,100,,11175,5,,,0,100,,11177,5,,,0,100,,11179,5,,,0,100,,11184,5,,,0,100,,11181,5,,,0,105,,11178,5,,,0,100,,11180,5,,,0,100,,11182,5,,,0,100,,11183,5,,,0
1601,'5520',734,,11190,5,,,0,100,,11186,5,,,0,100,,11187,5,,,0,100,,11185,5,,,0,100,,11194,5,,,0,100,,11188,5,,,0,100,,11189,5,,,0,100,,11192,5,,,0,110,,11193,5,,,0,101,,11196,5,,,0,99,,11198,5,,,0,100,,11197,5,,,0,100,,11195,5,,,0
1601,'5526',819,,11201,5,,,0,114,,11200,5,,,0,95,,11202,5,,,0,110,,11204,5,,,0,95,,11205,5,,,0,100,,11203,5,,,0,100,,11207,5,,,0,100,,11208,5,,,0,105,,11206,5,,,0,95,,11209,5,,,0,100,,11210,5,,,0,100,,11211,5,,,0
1701,'5475',719,,11282,5,0,11 12,0,85,,11287,5,0,11 12,0,100,,11275,5,0,11 12,0,100,,11278,5,0,11 12,0,100,,11274,5,0,11 12,0,100,,11276,5,0,15 1 16,0,100,,11279,5,0,15 1 16,0,110,,11281,5,0,15 1 16,0,90,,11284,5,0,15 1 16,0,110,,11289,5,0,15 1 16,0,100,,11285,5,0,15 1 16,0,105,,11288,5,0,15 1 16,0,119,,11286,5,0,13 14,0,100,,11280,5,0,13 14,0,115,,11277,5,0,13 14,0,155,,11290,5,0,13 14,0,37,,11291,5,0,13 14,0,108,,11292,5,0,13 14,0
1701,'5518',813,,11293,5,0,11 12,0,100,,11294,5,0,11 12,0,115,,11295,5,0,11 12,0,95,,11296,5,0,13 14,0,200,,11298,5,0,11 12,0,210,,11297,5,0,13 14,0,100,,11300,5,0,11 12,0,100,,11299,5,0,15 1 16,0,100,,11301,5,0,13 14,0,170,,11302,5,0,13 14,0
1701,'5520',719,,11311,5,0,11 12,0,85,,11316,5,0,11 12,0,100,,11304,5,0,11 12,0,100,,11307,5,0,11 12,0,100,,11303,5,0,11 12,0,100,,11305,5,0,15 1 16,0,100,,11308,5,0,15 1 16,0,110,,11310,5,0,15 1 16,0,90,,11313,5,0,15 1 16,0,110,,11318,5,0,15 1 16,0,100,,11314,5,0,15 1 16,0,105,,11317,5,0,15 1 16,0,119,,11315,5,0,13 14,0,100,,11309,5,0,13 14,0,115,,11306,5,0,13 14,0,155,,11319,5,0,13 14,0
1701,'5526',713,,11324,5,0,11 12,0,100,,11321,5,0,11 12,0,90,,11320,5,0,11 12,0,130,,11322,5,0,11 12,0,170,,11325,5,0,15 1 16,0,100,,11326,5,0,15 1 16,0,130,,11323,5,0,15 1 16,0,170,,11327,5,0,15 1 16,0,105,,11328,5,0,15 1 16,0,100,,11330,5,0,13 14,0,105,,11331,5,0,13 14,0,105,,11332,5,0,13 14,0,110,,11329,5,0,13 14,0,120,,11333,5,0,13 14,0
1800,'5475',536,,11334,4,,,0,101,,11335,4,,,0,101,,11336,4,,,0,102,,11337,4,,,0,100,,11338,4,,,0,101,,11339,4,,,0,101,,11340,4,,,0,103,,11341,4,,,0,90,,11342,4,,,0,102,,11343,4,,,0,105,,11344,4,,,0,105,,11345,4,,,0,102,,11346,4,,,0,100,,11347,4,,,0,101,,11348,4,,,0,101,,11349,4,,,0,101,,11350,4,,,0
1800,'5518',738,,11354,4,,,0,101,,11352,4,,,0,101,,11351,4,,,0,101,,11353,4,,,0,101,,11357,4,,,0,103,,11358,4,,,0,91,,11356,4,,,0,101,,11362,4,,,0,105,,11363,4,,,0,105,,11355,4,,,0,101,,11360,4,,,0,101,,11359,4,,,0,101,,11361,4,,,0
1800,'5520',536,,11364,4,,,0,101,,11365,4,,,0,101,,11366,4,,,0,102,,11367,4,,,0,100,,11368,4,,,0,101,,11369,4,,,0,101,,11370,4,,,0,103,,11371,4,,,0,90,,11372,4,,,0,102,,11373,4,,,0,105,,11374,4,,,0,105,,11375,4,,,0,102,,11376,4,,,0,100,,11377,4,,,0,101,,11378,4,,,0,101,,11379,4,,,0,101,,11380,4,,,0
1800,'5526',738,,11381,4,,,0,101,,11382,4,,,0,101,,11383,4,,,0,101,,11384,4,,,0,101,,11385,4,,,0,103,,11386,4,,,0,91,,11387,4,,,0,101,,11388,4,,,0,105,,11389,4,,,0,105,,11390,4,,,0,101,,11391,4,,,0,101,,11392,4,,,0,101,,11393,4,,,0,101,,11394,4,,,0,101,,11395,4,,,0
