401,'5475',614,,9669,12,,,0,25,,9673,12,,,0,87,,9671,12,,,0,31,,9675,12,,,0,70,,9672,12,,,0,30,,9676,12,,,0,70,,9697,12,,,0,30,,9670,12,,,0,70,,9679,12,,,0,30,,9680,12,,,0,71,,9678,12,,,0,30,,9677,12,,,0,70,,9686,12,,,0,30,,9698,12,,,0,70,,9685,12,,,0,30,,9674,12,,,0,70,,9695,12,,,0,30,,9684,12,,,0,61,,9699,12,,,0,10,,9694,12,,,0,30,,9691,12,,,0,52,,9700,12,,,0,18,,9682,12,,,0,30,,9681,12,,,0,69,,9690,12,,,0,30,,9683,12,,,0,69,,9692,12,,,0,97,,9693,12,,,0,97,,9688,12,,,0,99,,9687,12,,,0,100,,9689,12,,,0,118,,9696,12,,,0,16,,9701,12,,,0,149,,9702,12,,,0
401,'5518',822,,9706,12,,,0,117,,9703,12,,,0,120,,9704,12,,,0,160,,9705,12,,,0,94,,9709,12,,,0,126,,9707,12,,,0,167,,9708,12,,,0,125,,9710,12,,,0,120,,9711,12,,,0
401,'5520',614,,9712,12,,,0,25,,9716,12,,,0,87,,9714,12,,,0,31,,9718,12,,,0,70,,9715,12,,,0,30,,9719,12,,,0,70,,9740,12,,,0,30,,9713,12,,,0,70,,9722,12,,,0,30,,9723,12,,,0,71,,9721,12,,,0,30,,9720,12,,,0,70,,9729,12,,,0,30,,9741,12,,,0,70,,9728,12,,,0,30,,9717,12,,,0,70,,9738,12,,,0,30,,9727,12,,,0,61,,9742,12,,,0,10,,9737,12,,,0,30,,9734,12,,,0,52,,9743,12,,,0,18,,9725,12,,,0,30,,9724,12,,,0,69,,9733,12,,,0,30,,9726,12,,,0,69,,9735,12,,,0,97,,9736,12,,,0,97,,9731,12,,,0,99,,9730,12,,,0,100,,9732,12,,,0,118,,9739,12,,,0
401,'5526',809,,9744,12,,,0,25,,9745,12,,,0,25,,9747,12,,,0,65,,9746,12,,,0,25,,9748,12,,,0,65,,9750,12,,,0,25,,9751,12,,,0,66,,9752,12,,,0,25,,9749,12,,,0,26,,9754,12,,,0,66,,9756,12,,,0,28,,9753,12,,,0,67,,9755,12,,,0,28,,9757,12,,,0,67,,9759,12,,,0,30,,9762,12,,,0,67,,9763,12,,,0,29,,9761,12,,,0,67,,9764,12,,,0,26,,9765,12,,,0,27,,9760,12,,,0,67,,9758,12,,,0,27,,9766,12,,,0,67,,9768,12,,,0,35,,9767,12,,,0,100,,9769,12,,,0,100,,9770,12,,,0,99,,9771,12,,,0,100,,9772,12,,,0
7001,'5475',1519,,11458,11,,,0
7001,'5520',1519,,11459,11,,,0
7301,'5475',1518,,11466,11,,,0
7301,'5520',1518,,11467,11,,,0
7401,'5475',1530,,11468,8,,,0
7401,'5522',1530,,11469,8,,,0
7401,'5525',1430,,11470,8,,,0
7701,'5475',1535,,11475,11,,,0
7701,'5520',1535,,11476,11,,,0
