1400,'5475',610,,11006,1,,,0,31,,11005,1,,,0,85,,10998,1,,,0,27,,11000,1,0,7 8 2 9 2 10,0,84,,11003,1,,,0,91,,11001,1,,,0,114,,10999,1,,,0,185,,11007,1,,,0,217,,11002,1,0,9,0,115,,11008,1,,,0,79,,11009,1,,,0,75,,11010,1,,,0,39,,11011,1,,,0,105,,11004,1,,,0,154,,11012,1,,,0,30,,11013,1,,,0,365,,11015,1,,,0,29,,11014,1,,,0
1400,'5518',901,,11017,1,,,0,200,,11016,1,,,0,130,,11021,1,,,0,95,,11018,1,,,0,100,,11019,1,,,0,130,,11020,1,,,0,265,,11022,1,,,0
1400,'5520',610,,11031,1,,,0,31,,11030,1,,,0,85,,11023,1,,,0,27,,11025,1,0,7 8 2 9 2 10,0,84,,11028,1,,,0,91,,11026,1,,,0,114,,11024,1,,,0,185,,11032,1,,,0,217,,11027,1,0,9,0,115,,11033,1,,,0,79,,11034,1,,,0,75,,11035,1,,,0,39,,11036,1,,,0,105,,11029,1,,,0,154,,11037,1,,,0,30,,11038,1,,,0
1400,'5526',756,,11039,1,,,0,175,,11042,1,,,0,95,,11048,1,,,0,101,,11045,1,,,0,100,,11041,1,,,0,100,,11046,1,,,0,105,,11043,1,,,0,211,,11044,1,,,0,208,,11040,1,,,0,100,,11047,1,,,0
1401,'5475',610,,11056,14,4,,0,31,,11057,14,4,,0,85,,11049,14,4,,0,27,,11051,14,4,,0,84,,11054,14,4,,0,91,,11052,14,4,,0,114,,11050,14,4,,0,185,,11058,14,4,,0,217,,11053,14,4,,0,115,,11060,14,4,,0,79,,11059,14,4,,0,75,,11061,14,4,,0,39,,11062,14,4,,0,105,,11055,14,4,,0,154,,11063,14,4,,0,30,,11064,14,4,,0,365,,11066,14,4,,0,29,,11065,14,4,,0
1401,'5518',901,,11068,14,4,,0,200,,11067,14,4,,0,130,,11072,14,4,,0,95,,11070,14,4,,0,100,,11069,14,4,,0,130,,11071,14,4,,0,265,,11073,14,4,,0
1401,'5520',610,,11081,14,4,,0,31,,11082,14,4,,0,85,,11074,14,4,,0,27,,11076,14,4,,0,84,,11079,14,4,,0,91,,11077,14,4,,0,114,,11075,14,4,,0,185,,11083,14,4,,0,217,,11078,14,4,,0,115,,11085,14,4,,0,79,,11084,14,4,,0,75,,11086,14,4,,0,39,,11087,14,4,,0,105,,11080,14,4,,0,154,,11088,14,4,,0,30,,11089,14,4,,0
1401,'5526',756,,11090,14,4,,0,175,,11094,14,4,,0,95,,11098,14,4,,0,101,,11096,14,4,,0,100,,11092,14,4,,0,100,,11099,14,4,,0,105,,11091,14,4,,0,211,,11095,14,4,,0,208,,11093,14,4,,0,100,,11097,14,4,,0
8001,'5475',1459,,11486,18,,,0
8001,'5522',1459,,11487,18,,,0
8001,'5525',1504,,11488,18,,,0
8100,'5475',745,,11489,9,,,0
8100,'5520',745,,11490,9,,,0
8101,'5475',1538,,11491,37,,,0
8101,'5522',1538,,11492,37,,,0
8101,'5525',1432,,11493,37,,,0
