700,'5475',619,,10018,12,,,0,18,,10019,12,,,0,17,,10020,12,,,0,54,,10021,12,,,0,16,,10022,12,,,0,6,,10023,12,,,0,10,,10024,12,,,0,17,,10025,12,,,0,60,,10026,12,,,0,11,,10027,12,,,0,19,,10028,12,,,0,11,,10029,12,,,0,56,,10030,12,,,0,12,,10031,12,,,0,18,,10032,12,,,0,13,,10048,12,,,0,57,,10033,12,,,0,13,,10073,12,,,0,17,,10034,12,,,0,69,,10035,12,,,0,34,,10036,12,,,0,67,,10037,12,,,0,32,,10038,12,,,0,68,,10039,12,,,0,32,,10040,12,,,0,69,,10041,12,,,0,34,,10042,12,,,0,51,,10043,12,,,0,15,,10044,12,,,0,18,,10045,12,,,0,13,,10046,12,,,0,57,,10047,12,,,0,12,,10049,12,,,0,18,,10052,12,,,0,12,,10064,12,,,0,58,,10053,12,,,0,12,,10050,12,,,0,18,,10054,12,,,0,11,,10065,12,,,0,58,,10055,12,,,0,10,,10051,12,,,0,16,,10056,12,,,0,13,,10067,12,,,0,72,,10057,12,,,0,27,,10066,12,,,0,73,,10058,12,,,0,27,,10069,12,,,0,71,,10059,12,,,0,29,,10068,12,,,0,70,,10060,12,,,0,28,,10070,12,,,0,70,,10061,12,,,0,28,,10071,12,,,0,73,,10062,12,,,0,31,,10072,12,,,0,70,,10063,12,,,0,95,,10074,12,,,0
700,'5518',732,,10075,12,,,0,27,,10076,12,,,0,100,,10077,12,,,0,97,,10078,12,,,0,73,,10080,12,,,0,30,,10079,12,,,0,67,,10082,12,,,0,33,,10088,12,,,0,67,,10083,12,,,0,29,,10081,12,,,0,72,,10084,12,,,0,28,,10095,12,,,0,72,,10086,12,,,0,29,,10090,12,,,0,71,,10085,12,,,0,29,,10087,12,,,0,71,,10089,12,,,0,27,,10093,12,,,0,72,,10091,12,,,0,27,,10096,12,,,0,71,,10092,12,,,0,29,,10098,12,,,0,101,,10094,12,,,0,99,,10100,12,,,0,104,,10097,12,,,0,95,,10099,12,,,0,100,,10101,12,,,0
700,'5520',619,,10102,12,,,0,18,,10103,12,,,0,17,,10104,12,,,0,54,,10105,12,,,0,16,,10106,12,,,0,6,,10107,12,,,0,10,,10108,12,,,0,17,,10109,12,,,0,60,,10110,12,,,0,11,,10111,12,,,0,19,,10112,12,,,0,11,,10113,12,,,0,56,,10114,12,,,0,12,,10115,12,,,0,18,,10116,12,,,0,13,,10132,12,,,0,57,,10117,12,,,0,13,,10157,12,,,0,17,,10118,12,,,0,69,,10119,12,,,0,34,,10120,12,,,0,67,,10121,12,,,0,32,,10122,12,,,0,68,,10123,12,,,0,32,,10124,12,,,0,69,,10125,12,,,0,34,,10126,12,,,0,51,,10127,12,,,0,15,,10128,12,,,0,18,,10129,12,,,0,13,,10130,12,,,0,57,,10131,12,,,0,12,,10133,12,,,0,18,,10136,12,,,0,12,,10148,12,,,0,58,,10137,12,,,0,12,,10134,12,,,0,18,,10138,12,,,0,11,,10149,12,,,0,58,,10139,12,,,0,10,,10135,12,,,0,16,,10140,12,,,0,13,,10151,12,,,0,72,,10141,12,,,0,27,,10150,12,,,0,73,,10142,12,,,0,27,,10153,12,,,0,71,,10143,12,,,0,29,,10152,12,,,0,70,,10144,12,,,0,28,,10154,12,,,0,70,,10145,12,,,0,28,,10155,12,,,0,73,,10146,12,,,0,31,,10156,12,,,0,70,,10147,12,,,0
700,'5526',647,,10197,12,,,0,70,,10195,12,,,0,31,,10183,12,,,0,70,,10158,12,,,0,31,,10159,12,,,0,71,,10161,12,,,0,29,,10160,12,,,0,71,,10167,12,,,0,31,,10172,12,,,0,54,,10187,12,,,0,16,,10173,12,,,0,15,,10188,12,,,0,22,,10175,12,,,0,73,,10170,12,,,0,28,,10176,12,,,0,70,,10169,12,,,0,72,,10177,12,,,0,28,,10171,12,,,0,30,,10189,12,,,0,53,,10178,12,,,0,14,,10190,12,,,0,16,,10179,12,,,0,14,,10193,12,,,0,55,,10168,12,,,0,16,,10192,12,,,0,14,,10180,12,,,0,15,,10191,12,,,0,64,,10174,12,,,0,29,,10181,12,,,0,70,,10162,12,,,0,36,,10163,12,,,0,73,,10164,12,,,0,76,,10185,12,,,0,34,,10184,12,,,0,105,,10165,12,,,0,96,,10166,12,,,0,100,,10182,12,,,0,98,,10186,12,,,0,66,,10194,12,,,0,29,,10196,12,,,0
7300,'5475',746,,11464,20,,,0
7300,'5520',746,,11465,20,,,0
7301,'5475',1534,,11466,34,4,,0
7301,'5520',1534,,11467,34,4,,0
7901,'5475',1522,,11483,26,0,6,0
7901,'5522',1522,,11484,26,0,6,0
7901,'5525',1522,,11485,26,0,6,0
