700,'5475',627,,10018,22,,,0,18,,10019,22,,,0,57,,10020,22,,,0,14,,10021,22,,,0,16,,10022,22,,,0,7,,10023,22,,,0,10,,10024,22,,,0,57,,10025,22,,,0,21,,10026,22,,,0,11,,10027,22,,,0,18,,10028,22,,,0,51,,10029,22,,,0,15,,10030,22,,,0,13,,10031,22,,,0,17,,10032,22,,,0,54,,10048,22,,,0,17,,10033,22,,,0,13,,10073,22,,,0,17,,10034,22,,,0,70,,10035,22,,,0,33,,10036,22,,,0,68,,10037,22,,,0,32,,10038,22,,,0,68,,10039,22,,,0,32,,10040,22,,,0,70,,10041,22,,,0,74,,10042,22,,,0,11,,10043,22,,,0,15,,10044,22,,,0,17,,10045,22,,,0,14,,10046,22,,,0,56,,10047,22,,,0,13,,10049,22,,,0,17,,10052,22,,,0,11,,10064,22,,,0,59,,10053,22,,,0,11,,10050,22,,,0,18,,10054,22,,,0,11,,10065,22,,,0,58,,10055,22,,,0,10,,10051,22,,,0,16,,10056,22,,,0,13,,10067,22,,,0,72,,10057,22,,,0,27,,10066,22,,,0,73,,10058,22,,,0,26,,10069,22,,,0,72,,10059,22,,,0,28,,10068,22,,,0,70,,10060,22,,,0,28,,10070,22,,,0,70,,10061,22,,,0,27,,10071,22,,,0,73,,10062,22,,,0,31,,10072,22,,,0,70,,10063,22,,,0,96,,10074,22,,,0
700,'5518',740,,10075,22,,,0,67,,10076,22,,,0,100,,10077,22,,,0,97,,10078,22,,,0,33,,10080,22,,,0,70,,10079,22,,,0,27,,10082,22,,,0,73,,10088,22,,,0,28,,10083,22,,,0,69,,10081,22,,,0,32,,10084,22,,,0,68,,10095,22,,,0,32,,10086,22,,,0,70,,10090,22,,,0,31,,10085,22,,,0,69,,10087,22,,,0,31,,10089,22,,,0,67,,10093,22,,,0,32,,10091,22,,,0,67,,10096,22,,,0,31,,10092,22,,,0,68,,10098,22,,,0,101,,10094,22,,,0,99,,10100,22,,,0,103,,10097,22,,,0,95,,10099,22,,,0,100,,10101,22,,,0
700,'5520',627,,10102,22,,,0,18,,10103,22,,,0,57,,10104,22,,,0,14,,10105,22,,,0,16,,10106,22,,,0,7,,10107,22,,,0,10,,10108,22,,,0,57,,10109,22,,,0,21,,10110,22,,,0,11,,10111,22,,,0,18,,10112,22,,,0,51,,10113,22,,,0,15,,10114,22,,,0,13,,10115,22,,,0,17,,10116,22,,,0,54,,10132,22,,,0,17,,10117,22,,,0,13,,10157,22,,,0,17,,10118,22,,,0,70,,10119,22,,,0,33,,10120,22,,,0,68,,10121,22,,,0,32,,10122,22,,,0,68,,10123,22,,,0,32,,10124,22,,,0,70,,10125,22,,,0,74,,10126,22,,,0,11,,10127,22,,,0,15,,10128,22,,,0,17,,10129,22,,,0,14,,10130,22,,,0,56,,10131,22,,,0,13,,10133,22,,,0,17,,10136,22,,,0,11,,10148,22,,,0,59,,10137,22,,,0,11,,10134,22,,,0,18,,10138,22,,,0,11,,10149,22,,,0,58,,10139,22,,,0,10,,10135,22,,,0,16,,10140,22,,,0,13,,10151,22,,,0,72,,10141,22,,,0,27,,10150,22,,,0,73,,10142,22,,,0,26,,10153,22,,,0,72,,10143,22,,,0,28,,10152,22,,,0,70,,10144,22,,,0,28,,10154,22,,,0,70,,10145,22,,,0,27,,10155,22,,,0,73,,10146,22,,,0,31,,10156,22,,,0,70,,10147,22,,,0
700,'5526',655,,10197,22,,,0,70,,10195,22,,,0,31,,10183,22,,,0,70,,10158,22,,,0,31,,10159,22,,,0,71,,10161,22,,,0,29,,10160,22,,,0,71,,10167,22,,,0,31,,10172,22,,,0,54,,10187,22,,,0,16,,10173,22,,,0,15,,10188,22,,,0,63,,10175,22,,,0,33,,10170,22,,,0,68,,10176,22,,,0,30,,10169,22,,,0,72,,10177,22,,,0,28,,10171,22,,,0,70,,10189,22,,,0,13,,10178,22,,,0,14,,10190,22,,,0,16,,10179,22,,,0,54,,10193,22,,,0,15,,10168,22,,,0,16,,10192,22,,,0,14,,10180,22,,,0,55,,10191,22,,,0,24,,10174,22,,,0,29,,10181,22,,,0,70,,10162,22,,,0,76,,10163,22,,,0,32,,10164,22,,,0,76,,10185,22,,,0,34,,10184,22,,,0,105,,10165,22,,,0,96,,10166,22,,,0,100,,10182,22,,,0,97,,10186,22,,,0,66,,10194,22,,,0,29,,10196,22,,,0
900,'5475',641,,10379,29,,,0,72,,10380,29,,,0,33,,10381,29,,,0,56,,10382,29,,,0,16,,10383,29,,,0,17,,10384,29,,,0,14,,10385,29,,,0,53,,10386,29,,,0,7,,10387,29,,,0,9,,10388,29,,,0,13,,10389,29,,,0,15,,10390,29,,,0,55,,10391,29,,,0,15,,10392,29,,,0,15,,10393,29,,,0,15,,10394,29,,,0,55,,10395,29,,,0,15,,10396,29,,,0,16,,10397,29,,,0,16,,10398,29,,,0,55,,10399,29,,,0,15,,10400,29,,,0,15,,10401,29,,,0,16,,10402,29,,,0,54,,10403,29,,,0,15,,10404,29,,,0,16,,10405,29,,,0,15,,10406,29,,,0,55,,10407,29,,,0,15,,10408,29,,,0,15,,10409,29,,,0,14,,10410,29,,,0,59,,10411,29,,,0,14,,10412,29,,,0,15,,10413,29,,,0,17,,10414,29,,,0,47,,10415,29,,,0,8,,10416,29,,,0,16,,10417,29,,,0,14,,10418,29,,,0,15,,10419,29,,,0,57,,10420,29,,,0,15,,10421,29,,,0,13,,10422,29,,,0,7,,10423,29,,,0,6,,10424,29,,,0,53,,10425,29,,,0,15,,10426,29,,,0,13,,10427,29,,,0,12,,10428,29,,,0,15,,10429,29,,,0,55,,10430,29,,,0,15,,10431,29,,,0,14,,10432,29,,,0,15,,10433,29,,,0,56,,10434,29,,,0,14,,10435,29,,,0,15,,10436,29,,,0,60,,10437,29,,,0,20,,10438,29,,,0,34,,10439,29,,,0,70,,10440,29,,,0,24,,10441,29,,,0,73,,10442,29,,,0,25,,10443,29,,,0,71,,10444,29,,,0,26,,10445,29,,,0,70,,10378,29,,,0
900,'5518',739,,10446,29,,,0,70,,10448,29,,,0,31,,10447,29,,,0,70,,10449,29,,,0,30,,10451,29,,,0,71,,10450,29,,,0,31,,10452,29,,,0,70,,10454,29,,,0,30,,10455,29,,,0,71,,10453,29,,,0,30,,10456,29,,,0,71,,10457,29,,,0,30,,10460,29,,,0,71,,10459,29,,,0,30,,10461,29,,,0,70,,10458,29,,,0,31,,10472,29,,,0,70,,10462,29,,,0,30,,10464,29,,,0,69,,10463,29,,,0,30,,10465,29,,,0,70,,10466,29,,,0,30,,10477,29,,,0,70,,10471,29,,,0,29,,10467,29,,,0,68,,10468,29,,,0,30,,10469,29,,,0,70,,10470,29,,,0,29,,10476,29,,,0,70,,10473,29,,,0,29,,10474,29,,,0,68,,10475,29,,,0,30,,10478,29,,,0,70,,10479,29,,,0
900,'5520',641,,10481,29,,,0,72,,10482,29,,,0,33,,10483,29,,,0,56,,10484,29,,,0,16,,10485,29,,,0,17,,10486,29,,,0,14,,10487,29,,,0,53,,10488,29,,,0,7,,10489,29,,,0,9,,10490,29,,,0,13,,10491,29,,,0,15,,10492,29,,,0,55,,10493,29,,,0,15,,10494,29,,,0,15,,10495,29,,,0,15,,10496,29,,,0,55,,10497,29,,,0,15,,10498,29,,,0,16,,10499,29,,,0,16,,10500,29,,,0,55,,10501,29,,,0,15,,10502,29,,,0,15,,10503,29,,,0,16,,10504,29,,,0,54,,10505,29,,,0,15,,10506,29,,,0,16,,10507,29,,,0,15,,10508,29,,,0,55,,10509,29,,,0,15,,10510,29,,,0,15,,10511,29,,,0,14,,10512,29,,,0,59,,10513,29,,,0,14,,10514,29,,,0,15,,10515,29,,,0,17,,10516,29,,,0,47,,10517,29,,,0,8,,10518,29,,,0,16,,10519,29,,,0,14,,10520,29,,,0,15,,10521,29,,,0,57,,10522,29,,,0,15,,10523,29,,,0,13,,10524,29,,,0,7,,10525,29,,,0,6,,10526,29,,,0,53,,10527,29,,,0,15,,10528,29,,,0,13,,10529,29,,,0,12,,10530,29,,,0,15,,10531,29,,,0,55,,10532,29,,,0,15,,10533,29,,,0,14,,10534,29,,,0,15,,10535,29,,,0,56,,10536,29,,,0,14,,10537,29,,,0,15,,10538,29,,,0,60,,10539,29,,,0,20,,10540,29,,,0,34,,10541,29,,,0,70,,10542,29,,,0,24,,10543,29,,,0,73,,10544,29,,,0,25,,10545,29,,,0,71,,10546,29,,,0,26,,10547,29,,,0,70,,10480,29,,,0
900,'5526',639,,10587,29,,,0,70,,10588,29,,,0,33,,10576,29,,,0,70,,10549,29,,,0,31,,10550,29,,,0,70,,10551,29,,,0,32,,10548,29,,,0,72,,10553,29,,,0,29,,10555,29,,,0,69,,10552,29,,,0,15,,10580,29,,,0,15,,10556,29,,,0,55,,10584,29,,,0,15,,10554,29,,,0,32,,10558,29,,,0,71,,10559,29,,,0,30,,10557,29,,,0,72,,10560,29,,,0,30,,10561,29,,,0,52,,10578,29,,,0,15,,10563,29,,,0,15,,10582,29,,,0,15,,10564,29,,,0,55,,10579,29,,,0,15,,10562,29,,,0,15,,10581,29,,,0,15,,10566,29,,,0,55,,10585,29,,,0,15,,10567,29,,,0,15,,10583,29,,,0,15,,10568,29,,,0,70,,10565,29,,,0,35,,10570,29,,,0,79,,10574,29,,,0,70,,10571,29,,,0,100,,10572,29,,,0,100,,10569,29,,,0,99,,10573,29,,,0,101,,10575,29,,,0,102,,10577,29,,,0,103,,10586,29,,,0
1000,'5475',653,,10806,2,,,0,64,,10807,2,,,0,15,,10811,2,,,0,18,,10808,2,,,0,58,,10813,2,,,0,19,,10809,2,,,0,18,,10823,2,,,0,9,,10829,2,,,0,66,,10822,2,,,0,15,,10800,2,,,0,20,,10824,2,,,0,80,,10825,2,,,0,80,,10827,2,,,0,40,,10826,2,,,0,80,,10821,2,,,0,80,,10828,2,,,0,41,,10818,2,,,0,79,,10819,2,,,0,19,,10805,2,,,0,60,,10820,2,,,0,20,,10804,2,,,0,20,,10816,2,,,0,60,,10803,2,,,0,20,,10817,2,,,0,20,,10802,2,,,0,60,,10814,2,,,0,20,,10801,2,,,0,20,,10815,2,,,0,79,,10810,2,,,0,80,,10812,2,,,0,187,,10830,2,,,0
1000,'5520',653,,10837,2,,,0,64,,10838,2,,,0,15,,10842,2,,,0,18,,10839,2,,,0,58,,10844,2,,,0,19,,10840,2,,,0,18,,10854,2,,,0,9,,10860,2,,,0,66,,10853,2,,,0,15,,10831,2,,,0,20,,10855,2,,,0,80,,10856,2,,,0,80,,10858,2,,,0,40,,10857,2,,,0,80,,10852,2,,,0,80,,10859,2,,,0,41,,10849,2,,,0,79,,10850,2,,,0,19,,10836,2,,,0,60,,10851,2,,,0,20,,10835,2,,,0,20,,10847,2,,,0,60,,10834,2,,,0,20,,10848,2,,,0,20,,10833,2,,,0,60,,10845,2,,,0,20,,10832,2,,,0,20,,10846,2,,,0,79,,10841,2,,,0,80,,10843,2,,,0,187,,10861,2,,,0
