401,'5475',619,,9669,16,,,0,26,,9673,16,,,0,87,,9671,16,,,0,72,,9675,16,,,0,30,,9672,16,,,0,70,,9676,16,,,0,30,,9697,16,,,0,70,,9670,16,,,0,30,,9679,16,,,0,70,,9680,16,,,0,32,,9678,16,,,0,70,,9677,16,,,0,30,,9686,16,,,0,70,,9698,16,,,0,30,,9685,16,,,0,70,,9674,16,,,0,30,,9695,16,,,0,70,,9684,16,,,0,21,,9699,16,,,0,10,,9694,16,,,0,70,,9691,16,,,0,12,,9700,16,,,0,18,,9682,16,,,0,70,,9681,16,,,0,29,,9690,16,,,0,69,,9683,16,,,0,28,,9692,16,,,0,97,,9693,16,,,0,97,,9688,16,,,0,98,,9687,16,,,0,100,,9689,16,,,0,117,,9696,16,,,0,16,,9701,16,,,0,149,,9702,16,,,0
401,'5518',827,,9706,16,,,0,118,,9703,16,,,0,160,,9704,16,,,0,120,,9705,16,,,0,95,,9709,16,,,0,126,,9707,16,,,0,167,,9708,16,,,0,124,,9710,16,,,0,120,,9711,16,,,0
401,'5520',619,,9712,16,,,0,26,,9716,16,,,0,87,,9714,16,,,0,72,,9718,16,,,0,30,,9715,16,,,0,70,,9719,16,,,0,30,,9740,16,,,0,70,,9713,16,,,0,30,,9722,16,,,0,70,,9723,16,,,0,32,,9721,16,,,0,70,,9720,16,,,0,30,,9729,16,,,0,70,,9741,16,,,0,30,,9728,16,,,0,70,,9717,16,,,0,30,,9738,16,,,0,70,,9727,16,,,0,21,,9742,16,,,0,10,,9737,16,,,0,70,,9734,16,,,0,12,,9743,16,,,0,18,,9725,16,,,0,70,,9724,16,,,0,29,,9733,16,,,0,69,,9726,16,,,0,28,,9735,16,,,0,97,,9736,16,,,0,97,,9731,16,,,0,98,,9730,16,,,0,100,,9732,16,,,0,117,,9739,16,,,0
401,'5526',814,,9744,16,,,0,25,,9745,16,,,0,65,,9747,16,,,0,25,,9746,16,,,0,27,,9748,16,,,0,65,,9750,16,,,0,25,,9751,16,,,0,66,,9752,16,,,0,25,,9749,16,,,0,67,,9754,16,,,0,26,,9756,16,,,0,28,,9753,16,,,0,67,,9755,16,,,0,28,,9757,16,,,0,67,,9759,16,,,0,30,,9762,16,,,0,67,,9763,16,,,0,29,,9761,16,,,0,67,,9764,16,,,0,26,,9765,16,,,0,67,,9760,16,,,0,27,,9758,16,,,0,67,,9766,16,,,0,26,,9768,16,,,0,74,,9767,16,,,0,100,,9769,16,,,0,100,,9770,16,,,0,59,,9771,16,,,0,99,,9772,16,,,0
7001,'5475',1523,,11458,14,,,0
7001,'5520',1523,,11459,14,,,0
7100,'5475',730,,11460,1,,,0
7100,'5520',730,,11461,1,,,0
7200,'5475',735,,11462,1,,,0
7200,'5520',735,,11463,1,,,0
7401,'5475',1536,,11468,11,,,0
7401,'5522',1536,,11469,11,,,0
7401,'5525',1436,,11470,11,,,0
7701,'5475',1540,,11475,14,,,0
7701,'5520',1540,,11476,14,,,0
