301,'5475',651,,9450,20,,,0,49,,9449,20,,,0,31,,9442,20,,,0,17,,9451,20,,,0,56,,9461,20,,,0,20,,9445,20,,,0,20,,9452,20,,,0,70,,9460,20,,,0,30,,9457,20,,,0,71,,9475,20,,,0,30,,9439,20,,,0,70,,9436,20,,,0,31,,9462,20,,,0,70,,9446,20,,,0,30,,9474,20,,,0,71,,9468,20,,,0,30,,9467,20,,,0,71,,9473,20,,,0,15,,9466,20,,,0,15,,9471,20,,,0,10,,9476,20,,,0,60,,9469,20,,,0,15,,9464,20,,,0,15,,9444,20,,,0,55,,9443,20,,,0,15,,9440,20,,,0,15,,9472,20,,,0,15,,9441,20,,,0,54,,9455,20,,,0,14,,9454,20,,,0,15,,9447,20,,,0,15,,9448,20,,,0,70,,9470,20,,,0,29,,9459,20,,,0,70,,9477,20,,,0,30,,9437,20,,,0,99,,9465,20,,,0,100,,9456,20,,,0,100,,9463,20,,,0,98,,9435,20,,,0,100,,9478,20,,,0
301,'5518',840,,9479,20,,,0,100,,9480,20,,,0,101,,9485,20,,,0,103,,9481,20,,,0,98,,9486,20,,,0,100,,9482,20,,,0,100,,9483,20,,,0,100,,9488,20,,,0,100,,9484,20,,,0,98,,9490,20,,,0,99,,9487,20,,,0,106,,9489,20,,,0,99,,9491,20,,,0,100,,9492,20,,,0
301,'5520',651,,9508,20,,,0,49,,9507,20,,,0,31,,9500,20,,,0,17,,9509,20,,,0,56,,9519,20,,,0,20,,9503,20,,,0,20,,9510,20,,,0,70,,9518,20,,,0,30,,9515,20,,,0,71,,9533,20,,,0,30,,9497,20,,,0,70,,9494,20,,,0,31,,9520,20,,,0,70,,9504,20,,,0,30,,9532,20,,,0,71,,9526,20,,,0,30,,9525,20,,,0,71,,9531,20,,,0,15,,9524,20,,,0,15,,9529,20,,,0,10,,9534,20,,,0,60,,9527,20,,,0,15,,9522,20,,,0,15,,9502,20,,,0,55,,9501,20,,,0,15,,9498,20,,,0,15,,9530,20,,,0,15,,9499,20,,,0,54,,9513,20,,,0,14,,9512,20,,,0,15,,9505,20,,,0,15,,9506,20,,,0,70,,9528,20,,,0,29,,9517,20,,,0,70,,9535,20,,,0,30,,9495,20,,,0,99,,9523,20,,,0,100,,9514,20,,,0,100,,9521,20,,,0,98,,9493,20,,,0
301,'5526',843,,9538,20,,,0,70,,9541,20,,,0,31,,9546,20,,,0,70,,9544,20,,,0,30,,9543,20,,,0,70,,9542,20,,,0,30,,9545,20,,,0,71,,9537,20,,,0,30,,9547,20,,,0,70,,9549,20,,,0,30,,9550,20,,,0,70,,9551,20,,,0,30,,9548,20,,,0,70,,9552,20,,,0,30,,9554,20,,,0,70,,9555,20,,,0,30,,9558,20,,,0,70,,9553,20,,,0,30,,9560,20,,,0,75,,9556,20,,,0,24,,9557,20,,,0,85,,9559,20,,,0,105,,9561,20,,,0,105,,9562,20,,,0,104,,9563,20,,,0,100,,9564,20,,,0
1400,'5475',805,,11000,17,0,7 8 2 9 2 10,0,650,,11002,17,0,9,0
1400,'5520',805,,11025,17,0,7 8 2 9 2 10,0,650,,11027,17,0,9,0
8001,'5475',1450,,11486,2,,,0
8001,'5522',1450,,11487,2,,,0
8001,'5525',1455,,11488,2,,,0
8100,'5475',756,,11489,26,,,0
8100,'5520',756,,11490,26,,,0
