1601,'5475',732,,11161,3,,,0,100,,11157,3,,,0,100,,11158,3,,,0,100,,11156,3,,,0,100,,11165,3,,,0,100,,11159,3,,,0,100,,11160,3,,,0,100,,11163,3,,,0,110,,11164,3,,,0,101,,11167,3,,,0,99,,11169,3,,,0,100,,11168,3,,,0,100,,11166,3,,,0,400,,11171,3,,,0,100,,11172,3,,,0
1601,'5518',837,,11173,3,,,0,100,,11176,3,,,0,100,,11174,3,,,0,100,,11175,3,,,0,100,,11177,3,,,0,100,,11179,3,,,0,100,,11184,3,,,0,100,,11181,3,,,0,105,,11178,3,,,0,100,,11180,3,,,0,100,,11182,3,,,0,100,,11183,3,,,0
1601,'5520',732,,11190,3,,,0,100,,11186,3,,,0,100,,11187,3,,,0,100,,11185,3,,,0,100,,11194,3,,,0,100,,11188,3,,,0,100,,11189,3,,,0,100,,11192,3,,,0,110,,11193,3,,,0,101,,11196,3,,,0,99,,11198,3,,,0,100,,11197,3,,,0,100,,11195,3,,,0
1601,'5526',818,,11201,3,,,0,114,,11200,3,,,0,95,,11202,3,,,0,110,,11204,3,,,0,95,,11205,3,,,0,100,,11203,3,,,0,100,,11207,3,,,0,100,,11208,3,,,0,105,,11206,3,,,0,95,,11209,3,,,0,100,,11210,3,,,0,100,,11211,3,,,0
1701,'5475',717,,11282,3,0,11 12,0,85,,11287,3,0,11 12,0,100,,11275,3,0,11 12,0,100,,11278,3,0,11 12,0,100,,11274,3,0,11 12,0,100,,11276,3,0,15 1 16,0,100,,11279,3,0,15 1 16,0,110,,11281,3,0,15 1 16,0,90,,11284,3,0,15 1 16,0,110,,11289,3,0,15 1 16,0,100,,11285,3,0,15 1 16,0,105,,11288,3,0,15 1 16,0,120,,11286,3,0,13 14,0,100,,11280,3,0,13 14,0,115,,11277,3,0,13 14,0,155,,11290,3,0,13 14,0,37,,11291,3,0,13 14,0,108,,11292,3,0,13 14,0
1701,'5518',812,,11293,3,0,11 12,0,100,,11294,3,0,11 12,0,115,,11295,3,0,11 12,0,95,,11296,3,0,13 14,0,200,,11298,3,0,11 12,0,210,,11297,3,0,13 14,0,100,,11300,3,0,11 12,0,100,,11299,3,0,15 1 16,0,100,,11301,3,0,13 14,0,170,,11302,3,0,13 14,0
1701,'5520',717,,11311,3,0,11 12,0,85,,11316,3,0,11 12,0,100,,11304,3,0,11 12,0,100,,11307,3,0,11 12,0,100,,11303,3,0,11 12,0,100,,11305,3,0,15 1 16,0,100,,11308,3,0,15 1 16,0,110,,11310,3,0,15 1 16,0,90,,11313,3,0,15 1 16,0,110,,11318,3,0,15 1 16,0,100,,11314,3,0,15 1 16,0,105,,11317,3,0,15 1 16,0,120,,11315,3,0,13 14,0,100,,11309,3,0,13 14,0,115,,11306,3,0,13 14,0,155,,11319,3,0,13 14,0
1701,'5526',712,,11324,3,0,11 12,0,100,,11321,3,0,11 12,0,90,,11320,3,0,11 12,0,130,,11322,3,0,11 12,0,170,,11325,3,0,15 1 16,0,100,,11326,3,0,15 1 16,0,130,,11323,3,0,15 1 16,0,170,,11327,3,0,15 1 16,0,105,,11328,3,0,15 1 16,0,100,,11330,3,0,13 14,0,105,,11331,3,0,13 14,0,105,,11332,3,0,13 14,0,110,,11329,3,0,13 14,0,120,,11333,3,0,13 14,0
1800,'5475',535,,11334,2,,,0,101,,11335,2,,,0,101,,11336,2,,,0,102,,11337,2,,,0,100,,11338,2,,,0,101,,11339,2,,,0,101,,11340,2,,,0,103,,11341,2,,,0,90,,11342,2,,,0,102,,11343,2,,,0,105,,11344,2,,,0,105,,11345,2,,,0,102,,11346,2,,,0,100,,11347,2,,,0,101,,11348,2,,,0,101,,11349,2,,,0,101,,11350,2,,,0
1800,'5518',737,,11354,2,,,0,101,,11352,2,,,0,101,,11351,2,,,0,101,,11353,2,,,0,101,,11357,2,,,0,103,,11358,2,,,0,91,,11356,2,,,0,101,,11362,2,,,0,105,,11363,2,,,0,105,,11355,2,,,0,101,,11360,2,,,0,101,,11359,2,,,0,101,,11361,2,,,0
1800,'5520',535,,11364,2,,,0,101,,11365,2,,,0,101,,11366,2,,,0,102,,11367,2,,,0,100,,11368,2,,,0,101,,11369,2,,,0,101,,11370,2,,,0,103,,11371,2,,,0,90,,11372,2,,,0,102,,11373,2,,,0,105,,11374,2,,,0,105,,11375,2,,,0,102,,11376,2,,,0,100,,11377,2,,,0,101,,11378,2,,,0,101,,11379,2,,,0,101,,11380,2,,,0
1800,'5526',737,,11381,2,,,0,101,,11382,2,,,0,101,,11383,2,,,0,101,,11384,2,,,0,101,,11385,2,,,0,103,,11386,2,,,0,91,,11387,2,,,0,101,,11388,2,,,0,105,,11389,2,,,0,105,,11390,2,,,0,101,,11391,2,,,0,101,,11392,2,,,0,101,,11393,2,,,0,101,,11394,2,,,0,101,,11395,2,,,0
