601,'5475',708,,9953,12,,,0,101,,9954,12,,,0,104,,9955,12,,,0,95,,9957,12,,,0,25,,9956,12,,,0,75,,9958,12,,,0,120,,9959,12,,,0,80,,9960,12,,,0,100,,9961,12,,,0,104,,9962,14,,,0,37,,9963,12,,,0,80,,9964,12,,,0,16,,9965,12,,,0,76,,9968,12,,,0,27,,9966,12,,,0,69,,9967,12,,,0,100,,9969,12,,,0,234,,9970,12,,,0,275,,9971,12,,,0
601,'5518',812,,9972,12,,,0,120,,9973,12,,,0,95,,9976,12,,,0,110,,9975,12,,,0,100,,9974,12,,,0,100,,9979,12,,,0,100,,9977,12,,,0,100,,9978,12,,,0,105,,9980,12,,,0,95,,9981,12,,,0,105,,9983,12,,,0,100,,9982,12,,,0
601,'5520',708,,9984,12,,,0,101,,9985,12,,,0,104,,9986,12,,,0,95,,9988,12,,,0,25,,9987,12,,,0,75,,9989,12,,,0,120,,9990,12,,,0,80,,9991,12,,,0,100,,9992,12,,,0,104,,9993,14,,,0,37,,9994,12,,,0,80,,9995,12,,,0,16,,9996,12,,,0,76,,9999,12,,,0,27,,9997,12,,,0,69,,9998,12,,,0,100,,10000,12,,,0,234,,10001,12,,,0
601,'5526',807,,10003,12,,,0,105,,10004,12,,,0,95,,10006,12,,,0,100,,10007,12,,,0,100,,10002,12,,,0,100,,10005,12,,,0,100,,10008,12,,,0,100,,10009,12,,,0,30,,10011,12,,,0,70,,10013,12,,,0,30,,10017,12,,,0,70,,10014,12,,,0,30,,10016,12,,,0,70,,10012,12,,,0,145,,10010,12,,,0,164,,10015,12,,,0
7200,'5475',805,,11462,36,4,,0
7200,'5520',805,,11463,36,4,,0
7300,'5475',802,,11464,29,4,,0
7300,'5520',802,,11465,29,4,,0
7601,'5475',1508,,11473,1,,,0
7601,'5520',1508,,11474,1,,,0
7801,'5475',820,,11477,5,4,,0,10,,11478,5,4,,0
7801,'5520',820,,11479,5,4,,0,10,,11480,5,4,,0
