601,'5475',720,,9953,28,,,0,104,,9954,28,,,0,101,,9955,28,,,0,96,,9957,28,,,0,25,,9956,28,,,0,75,,9958,28,,,0,120,,9959,28,,,0,80,,9960,28,,,0,100,,9961,28,,,0,101,,9962,28,,,0,80,,9963,28,,,0,41,,9964,28,,,0,16,,9965,28,,,0,75,,9968,28,,,0,66,,9966,28,,,0,28,,9967,28,,,0,100,,9969,28,,,0,272,,9970,26,,,0,237,,9971,28,,,0
601,'5518',820,,9972,26,,,0,120,,9973,26,,,0,95,,9976,26,,,0,113,,9975,28,,,0,100,,9974,28,,,0,100,,9979,28,,,0,100,,9977,28,,,0,100,,9978,28,,,0,105,,9980,28,,,0,92,,9981,26,,,0,105,,9983,26,,,0,100,,9982,26,,,0
601,'5520',720,,9984,28,,,0,104,,9985,28,,,0,101,,9986,28,,,0,96,,9988,28,,,0,25,,9987,28,,,0,75,,9989,28,,,0,120,,9990,28,,,0,80,,9991,28,,,0,100,,9992,28,,,0,101,,9993,28,,,0,80,,9994,28,,,0,41,,9995,28,,,0,16,,9996,28,,,0,75,,9999,28,,,0,66,,9997,28,,,0,28,,9998,28,,,0,100,,10000,28,,,0,272,,10001,26,,,0
601,'5526',818,,10003,28,,,0,105,,10004,28,,,0,96,,10006,28,,,0,100,,10007,28,,,0,100,,10002,28,,,0,100,,10005,28,,,0,99,,10008,28,,,0,100,,10009,28,,,0,30,,10011,28,,,0,70,,10013,28,,,0,30,,10017,28,,,0,70,,10014,28,,,0,30,,10016,28,,,0,70,,10012,28,,,0,185,,10010,28,,,0,121,,10015,26,,,0
700,'5475',638,,10018,34,,,0,76,,10020,34,,,0,30,,10022,34,,,0,57,,10024,34,,,0,38,,10026,34,,,0,69,,10028,34,,,0,26,,10030,34,,,0,70,,10032,34,,,0,31,,10033,34,,,0,70,,10034,34,,,0,103,,10036,34,,,0,101,,10038,34,,,0,100,,10040,34,,,0,104,,10042,34,,,0,43,,10045,34,,,0,70,,10047,34,,,0,30,,10052,34,,,0,70,,10053,34,,,0,29,,10054,34,,,0,68,,10055,34,,,0,26,,10056,34,,,0,85,,10057,34,,,0,100,,10058,34,,,0,98,,10059,34,,,0,97,,10060,34,,,0,98,,10061,34,,,0,98,,10062,34,,,0,101,,10063,34,,,0,96,,10074,34,,,0
700,'5518',818,,10076,34,,,0,197,,10078,34,,,0,130,,10082,34,,,0,102,,10083,34,,,0,101,,10084,34,,,0,100,,10086,34,,,0,101,,10085,34,,,0,101,,10089,34,,,0,99,,10091,34,,,0,96,,10092,34,,,0,169,,10094,34,,,0,202,,10097,34,,,0,194,,10101,34,,,0
700,'5520',638,,10102,34,,,0,76,,10104,34,,,0,30,,10106,34,,,0,57,,10108,34,,,0,38,,10110,34,,,0,69,,10112,34,,,0,26,,10114,34,,,0,70,,10116,34,,,0,31,,10117,34,,,0,70,,10118,34,,,0,103,,10120,34,,,0,101,,10122,34,,,0,100,,10124,34,,,0,104,,10126,34,,,0,43,,10129,34,,,0,70,,10131,34,,,0,30,,10136,34,,,0,70,,10137,34,,,0,29,,10138,34,,,0,68,,10139,34,,,0,26,,10140,34,,,0,85,,10141,34,,,0,100,,10142,34,,,0,98,,10143,34,,,0,97,,10144,34,,,0,98,,10145,34,,,0,98,,10146,34,,,0,101,,10147,34,,,0
700,'5526',706,,10197,34,,,0,101,,10183,34,,,0,132,,10161,34,,,0,171,,10172,34,,,0,30,,10173,34,,,0,113,,10170,34,,,0,170,,10177,34,,,0,98,,10189,34,,,0,83,,10179,34,,,0,45,,10192,34,,,0,93,,10174,34,,,0,175,,10163,34,,,0,108,,10185,34,,,0,233,,10166,34,,,0,263,,10194,34,,,0
900,'5475',650,,10379,34,,,0,73,,10380,34,,,0,34,,10381,34,,,0,58,,10382,34,,,0,17,,10383,34,,,0,15,,10384,34,,,0,53,,10385,34,,,0,11,,10386,34,,,0,7,,10387,34,,,0,9,,10388,34,,,0,14,,10389,34,,,0,15,,10390,34,,,0,55,,10391,34,,,0,15,,10392,34,,,0,15,,10393,34,,,0,16,,10394,34,,,0,55,,10395,34,,,0,16,,10396,34,,,0,16,,10397,34,,,0,56,,10398,34,,,0,14,,10399,34,,,0,15,,10400,34,,,0,15,,10401,34,,,0,56,,10402,34,,,0,14,,10403,34,,,0,15,,10404,34,,,0,16,,10405,34,,,0,55,,10406,34,,,0,15,,10407,34,,,0,16,,10408,34,,,0,16,,10409,34,,,0,54,,10410,34,,,0,19,,10411,34,,,0,14,,10412,34,,,0,15,,10413,34,,,0,57,,10414,34,,,0,6,,10415,34,,,0,8,,10416,34,,,0,16,,10417,34,,,0,14,,10418,34,,,0,55,,10419,34,,,0,17,,10420,34,,,0,15,,10421,34,,,0,11,,10422,34,,,0,7,,10423,34,,,0,46,,10424,34,,,0,13,,10425,34,,,0,15,,10426,34,,,0,13,,10427,34,,,0,12,,10428,34,,,0,55,,10429,34,,,0,15,,10430,34,,,0,15,,10431,34,,,0,14,,10432,34,,,0,55,,10433,34,,,0,15,,10434,34,,,0,14,,10435,34,,,0,15,,10436,34,,,0,60,,10437,34,,,0,20,,10438,34,,,0,73,,10439,34,,,0,30,,10440,34,,,0,24,,10441,34,,,0,73,,10442,34,,,0,25,,10443,34,,,0,71,,10444,34,,,0,26,,10445,34,,,0,70,,10378,34,,,0
900,'5518',748,,10446,34,,,0,70,,10448,34,,,0,31,,10447,34,,,0,70,,10449,34,,,0,30,,10451,34,,,0,71,,10450,34,,,0,31,,10452,34,,,0,70,,10454,34,,,0,30,,10455,34,,,0,71,,10453,34,,,0,31,,10456,34,,,0,71,,10457,34,,,0,30,,10460,34,,,0,71,,10459,34,,,0,30,,10461,34,,,0,70,,10458,34,,,0,31,,10472,34,,,0,70,,10462,34,,,0,30,,10464,34,,,0,69,,10463,34,,,0,30,,10465,34,,,0,68,,10466,34,,,0,30,,10477,34,,,0,70,,10471,34,,,0,29,,10467,34,,,0,68,,10468,34,,,0,30,,10469,34,,,0,70,,10470,34,,,0,29,,10476,34,,,0,70,,10473,34,,,0,29,,10474,34,,,0,68,,10475,34,,,0,30,,10478,34,,,0,70,,10479,34,,,0
900,'5520',650,,10481,34,,,0,73,,10482,34,,,0,34,,10483,34,,,0,58,,10484,34,,,0,17,,10485,34,,,0,15,,10486,34,,,0,53,,10487,34,,,0,11,,10488,34,,,0,7,,10489,34,,,0,9,,10490,34,,,0,14,,10491,34,,,0,15,,10492,34,,,0,55,,10493,34,,,0,15,,10494,34,,,0,15,,10495,34,,,0,16,,10496,34,,,0,55,,10497,34,,,0,16,,10498,34,,,0,16,,10499,34,,,0,56,,10500,34,,,0,14,,10501,34,,,0,15,,10502,34,,,0,15,,10503,34,,,0,56,,10504,34,,,0,14,,10505,34,,,0,15,,10506,34,,,0,16,,10507,34,,,0,55,,10508,34,,,0,15,,10509,34,,,0,16,,10510,34,,,0,16,,10511,34,,,0,54,,10512,34,,,0,19,,10513,34,,,0,14,,10514,34,,,0,15,,10515,34,,,0,57,,10516,34,,,0,6,,10517,34,,,0,8,,10518,34,,,0,16,,10519,34,,,0,14,,10520,34,,,0,55,,10521,34,,,0,17,,10522,34,,,0,15,,10523,34,,,0,11,,10524,34,,,0,7,,10525,34,,,0,46,,10526,34,,,0,13,,10527,34,,,0,15,,10528,34,,,0,13,,10529,34,,,0,12,,10530,34,,,0,55,,10531,34,,,0,15,,10532,34,,,0,15,,10533,34,,,0,14,,10534,34,,,0,55,,10535,34,,,0,15,,10536,34,,,0,14,,10537,34,,,0,15,,10538,34,,,0,60,,10539,34,,,0,20,,10540,34,,,0,73,,10541,34,,,0,30,,10542,34,,,0,24,,10543,34,,,0,73,,10544,34,,,0,25,,10545,34,,,0,71,,10546,34,,,0,26,,10547,34,,,0,70,,10480,34,,,0
900,'5526',647,,10587,34,,,0,70,,10588,34,,,0,33,,10576,34,,,0,70,,10549,34,,,0,33,,10550,34,,,0,70,,10551,34,,,0,32,,10548,34,,,0,72,,10553,34,,,0,29,,10555,34,,,0,69,,10552,34,,,0,15,,10580,34,,,0,15,,10556,34,,,0,55,,10584,34,,,0,15,,10554,34,,,0,32,,10558,34,,,0,71,,10559,34,,,0,30,,10557,34,,,0,72,,10560,34,,,0,70,,10561,34,,,0,12,,10578,34,,,0,15,,10563,34,,,0,15,,10582,34,,,0,15,,10564,34,,,0,55,,10579,34,,,0,15,,10562,34,,,0,15,,10581,34,,,0,15,,10566,34,,,0,55,,10585,34,,,0,15,,10567,34,,,0,15,,10583,34,,,0,15,,10568,34,,,0,70,,10565,34,,,0,75,,10570,34,,,0,39,,10574,34,,,0,70,,10571,34,,,0,100,,10572,34,,,0,100,,10569,34,,,0,97,,10573,34,,,0,101,,10575,34,,,0,102,,10577,34,,,0,103,,10586,34,,,0
