601,'5475',702,,9953,3,,,0,100,,9954,3,,,0,105,,9955,3,,,0,95,,9957,3,,,0,25,,9956,3,,,0,75,,9958,3,,,0,120,,9959,3,,,0,80,,9960,3,,,0,100,,9961,3,,,0,101,,9962,3,,,0,39,,9963,3,,,0,80,,9964,3,,,0,16,,9965,3,,,0,77,,9968,3,,,0,27,,9966,3,,,0,70,,9967,3,,,0,100,,9969,3,,,0,235,,9970,3,,,0,275,,9971,3,,,0
601,'5518',807,,9972,3,,,0,120,,9973,3,,,0,95,,9976,3,,,0,110,,9975,3,,,0,100,,9974,3,,,0,100,,9979,3,,,0,100,,9977,3,,,0,100,,9978,3,,,0,105,,9980,3,,,0,95,,9981,3,,,0,105,,9983,3,,,0,100,,9982,3,,,0
601,'5520',702,,9984,3,,,0,100,,9985,3,,,0,105,,9986,3,,,0,95,,9988,3,,,0,25,,9987,3,,,0,75,,9989,3,,,0,120,,9990,3,,,0,80,,9991,3,,,0,100,,9992,3,,,0,101,,9993,3,,,0,39,,9994,3,,,0,80,,9995,3,,,0,16,,9996,3,,,0,77,,9999,3,,,0,27,,9997,3,,,0,70,,9998,3,,,0,100,,10000,3,,,0,235,,10001,3,,,0
601,'5526',802,,10003,3,,,0,105,,10004,3,,,0,95,,10006,3,,,0,100,,10007,3,,,0,100,,10002,3,,,0,100,,10005,3,,,0,100,,10008,3,,,0,100,,10009,3,,,0,30,,10011,3,,,0,70,,10013,3,,,0,30,,10017,3,,,0,70,,10014,3,,,0,30,,10016,3,,,0,70,,10012,3,,,0,146,,10010,3,,,0,164,,10015,3,,,0
901,'5475',602,,10589,3,,,0,30,,10590,3,,,0,70,,10591,3,,,0,15,,10592,3,,,0,15,,10593,3,,,0,15,,10594,3,,,0,55,,10595,3,,,0,15,,10596,3,,,0,7,,10597,3,,,0,10,,10598,3,,,0,13,,10599,3,,,0,55,,10600,3,,,0,15,,10601,3,,,0,15,,10602,3,,,0,15,,10603,3,,,0,55,,10604,3,,,0,15,,10605,3,,,0,15,,10606,3,,,0,15,,10607,3,,,0,56,,10608,3,,,0,15,,10609,3,,,0,15,,10610,3,,,0,15,,10611,3,,,0,55,,10612,3,,,0,15,,10613,3,,,0,14,,10614,3,,,0,16,,10615,3,,,0,55,,10616,3,,,0,15,,10617,3,,,0,15,,10618,3,,,0,15,,10619,3,,,0,54,,10620,3,,,0,16,,10621,3,,,0,14,,10622,3,,,0,15,,10623,3,,,0,56,,10624,3,,,0,7,,10625,3,,,0,8,,10626,3,,,0,15,,10627,3,,,0,14,,10628,3,,,0,55,,10629,3,,,0,16,,10630,3,,,0,15,,10631,3,,,0,15,,10632,3,,,0,8,,10633,3,,,0,47,,10634,3,,,0,14,,10635,3,,,0,15,,10636,3,,,0,15,,10637,3,,,0,55,,10638,3,,,0,15,,10639,3,,,0,15,,10640,3,,,0,15,,10641,3,,,0,54,,10642,3,,,0,15,,10643,3,,,0,16,,10644,3,,,0,15,,10645,3,,,0,55,,10646,3,,,0,20,,10647,3,,,0,20,,10648,3,,,0,74,,10649,3,,,0,30,,10650,3,,,0,67,,10651,3,,,0,33,,10652,3,,,0,67,,10653,3,,,0,33,,10654,3,,,0,68,,10655,3,,,0,30,,10656,3,,,0
901,'5518',702,,10657,3,,,0,30,,10660,3,,,0,70,,10658,3,,,0,30,,10659,3,,,0,70,,10664,3,,,0,30,,10661,3,,,0,70,,10663,3,,,0,30,,10662,3,,,0,70,,10667,3,,,0,30,,10665,3,,,0,70,,10666,3,,,0,30,,10671,3,,,0,70,,10669,3,,,0,30,,10672,3,,,0,70,,10668,3,,,0,30,,10670,3,,,0,70,,10684,3,,,0,30,,10674,3,,,0,70,,10675,3,,,0,30,,10673,3,,,0,70,,10676,3,,,0,30,,10677,3,,,0,70,,10689,3,,,0,30,,10681,3,,,0,70,,10678,3,,,0,30,,10680,3,,,0,70,,10679,3,,,0,30,,10682,3,,,0,70,,10688,3,,,0,30,,10683,3,,,0,70,,10685,3,,,0,30,,10686,3,,,0,70,,10687,3,,,0,30,,10690,3,,,0
901,'5520',602,,10691,3,,,0,30,,10692,3,,,0,70,,10693,3,,,0,15,,10694,3,,,0,15,,10695,3,,,0,15,,10696,3,,,0,55,,10697,3,,,0,15,,10698,3,,,0,7,,10699,3,,,0,10,,10700,3,,,0,13,,10701,3,,,0,55,,10702,3,,,0,15,,10703,3,,,0,15,,10704,3,,,0,15,,10705,3,,,0,55,,10706,3,,,0,15,,10707,3,,,0,15,,10708,3,,,0,15,,10709,3,,,0,56,,10710,3,,,0,15,,10711,3,,,0,15,,10712,3,,,0,15,,10713,3,,,0,55,,10714,3,,,0,15,,10715,3,,,0,14,,10716,3,,,0,16,,10717,3,,,0,55,,10718,3,,,0,15,,10719,3,,,0,15,,10720,3,,,0,15,,10721,3,,,0,54,,10722,3,,,0,16,,10723,3,,,0,14,,10724,3,,,0,15,,10725,3,,,0,56,,10726,3,,,0,7,,10727,3,,,0,8,,10728,3,,,0,15,,10729,3,,,0,14,,10730,3,,,0,55,,10731,3,,,0,16,,10732,3,,,0,15,,10733,3,,,0,15,,10734,3,,,0,8,,10735,3,,,0,47,,10736,3,,,0,14,,10737,3,,,0,15,,10738,3,,,0,15,,10739,3,,,0,55,,10740,3,,,0,15,,10741,3,,,0,15,,10742,3,,,0,15,,10743,3,,,0,54,,10744,3,,,0,15,,10745,3,,,0,16,,10746,3,,,0,15,,10747,3,,,0,55,,10748,3,,,0,20,,10749,3,,,0,20,,10750,3,,,0,74,,10751,3,,,0,30,,10752,3,,,0,67,,10753,3,,,0,33,,10754,3,,,0,67,,10755,3,,,0,33,,10756,3,,,0,68,,10757,3,,,0,30,,10758,3,,,0
901,'5526',602,,10797,3,,,0,30,,10798,3,,,0,70,,10785,3,,,0,30,,10781,3,,,0,70,,10759,3,,,0,30,,10763,3,,,0,70,,10761,3,,,0,30,,10760,3,,,0,70,,10762,3,,,0,30,,10764,3,,,0,15,,10791,3,,,0,55,,10765,3,,,0,15,,10789,3,,,0,15,,10767,3,,,0,70,,10768,3,,,0,30,,10769,3,,,0,70,,10766,3,,,0,30,,10770,3,,,0,70,,10771,3,,,0,15,,10796,3,,,0,15,,10773,3,,,0,15,,10793,3,,,0,55,,10775,3,,,0,15,,10795,3,,,0,15,,10777,3,,,0,15,,10790,3,,,0,55,,10778,3,,,0,15,,10792,3,,,0,15,,10774,3,,,0,15,,10794,3,,,0,55,,10772,3,,,0,30,,10776,3,,,0,75,,10779,3,,,0,40,,10787,3,,,0,70,,10782,3,,,0,100,,10783,3,,,0,100,,10784,3,,,0,100,,10780,3,,,0,105,,10786,3,,,0,105,,10788,3,,,0,105,,10799,3,,,0
7801,'5475',813,,11477,3,,,0,10,,11478,3,,,0
7801,'5520',813,,11479,3,,,0,10,,11480,3,,,0
