400,'5475',640,,9565,20,,,0,66,,9570,20,,,0,49,,9567,20,,,0,74,,9572,20,,,0,28,,9569,20,,,0,68,,9575,20,,,0,30,,9568,20,,,0,70,,9566,20,,,0,32,,9576,20,,,0,70,,9581,20,,,0,32,,9578,20,,,0,70,,9571,20,,,0,30,,9583,20,,,0,70,,9592,20,,,0,71,,9582,20,,,0,30,,9594,20,,,0,70,,9573,20,,,0,30,,9593,20,,,0,22,,9595,20,,,0,50,,9590,20,,,0,30,,9579,20,,,0,12,,9596,20,,,0,58,,9580,20,,,0,29,,9577,20,,,0,28,,9587,20,,,0,69,,9574,20,,,0,28,,9588,20,,,0,96,,9589,20,,,0,96,,9585,20,,,0,97,,9584,20,,,0,100,,9586,20,,,0,157,,9591,20,,,0,16,,9597,20,,,0,109,,9598,20,,,0
400,'5518',848,,9601,20,,,0,159,,9602,20,,,0,120,,9599,20,,,0,121,,9600,20,,,0,95,,9606,20,,,0,166,,9604,20,,,0,127,,9605,20,,,0,123,,9603,20,,,0,160,,9607,20,,,0
400,'5520',640,,9608,20,,,0,66,,9613,20,,,0,49,,9610,20,,,0,74,,9615,20,,,0,28,,9612,20,,,0,68,,9618,20,,,0,30,,9611,20,,,0,70,,9609,20,,,0,32,,9619,20,,,0,70,,9624,20,,,0,32,,9621,20,,,0,70,,9614,20,,,0,30,,9626,20,,,0,70,,9635,20,,,0,71,,9625,20,,,0,30,,9637,20,,,0,70,,9616,20,,,0,30,,9636,20,,,0,22,,9638,20,,,0,50,,9633,20,,,0,30,,9622,20,,,0,12,,9639,20,,,0,58,,9623,20,,,0,29,,9620,20,,,0,28,,9630,20,,,0,69,,9617,20,,,0,28,,9631,20,,,0,96,,9632,20,,,0,96,,9628,20,,,0,97,,9627,20,,,0,100,,9629,20,,,0,157,,9634,20,,,0
400,'5526',834,,9641,20,,,0,25,,9642,20,,,0,65,,9640,20,,,0,25,,9643,20,,,0,67,,9644,20,,,0,26,,9645,20,,,0,65,,9646,20,,,0,26,,9647,20,,,0,26,,9648,20,,,0,67,,9649,20,,,0,27,,9650,20,,,0,68,,9651,20,,,0,27,,9652,20,,,0,68,,9653,20,,,0,27,,9656,20,,,0,69,,9658,20,,,0,27,,9654,20,,,0,69,,9660,20,,,0,27,,9655,20,,,0,66,,9657,20,,,0,27,,9659,20,,,0,27,,9661,20,,,0,67,,9662,20,,,0,25,,9663,20,,,0,74,,9665,20,,,0,99,,9664,20,,,0,100,,9666,20,,,0,99,,9667,20,,,0,99,,9668,20,,,0
900,'5475',635,,10379,23,,,0,72,,10380,23,,,0,33,,10381,23,,,0,16,,10382,23,,,0,56,,10383,23,,,0,17,,10384,23,,,0,14,,10385,23,,,0,13,,10386,23,,,0,47,,10387,23,,,0,9,,10388,23,,,0,13,,10389,23,,,0,15,,10390,23,,,0,15,,10391,23,,,0,55,,10392,23,,,0,15,,10393,23,,,0,15,,10394,23,,,0,15,,10395,23,,,0,55,,10396,23,,,0,16,,10397,23,,,0,16,,10398,23,,,0,15,,10399,23,,,0,55,,10400,23,,,0,15,,10401,23,,,0,15,,10402,23,,,0,14,,10403,23,,,0,55,,10404,23,,,0,16,,10405,23,,,0,15,,10406,23,,,0,15,,10407,23,,,0,55,,10408,23,,,0,15,,10409,23,,,0,14,,10410,23,,,0,18,,10411,23,,,0,54,,10412,23,,,0,15,,10413,23,,,0,17,,10414,23,,,0,7,,10415,23,,,0,48,,10416,23,,,0,16,,10417,23,,,0,14,,10418,23,,,0,15,,10419,23,,,0,57,,10420,23,,,0,15,,10421,23,,,0,14,,10422,23,,,0,7,,10423,23,,,0,6,,10424,23,,,0,14,,10425,23,,,0,55,,10426,23,,,0,13,,10427,23,,,0,12,,10428,23,,,0,15,,10429,23,,,0,55,,10430,23,,,0,15,,10431,23,,,0,14,,10432,23,,,0,15,,10433,23,,,0,56,,10434,23,,,0,14,,10435,23,,,0,15,,10436,23,,,0,20,,10437,23,,,0,60,,10438,23,,,0,34,,10439,23,,,0,70,,10440,23,,,0,25,,10441,23,,,0,73,,10442,23,,,0,25,,10443,23,,,0,71,,10444,23,,,0,26,,10445,23,,,0,70,,10378,23,,,0
900,'5518',734,,10446,23,,,0,70,,10448,23,,,0,31,,10447,23,,,0,70,,10449,23,,,0,30,,10451,23,,,0,71,,10450,23,,,0,30,,10452,23,,,0,70,,10454,23,,,0,30,,10455,23,,,0,71,,10453,23,,,0,30,,10456,23,,,0,71,,10457,23,,,0,30,,10460,23,,,0,70,,10459,23,,,0,30,,10461,23,,,0,70,,10458,23,,,0,31,,10472,23,,,0,70,,10462,23,,,0,30,,10464,23,,,0,69,,10463,23,,,0,30,,10465,23,,,0,70,,10466,23,,,0,30,,10477,23,,,0,70,,10471,23,,,0,30,,10467,23,,,0,68,,10468,23,,,0,30,,10469,23,,,0,70,,10470,23,,,0,30,,10476,23,,,0,70,,10473,23,,,0,29,,10474,23,,,0,68,,10475,23,,,0,30,,10478,23,,,0,70,,10479,23,,,0
900,'5520',635,,10481,23,,,0,72,,10482,23,,,0,33,,10483,23,,,0,16,,10484,23,,,0,56,,10485,23,,,0,17,,10486,23,,,0,14,,10487,23,,,0,13,,10488,23,,,0,47,,10489,23,,,0,9,,10490,23,,,0,13,,10491,23,,,0,15,,10492,23,,,0,15,,10493,23,,,0,55,,10494,23,,,0,15,,10495,23,,,0,15,,10496,23,,,0,15,,10497,23,,,0,55,,10498,23,,,0,16,,10499,23,,,0,16,,10500,23,,,0,15,,10501,23,,,0,55,,10502,23,,,0,15,,10503,23,,,0,15,,10504,23,,,0,14,,10505,23,,,0,55,,10506,23,,,0,16,,10507,23,,,0,15,,10508,23,,,0,15,,10509,23,,,0,55,,10510,23,,,0,15,,10511,23,,,0,14,,10512,23,,,0,18,,10513,23,,,0,54,,10514,23,,,0,15,,10515,23,,,0,17,,10516,23,,,0,7,,10517,23,,,0,48,,10518,23,,,0,16,,10519,23,,,0,14,,10520,23,,,0,15,,10521,23,,,0,57,,10522,23,,,0,15,,10523,23,,,0,14,,10524,23,,,0,7,,10525,23,,,0,6,,10526,23,,,0,14,,10527,23,,,0,55,,10528,23,,,0,13,,10529,23,,,0,12,,10530,23,,,0,15,,10531,23,,,0,55,,10532,23,,,0,15,,10533,23,,,0,14,,10534,23,,,0,15,,10535,23,,,0,56,,10536,23,,,0,14,,10537,23,,,0,15,,10538,23,,,0,20,,10539,23,,,0,60,,10540,23,,,0,34,,10541,23,,,0,70,,10542,23,,,0,25,,10543,23,,,0,73,,10544,23,,,0,25,,10545,23,,,0,71,,10546,23,,,0,26,,10547,23,,,0,70,,10480,23,,,0
900,'5526',633,,10587,23,,,0,70,,10588,23,,,0,33,,10576,23,,,0,70,,10549,23,,,0,31,,10550,23,,,0,70,,10551,23,,,0,32,,10548,23,,,0,72,,10553,23,,,0,29,,10555,23,,,0,69,,10552,23,,,0,15,,10580,23,,,0,15,,10556,23,,,0,15,,10584,23,,,0,55,,10554,23,,,0,32,,10558,23,,,0,71,,10559,23,,,0,30,,10557,23,,,0,72,,10560,23,,,0,30,,10561,23,,,0,12,,10578,23,,,0,55,,10563,23,,,0,15,,10582,23,,,0,15,,10564,23,,,0,15,,10579,23,,,0,55,,10562,23,,,0,15,,10581,23,,,0,15,,10566,23,,,0,15,,10585,23,,,0,55,,10567,23,,,0,15,,10583,23,,,0,15,,10568,23,,,0,70,,10565,23,,,0,35,,10570,23,,,0,79,,10574,23,,,0,30,,10571,23,,,0,100,,10572,23,,,0,100,,10569,23,,,0,99,,10573,23,,,0,102,,10575,23,,,0,102,,10577,23,,,0,143,,10586,23,,,0
7200,'5475',755,,11462,25,,,0
7200,'5520',755,,11463,25,,,0
