301,'5475',619,,9458,9,,,0,22,,9453,9,,,0,60,,9450,35,,,0,9,,9449,35,,,0,15,,9438,9,,,0,18,,9442,35,,,0,57,,9451,35,,,0,16,,9461,35,,,0,20,,9445,35,,,0,19,,9452,35,,,0,70,,9460,35,,,0,30,,9457,35,,,0,71,,9475,35,,,0,30,,9439,35,,,0,70,,9436,35,,,0,31,,9462,35,,,0,70,,9446,35,,,0,30,,9474,35,,,0,71,,9468,35,,,0,30,,9467,35,,,0,72,,9473,35,,,0,15,,9466,35,,,0,55,,9471,35,,,0,10,,9476,35,,,0,20,,9469,35,,,0,14,,9464,35,,,0,15,,9444,35,,,0,55,,9443,35,,,0,15,,9440,35,,,0,15,,9472,35,,,0,15,,9441,35,,,0,54,,9455,35,,,0,14,,9454,35,,,0,15,,9447,35,,,0,15,,9448,35,,,0,69,,9470,35,,,0,29,,9459,35,,,0,70,,9477,35,,,0,30,,9437,35,,,0,99,,9465,35,,,0,99,,9456,35,,,0,100,,9463,35,,,0,97,,9435,35,,,0,100,,9478,35,,,0
301,'5518',848,,9479,35,,,0,100,,9480,35,,,0,101,,9485,35,,,0,103,,9481,35,,,0,100,,9486,35,,,0,100,,9482,35,,,0,100,,9483,35,,,0,100,,9488,35,,,0,100,,9484,35,,,0,98,,9490,35,,,0,98,,9487,35,,,0,106,,9489,35,,,0,99,,9491,35,,,0,100,,9492,35,,,0
301,'5520',619,,9516,9,,,0,22,,9511,9,,,0,60,,9508,35,,,0,9,,9507,35,,,0,15,,9496,9,,,0,18,,9500,35,,,0,57,,9509,35,,,0,16,,9519,35,,,0,20,,9503,35,,,0,19,,9510,35,,,0,70,,9518,35,,,0,30,,9515,35,,,0,71,,9533,35,,,0,30,,9497,35,,,0,70,,9494,35,,,0,31,,9520,35,,,0,70,,9504,35,,,0,30,,9532,35,,,0,71,,9526,35,,,0,30,,9525,35,,,0,72,,9531,35,,,0,15,,9524,35,,,0,55,,9529,35,,,0,10,,9534,35,,,0,20,,9527,35,,,0,14,,9522,35,,,0,15,,9502,35,,,0,55,,9501,35,,,0,15,,9498,35,,,0,15,,9530,35,,,0,15,,9499,35,,,0,54,,9513,35,,,0,14,,9512,35,,,0,15,,9505,35,,,0,15,,9506,35,,,0,69,,9528,35,,,0,29,,9517,35,,,0,70,,9535,35,,,0,30,,9495,35,,,0,99,,9523,35,,,0,99,,9514,35,,,0,100,,9521,35,,,0,97,,9493,35,,,0
301,'5526',710,,9539,9,,,0,30,,9536,9,,,0,76,,9540,9,,,0,36,,9538,35,,,0,70,,9541,35,,,0,31,,9546,35,,,0,70,,9544,35,,,0,30,,9543,35,,,0,70,,9542,35,,,0,30,,9545,35,,,0,71,,9537,35,,,0,30,,9547,35,,,0,70,,9549,35,,,0,30,,9550,35,,,0,70,,9551,35,,,0,31,,9548,35,,,0,70,,9552,35,,,0,30,,9554,35,,,0,70,,9555,35,,,0,30,,9558,35,,,0,70,,9553,35,,,0,30,,9560,35,,,0,75,,9556,35,,,0,24,,9557,35,,,0,85,,9559,35,,,0,105,,9561,35,,,0,105,,9562,35,,,0,103,,9563,35,,,0,99,,9564,35,,,0
1400,'5475',813,,11000,31,0,7 8 2 9 2 10,0,690,,11002,31,0,9,0
1400,'5520',813,,11025,31,0,7 8 2 9 2 10,0,690,,11027,31,0,9,0
8100,'5475',807,,11489,41,,,0
8100,'5520',807,,11490,41,,,0
8101,'5475',1516,,11491,3,,,0
8101,'5522',1516,,11492,3,,,0
8101,'5525',1410,,11493,3,,,0
