401,'5475',618,,9669,15,,,0,26,,9673,15,,,0,87,,9671,15,,,0,72,,9675,15,,,0,30,,9672,15,,,0,70,,9676,15,,,0,30,,9697,15,,,0,70,,9670,15,,,0,30,,9679,15,,,0,70,,9680,15,,,0,32,,9678,15,,,0,70,,9677,15,,,0,30,,9686,15,,,0,70,,9698,15,,,0,30,,9685,15,,,0,70,,9674,15,,,0,30,,9695,15,,,0,70,,9684,15,,,0,21,,9699,15,,,0,10,,9694,15,,,0,70,,9691,15,,,0,12,,9700,15,,,0,18,,9682,15,,,0,70,,9681,15,,,0,29,,9690,15,,,0,69,,9683,15,,,0,28,,9692,15,,,0,97,,9693,15,,,0,97,,9688,15,,,0,98,,9687,15,,,0,100,,9689,15,,,0,118,,9696,15,,,0,16,,9701,15,,,0,149,,9702,15,,,0
401,'5518',826,,9706,15,,,0,118,,9703,15,,,0,160,,9704,15,,,0,120,,9705,15,,,0,95,,9709,15,,,0,126,,9707,15,,,0,167,,9708,15,,,0,124,,9710,15,,,0,120,,9711,15,,,0
401,'5520',618,,9712,15,,,0,26,,9716,15,,,0,87,,9714,15,,,0,72,,9718,15,,,0,30,,9715,15,,,0,70,,9719,15,,,0,30,,9740,15,,,0,70,,9713,15,,,0,30,,9722,15,,,0,70,,9723,15,,,0,32,,9721,15,,,0,70,,9720,15,,,0,30,,9729,15,,,0,70,,9741,15,,,0,30,,9728,15,,,0,70,,9717,15,,,0,30,,9738,15,,,0,70,,9727,15,,,0,21,,9742,15,,,0,10,,9737,15,,,0,70,,9734,15,,,0,12,,9743,15,,,0,18,,9725,15,,,0,70,,9724,15,,,0,29,,9733,15,,,0,69,,9726,15,,,0,28,,9735,15,,,0,97,,9736,15,,,0,97,,9731,15,,,0,98,,9730,15,,,0,100,,9732,15,,,0,118,,9739,15,,,0
401,'5526',814,,9744,15,,,0,25,,9745,15,,,0,65,,9747,15,,,0,25,,9746,15,,,0,26,,9748,15,,,0,65,,9750,15,,,0,25,,9751,15,,,0,66,,9752,15,,,0,25,,9749,15,,,0,67,,9754,15,,,0,26,,9756,15,,,0,28,,9753,15,,,0,67,,9755,15,,,0,28,,9757,15,,,0,67,,9759,15,,,0,30,,9762,15,,,0,67,,9763,15,,,0,29,,9761,15,,,0,67,,9764,15,,,0,26,,9765,15,,,0,67,,9760,15,,,0,27,,9758,15,,,0,27,,9766,15,,,0,66,,9768,15,,,0,34,,9767,15,,,0,100,,9769,15,,,0,100,,9770,15,,,0,99,,9771,15,,,0,100,,9772,15,,,0
7001,'5475',1523,,11458,13,,,0
7001,'5520',1523,,11459,13,,,0
7401,'5475',1535,,11468,10,,,0
7401,'5522',1535,,11469,10,,,0
7401,'5525',1435,,11470,10,,,0
7701,'5475',1540,,11475,13,,,0
7701,'5520',1540,,11476,13,,,0
