100,'5475',613,,8746,21,,,0,30,,8747,29,,,0,72,,8748,29,,,0,31,,8749,29,,,0,58,,8750,29,,,0,17,,8758,29,,,0,15,,8757,29,,,0,15,,8785,29,,,0,54,,8786,29,,,0,15,,8761,29,,,0,16,,8753,29,,,0,15,,8780,29,,,0,60,,8779,29,,,0,21,,8790,29,,,0,20,,8789,29,,,0,71,,8788,29,,,0,30,,8793,29,,,0,72,,8792,29,,,0,30,,8777,29,,,0,70,,8776,29,,,0,30,,8767,29,,,0,70,,8756,29,,,0,32,,8755,29,,,0,60,,8759,29,,,0,19,,8754,29,,,0,18,,8782,29,,,0,55,,8764,29,,,0,14,,8781,29,,,0,15,,8787,29,,,0,15,,8783,29,,,0,55,,8796,29,,,0,14,,8795,29,,,0,14,,8775,29,,,0,15,,8772,29,,,0,52,,8797,29,,,0,14,,8773,29,,,0,15,,8770,29,,,0,15,,8791,29,,,0,60,,8794,29,,,0,19,,8771,29,,,0,25,,8778,29,,,0,67,,8774,29,,,0,30,,8769,29,,,0,69,,8765,29,,,0,30,,8763,29,,,0,70,,8762,29,,,0,30,,8760,29,,,0,69,,8768,29,,,0,28,,8784,29,,,0,67,,8766,29,,,0,29,,8751,29,,,0,70,,8752,29,,,0,98,,8798,29,,,0
100,'5518',721,,8799,29,,,0,19,,8800,29,,,0,70,,8801,29,,,0,30,,8803,29,,,0,70,,8802,29,,,0,32,,8804,29,,,0,72,,8807,29,,,0,30,,8805,29,,,0,70,,8806,29,,,0,31,,8808,29,,,0,73,,8820,29,,,0,30,,8810,29,,,0,70,,8809,29,,,0,30,,8813,29,,,0,70,,8811,29,,,0,30,,8814,29,,,0,71,,8815,29,,,0,30,,8812,29,,,0,68,,8816,29,,,0,30,,8817,29,,,0,69,,8827,29,,,0,30,,8818,29,,,0,70,,8830,29,,,0,33,,8821,29,,,0,65,,8819,29,,,0,29,,8822,29,,,0,70,,8831,29,,,0,29,,8824,29,,,0,70,,8823,29,,,0,29,,8825,29,,,0,68,,8826,29,,,0,30,,8828,29,,,0,70,,8832,29,,,0,37,,8829,29,,,0,62,,8833,29,,,0
100,'5520',613,,8834,21,,,0,30,,8835,29,,,0,72,,8836,29,,,0,31,,8837,29,,,0,58,,8838,29,,,0,17,,8846,29,,,0,15,,8845,29,,,0,15,,8873,29,,,0,54,,8874,29,,,0,15,,8849,29,,,0,16,,8841,29,,,0,15,,8868,29,,,0,60,,8867,29,,,0,21,,8878,29,,,0,20,,8877,29,,,0,71,,8876,29,,,0,30,,8881,29,,,0,72,,8880,29,,,0,30,,8865,29,,,0,70,,8864,29,,,0,30,,8855,29,,,0,70,,8844,29,,,0,32,,8843,29,,,0,60,,8847,29,,,0,19,,8842,29,,,0,18,,8870,29,,,0,55,,8852,29,,,0,14,,8869,29,,,0,15,,8875,29,,,0,15,,8871,29,,,0,55,,8884,29,,,0,14,,8883,29,,,0,14,,8863,29,,,0,15,,8860,29,,,0,52,,8885,29,,,0,14,,8861,29,,,0,15,,8858,29,,,0,15,,8879,29,,,0,60,,8882,29,,,0,19,,8859,29,,,0,25,,8866,29,,,0,67,,8862,29,,,0,30,,8857,29,,,0,69,,8853,29,,,0,30,,8851,29,,,0,70,,8850,29,,,0,30,,8848,29,,,0,69,,8856,29,,,0,28,,8872,29,,,0,67,,8854,29,,,0,29,,8839,29,,,0,70,,8840,29,,,0
100,'5526',650,,8913,29,,,0,9,,8915,29,,,0,70,,8916,29,,,0,71,,8886,29,,,0,27,,8918,29,,,0,20,,8888,29,,,0,55,,8919,29,,,0,17,,8889,29,,,0,16,,8920,29,,,0,16,,8887,29,,,0,72,,8891,29,,,0,30,,8892,29,,,0,70,,8890,29,,,0,32,,8894,29,,,0,70,,8895,29,,,0,30,,8897,29,,,0,70,,8893,29,,,0,30,,8898,29,,,0,70,,8899,29,,,0,31,,8896,29,,,0,70,,8900,29,,,0,30,,8902,29,,,0,68,,8903,29,,,0,13,,8921,29,,,0,15,,8904,29,,,0,55,,8922,29,,,0,15,,8901,29,,,0,14,,8923,29,,,0,14,,8905,29,,,0,55,,8924,29,,,0,15,,8906,29,,,0,15,,8925,29,,,0,15,,8907,29,,,0,70,,8908,29,,,0,85,,8912,29,,,0,99,,8911,29,,,0,104,,8910,29,,,0,104,,8909,29,,,0,103,,8914,29,,,0,97,,8917,29,,,0
200,'5475',628,,9114,36,,,0,79,,9115,36,,,0,28,,9116,36,,,0,15,,9119,36,,,0,72,,9117,36,,,0,16,,9118,36,,,0,15,,9120,36,,,0,66,,9123,36,,,0,30,,9122,36,,,0,70,,9121,36,,,0,30,,9126,36,,,0,69,,9124,36,,,0,30,,9125,36,,,0,71,,9127,36,,,0,30,,9128,36,,,0,70,,9129,36,,,0,30,,9130,36,,,0,71,,9132,36,,,0,30,,9131,36,,,0,77,,9133,36,,,0,26,,9134,36,,,0,78,,9110,36,,,0,70,,9104,36,,,0,29,,9106,36,,,0,28,,9107,36,,,0,70,,9113,36,,,0,74,,9105,36,,,0,39,,9109,36,,,0,69,,9103,36,,,0,34,,9108,36,,,0,65,,9102,36,,,0,30,,9111,36,,,0,294,,9135,36,,,0,100,,9136,36,,,0
200,'5518',820,,9138,36,,,0,81,,9137,36,,,0,112,,9140,36,,,0,100,,9139,36,,,0,101,,9141,36,,,0,105,,9142,36,,,0,96,,9144,36,,,0,100,,9143,36,,,0,99,,9147,36,,,0,106,,9149,36,,,0,99,,9148,36,,,0,124,,9145,36,,,0,99,,9146,36,,,0
200,'5520',628,,9162,36,,,0,79,,9163,36,,,0,28,,9164,36,,,0,15,,9167,36,,,0,72,,9165,36,,,0,16,,9166,36,,,0,15,,9168,36,,,0,66,,9171,36,,,0,30,,9170,36,,,0,70,,9169,36,,,0,30,,9174,36,,,0,69,,9172,36,,,0,30,,9173,36,,,0,71,,9175,36,,,0,30,,9176,36,,,0,70,,9177,36,,,0,30,,9178,36,,,0,71,,9180,36,,,0,30,,9179,36,,,0,77,,9181,36,,,0,26,,9182,36,,,0,78,,9158,36,,,0,70,,9152,36,,,0,29,,9154,36,,,0,28,,9155,36,,,0,70,,9161,36,,,0,74,,9153,36,,,0,39,,9157,36,,,0,69,,9151,36,,,0,34,,9156,36,,,0,65,,9150,36,,,0,30,,9159,36,,,0
200,'5526',803,,9184,36,,,0,113,,9186,36,,,0,102,,9183,36,,,0,101,,9187,36,,,0,100,,9185,36,,,0,101,,9188,36,,,0,100,,9189,36,,,0,100,,9192,36,,,0,30,,9193,36,,,0,70,,9191,36,,,0,30,,9190,36,,,0,69,,9194,36,,,0,30,,9195,36,,,0,70,,9196,36,,,0,88,,9201,36,,,0,40,,9199,36,,,0,91,,9197,36,,,0,93,,9198,36,,,0,100,,9200,36,,,0
300,'5475',648,,9331,40,,,0,62,,9318,40,,,0,18,,9315,12,,,0,3,,9311,40,,,0,9,,9312,40,,,0,17,,9306,40,,,0,59,,9334,40,,,0,18,,9320,40,,,0,14,,9323,40,,,0,58,,9324,40,,,0,19,,9316,40,,,0,31,,9317,40,,,0,70,,9319,40,,,0,31,,9341,40,,,0,70,,9326,40,,,0,30,,9314,40,,,0,71,,9328,40,,,0,30,,9340,40,,,0,70,,9302,40,,,0,73,,9325,40,,,0,32,,9303,40,,,0,73,,9335,40,,,0,17,,9313,40,,,0,15,,9321,40,,,0,8,,9342,40,,,0,4,,9344,40,,,0,52,,9305,40,,,0,12,,9304,40,,,0,15,,9332,40,,,0,15,,9308,40,,,0,15,,9310,40,,,0,55,,9339,40,,,0,14,,9322,40,,,0,13,,9301,40,,,0,14,,9307,40,,,0,55,,9330,40,,,0,15,,9309,40,,,0,28,,9338,40,,,0,69,,9329,40,,,0,30,,9343,40,,,0,70,,9327,40,,,0,99,,9337,40,,,0,98,,9333,40,,,0,98,,9336,40,,,0,196,,9345,40,,,0
300,'5518',823,,9346,40,,,0,93,,9348,40,,,0,100,,9347,40,,,0,101,,9353,40,,,0,105,,9349,40,,,0,100,,9355,40,,,0,100,,9350,40,,,0,100,,9351,40,,,0,100,,9356,40,,,0,99,,9352,40,,,0,97,,9358,40,,,0,97,,9354,40,,,0,105,,9357,40,,,0,98,,9359,40,,,0
300,'5520',648,,9392,40,,,0,62,,9379,40,,,0,18,,9376,12,,,0,3,,9372,40,,,0,9,,9373,40,,,0,17,,9367,40,,,0,59,,9395,40,,,0,18,,9381,40,,,0,14,,9384,40,,,0,58,,9385,40,,,0,19,,9377,40,,,0,31,,9378,40,,,0,70,,9380,40,,,0,31,,9402,40,,,0,70,,9387,40,,,0,30,,9375,40,,,0,71,,9389,40,,,0,30,,9401,40,,,0,70,,9363,40,,,0,73,,9386,40,,,0,32,,9364,40,,,0,73,,9396,40,,,0,17,,9374,40,,,0,15,,9382,40,,,0,8,,9403,40,,,0,4,,9405,40,,,0,52,,9366,40,,,0,12,,9365,40,,,0,15,,9393,40,,,0,15,,9369,40,,,0,15,,9371,40,,,0,55,,9400,40,,,0,14,,9383,40,,,0,13,,9362,40,,,0,14,,9368,40,,,0,55,,9391,40,,,0,15,,9370,40,,,0,28,,9399,40,,,0,69,,9390,40,,,0,30,,9404,40,,,0,70,,9388,40,,,0,99,,9398,40,,,0,98,,9394,40,,,0,98,,9397,40,,,0
300,'5526',737,,9407,40,,,0,70,,9406,40,,,0,37,,9408,40,,,0,76,,9411,40,,,0,30,,9412,40,,,0,72,,9410,40,,,0,30,,9409,40,,,0,70,,9413,40,,,0,30,,9414,40,,,0,70,,9416,40,,,0,31,,9415,40,,,0,70,,9419,40,,,0,30,,9420,40,,,0,70,,9418,40,,,0,30,,9422,40,,,0,71,,9423,40,,,0,30,,9421,40,,,0,70,,9425,40,,,0,30,,9417,40,,,0,69,,9426,40,,,0,30,,9424,40,,,0,70,,9428,40,,,0,33,,9429,40,,,0,64,,9430,40,,,0,85,,9431,40,,,0,105,,9433,40,,,0,105,,9434,40,,,0,102,,9427,40,,,0,97,,9432,40,,,0
601,'5475',721,,9953,30,,,0,105,,9954,30,,,0,100,,9955,30,,,0,97,,9957,30,,,0,25,,9956,30,,,0,75,,9958,30,,,0,120,,9959,30,,,0,80,,9960,30,,,0,100,,9961,30,,,0,100,,9962,30,,,0,81,,9963,30,,,0,41,,9964,30,,,0,56,,9965,30,,,0,35,,9968,30,,,0,66,,9966,30,,,0,28,,9967,30,,,0,100,,9969,30,,,0,271,,9970,28,,,0,238,,9971,30,,,0
601,'5518',821,,9972,28,,,0,120,,9973,28,,,0,95,,9976,28,,,0,113,,9975,30,,,0,100,,9974,30,,,0,100,,9979,30,,,0,101,,9977,30,,,0,100,,9978,30,,,0,105,,9980,30,,,0,91,,9981,28,,,0,105,,9983,28,,,0,100,,9982,28,,,0
601,'5520',721,,9984,30,,,0,105,,9985,30,,,0,100,,9986,30,,,0,97,,9988,30,,,0,25,,9987,30,,,0,75,,9989,30,,,0,120,,9990,30,,,0,80,,9991,30,,,0,100,,9992,30,,,0,100,,9993,30,,,0,81,,9994,30,,,0,41,,9995,30,,,0,56,,9996,30,,,0,35,,9999,30,,,0,66,,9997,30,,,0,28,,9998,30,,,0,100,,10000,30,,,0,271,,10001,28,,,0
601,'5526',820,,10003,30,,,0,104,,10004,30,,,0,96,,10006,30,,,0,100,,10007,30,,,0,100,,10002,30,,,0,100,,10005,30,,,0,100,,10008,30,,,0,100,,10009,30,,,0,30,,10011,30,,,0,70,,10013,30,,,0,30,,10017,30,,,0,70,,10014,30,,,0,30,,10016,30,,,0,70,,10012,30,,,0,184,,10010,30,,,0,121,,10015,28,,,0
700,'5475',639,,10018,36,,,0,77,,10020,36,,,0,30,,10022,36,,,0,57,,10024,36,,,0,38,,10026,36,,,0,69,,10028,36,,,0,26,,10030,36,,,0,70,,10032,36,,,0,31,,10033,36,,,0,70,,10034,36,,,0,103,,10036,36,,,0,101,,10038,36,,,0,100,,10040,36,,,0,104,,10042,36,,,0,43,,10045,36,,,0,70,,10047,36,,,0,30,,10052,36,,,0,70,,10053,36,,,0,29,,10054,36,,,0,67,,10055,36,,,0,26,,10056,36,,,0,85,,10057,36,,,0,100,,10058,36,,,0,98,,10059,36,,,0,97,,10060,36,,,0,98,,10061,36,,,0,98,,10062,36,,,0,101,,10063,36,,,0,96,,10074,36,,,0
700,'5518',819,,10076,36,,,0,198,,10078,36,,,0,130,,10082,36,,,0,102,,10083,36,,,0,101,,10084,36,,,0,100,,10086,36,,,0,101,,10085,36,,,0,101,,10089,36,,,0,99,,10091,36,,,0,96,,10092,36,,,0,169,,10094,36,,,0,202,,10097,36,,,0,193,,10101,36,,,0
700,'5520',639,,10102,36,,,0,77,,10104,36,,,0,30,,10106,36,,,0,57,,10108,36,,,0,38,,10110,36,,,0,69,,10112,36,,,0,26,,10114,36,,,0,70,,10116,36,,,0,31,,10117,36,,,0,70,,10118,36,,,0,103,,10120,36,,,0,101,,10122,36,,,0,100,,10124,36,,,0,104,,10126,36,,,0,43,,10129,36,,,0,70,,10131,36,,,0,30,,10136,36,,,0,70,,10137,36,,,0,29,,10138,36,,,0,67,,10139,36,,,0,26,,10140,36,,,0,85,,10141,36,,,0,100,,10142,36,,,0,98,,10143,36,,,0,97,,10144,36,,,0,98,,10145,36,,,0,98,,10146,36,,,0,101,,10147,36,,,0
700,'5526',708,,10197,36,,,0,101,,10183,36,,,0,132,,10161,36,,,0,171,,10172,36,,,0,30,,10173,36,,,0,112,,10170,36,,,0,170,,10177,36,,,0,98,,10189,36,,,0,83,,10179,36,,,0,45,,10192,36,,,0,93,,10174,36,,,0,175,,10163,36,,,0,108,,10185,36,,,0,274,,10166,36,,,0,222,,10194,36,,,0
900,'5475',651,,10379,36,,,0,73,,10380,36,,,0,34,,10381,36,,,0,59,,10382,36,,,0,16,,10383,36,,,0,16,,10384,36,,,0,53,,10385,36,,,0,10,,10386,36,,,0,7,,10387,36,,,0,10,,10388,36,,,0,14,,10389,36,,,0,15,,10390,36,,,0,55,,10391,36,,,0,15,,10392,36,,,0,15,,10393,36,,,0,16,,10394,36,,,0,55,,10395,36,,,0,16,,10396,36,,,0,16,,10397,36,,,0,56,,10398,36,,,0,14,,10399,36,,,0,15,,10400,36,,,0,15,,10401,36,,,0,56,,10402,36,,,0,14,,10403,36,,,0,15,,10404,36,,,0,16,,10405,36,,,0,55,,10406,36,,,0,15,,10407,36,,,0,16,,10408,36,,,0,16,,10409,36,,,0,54,,10410,36,,,0,18,,10411,36,,,0,14,,10412,36,,,0,15,,10413,36,,,0,57,,10414,36,,,0,7,,10415,36,,,0,8,,10416,36,,,0,16,,10417,36,,,0,14,,10418,36,,,0,55,,10419,36,,,0,17,,10420,36,,,0,15,,10421,36,,,0,11,,10422,36,,,0,7,,10423,36,,,0,46,,10424,36,,,0,13,,10425,36,,,0,15,,10426,36,,,0,12,,10427,36,,,0,12,,10428,36,,,0,55,,10429,36,,,0,15,,10430,36,,,0,15,,10431,36,,,0,14,,10432,36,,,0,55,,10433,36,,,0,15,,10434,36,,,0,14,,10435,36,,,0,15,,10436,36,,,0,60,,10437,36,,,0,20,,10438,36,,,0,73,,10439,36,,,0,30,,10440,36,,,0,64,,10441,36,,,0,32,,10442,36,,,0,25,,10443,36,,,0,71,,10444,36,,,0,26,,10445,36,,,0,70,,10378,36,,,0
900,'5518',749,,10446,36,,,0,70,,10448,36,,,0,31,,10447,36,,,0,70,,10449,36,,,0,30,,10451,36,,,0,71,,10450,36,,,0,31,,10452,36,,,0,70,,10454,36,,,0,30,,10455,36,,,0,71,,10453,36,,,0,31,,10456,36,,,0,71,,10457,36,,,0,30,,10460,36,,,0,71,,10459,36,,,0,30,,10461,36,,,0,70,,10458,36,,,0,31,,10472,36,,,0,70,,10462,36,,,0,30,,10464,36,,,0,69,,10463,36,,,0,30,,10465,36,,,0,68,,10466,36,,,0,30,,10477,36,,,0,70,,10471,36,,,0,29,,10467,36,,,0,68,,10468,36,,,0,30,,10469,36,,,0,70,,10470,36,,,0,29,,10476,36,,,0,70,,10473,36,,,0,29,,10474,36,,,0,68,,10475,36,,,0,30,,10478,36,,,0,70,,10479,36,,,0
900,'5520',651,,10481,36,,,0,73,,10482,36,,,0,34,,10483,36,,,0,59,,10484,36,,,0,16,,10485,36,,,0,16,,10486,36,,,0,53,,10487,36,,,0,10,,10488,36,,,0,7,,10489,36,,,0,10,,10490,36,,,0,14,,10491,36,,,0,15,,10492,36,,,0,55,,10493,36,,,0,15,,10494,36,,,0,15,,10495,36,,,0,16,,10496,36,,,0,55,,10497,36,,,0,16,,10498,36,,,0,16,,10499,36,,,0,56,,10500,36,,,0,14,,10501,36,,,0,15,,10502,36,,,0,15,,10503,36,,,0,56,,10504,36,,,0,14,,10505,36,,,0,15,,10506,36,,,0,16,,10507,36,,,0,55,,10508,36,,,0,15,,10509,36,,,0,16,,10510,36,,,0,16,,10511,36,,,0,54,,10512,36,,,0,18,,10513,36,,,0,14,,10514,36,,,0,15,,10515,36,,,0,57,,10516,36,,,0,7,,10517,36,,,0,8,,10518,36,,,0,16,,10519,36,,,0,14,,10520,36,,,0,55,,10521,36,,,0,17,,10522,36,,,0,15,,10523,36,,,0,11,,10524,36,,,0,7,,10525,36,,,0,46,,10526,36,,,0,13,,10527,36,,,0,15,,10528,36,,,0,12,,10529,36,,,0,12,,10530,36,,,0,55,,10531,36,,,0,15,,10532,36,,,0,15,,10533,36,,,0,14,,10534,36,,,0,55,,10535,36,,,0,15,,10536,36,,,0,14,,10537,36,,,0,15,,10538,36,,,0,60,,10539,36,,,0,20,,10540,36,,,0,73,,10541,36,,,0,30,,10542,36,,,0,64,,10543,36,,,0,32,,10544,36,,,0,25,,10545,36,,,0,71,,10546,36,,,0,26,,10547,36,,,0,70,,10480,36,,,0
900,'5526',648,,10587,36,,,0,70,,10588,36,,,0,33,,10576,36,,,0,70,,10549,36,,,0,33,,10550,36,,,0,70,,10551,36,,,0,32,,10548,36,,,0,72,,10553,36,,,0,29,,10555,36,,,0,69,,10552,36,,,0,15,,10580,36,,,0,15,,10556,36,,,0,55,,10584,36,,,0,15,,10554,36,,,0,33,,10558,36,,,0,71,,10559,36,,,0,70,,10557,36,,,0,32,,10560,36,,,0,70,,10561,36,,,0,11,,10578,36,,,0,15,,10563,36,,,0,15,,10582,36,,,0,15,,10564,36,,,0,55,,10579,36,,,0,15,,10562,36,,,0,15,,10581,36,,,0,15,,10566,36,,,0,55,,10585,36,,,0,15,,10567,36,,,0,15,,10583,36,,,0,15,,10568,36,,,0,70,,10565,36,,,0,75,,10570,36,,,0,39,,10574,36,,,0,70,,10571,36,,,0,100,,10572,36,,,0,100,,10569,36,,,0,97,,10573,36,,,0,100,,10575,36,,,0,102,,10577,36,,,0,103,,10586,36,,,0
1601,'5475',731,,11161,2,,,0,100,,11157,2,,,0,100,,11158,2,,,0,100,,11156,2,,,0,100,,11165,2,,,0,100,,11159,2,,,0,100,,11160,2,,,0,100,,11163,2,,,0,111,,11164,2,,,0,100,,11167,2,,,0,99,,11169,2,,,0,100,,11168,2,,,0,100,,11166,2,,,0,400,,11171,2,,,0,100,,11172,2,,,0
1601,'5518',836,,11173,2,,,0,100,,11176,2,,,0,100,,11174,2,,,0,100,,11175,2,,,0,100,,11177,2,,,0,100,,11179,2,,,0,100,,11184,2,,,0,100,,11181,2,,,0,105,,11178,2,,,0,100,,11180,2,,,0,100,,11182,2,,,0,100,,11183,2,,,0
1601,'5520',731,,11190,2,,,0,100,,11186,2,,,0,100,,11187,2,,,0,100,,11185,2,,,0,100,,11194,2,,,0,100,,11188,2,,,0,100,,11189,2,,,0,100,,11192,2,,,0,111,,11193,2,,,0,100,,11196,2,,,0,99,,11198,2,,,0,100,,11197,2,,,0,100,,11195,2,,,0
1601,'5526',817,,11201,2,,,0,114,,11200,2,,,0,95,,11202,2,,,0,110,,11204,2,,,0,95,,11205,2,,,0,100,,11203,2,,,0,100,,11207,2,,,0,100,,11208,2,,,0,105,,11206,2,,,0,95,,11209,2,,,0,100,,11210,2,,,0,100,,11211,2,,,0
1701,'5475',716,,11282,2,0,11 12,0,85,,11287,2,0,11 12,0,100,,11275,2,0,11 12,0,100,,11278,2,0,11 12,0,100,,11274,2,0,11 12,0,100,,11276,2,0,15 1 16,0,100,,11279,2,0,15 1 16,0,110,,11281,2,0,15 1 16,0,91,,11284,2,0,15 1 16,0,110,,11289,2,0,15 1 16,0,100,,11285,2,0,15 1 16,0,104,,11288,2,0,15 1 16,0,120,,11286,2,0,13 14,0,100,,11280,2,0,13 14,0,115,,11277,2,0,13 14,0,155,,11290,2,0,13 14,0,37,,11291,2,0,13 14,0,108,,11292,2,0,13 14,0
1701,'5518',811,,11293,2,0,11 12,0,100,,11294,2,0,11 12,0,115,,11295,2,0,11 12,0,95,,11296,2,0,13 14,0,200,,11298,2,0,11 12,0,210,,11297,2,0,13 14,0,100,,11300,2,0,11 12,0,100,,11299,2,0,15 1 16,0,100,,11301,2,0,13 14,0,170,,11302,2,0,13 14,0
1701,'5520',716,,11311,2,0,11 12,0,85,,11316,2,0,11 12,0,100,,11304,2,0,11 12,0,100,,11307,2,0,11 12,0,100,,11303,2,0,11 12,0,100,,11305,2,0,15 1 16,0,100,,11308,2,0,15 1 16,0,110,,11310,2,0,15 1 16,0,91,,11313,2,0,15 1 16,0,110,,11318,2,0,15 1 16,0,100,,11314,2,0,15 1 16,0,104,,11317,2,0,15 1 16,0,120,,11315,2,0,13 14,0,100,,11309,2,0,13 14,0,115,,11306,2,0,13 14,0,155,,11319,2,0,13 14,0
1701,'5526',711,,11324,2,0,11 12,0,100,,11321,2,0,11 12,0,90,,11320,2,0,11 12,0,130,,11322,2,0,11 12,0,170,,11325,2,0,15 1 16,0,100,,11326,2,0,15 1 16,0,130,,11323,2,0,15 1 16,0,170,,11327,2,0,15 1 16,0,105,,11328,2,0,15 1 16,0,100,,11330,2,0,13 14,0,105,,11331,2,0,13 14,0,105,,11332,2,0,13 14,0,110,,11329,2,0,13 14,0,120,,11333,2,0,13 14,0
