300,'5475',636,,9331,26,,,0,22,,9318,26,,,0,60,,9311,26,,,0,9,,9312,26,,,0,16,,9306,26,,,0,59,,9334,26,,,0,18,,9320,26,,,0,15,,9323,26,,,0,19,,9324,26,,,0,59,,9316,26,,,0,31,,9317,26,,,0,70,,9319,26,,,0,31,,9341,26,,,0,70,,9326,26,,,0,30,,9314,26,,,0,71,,9328,26,,,0,30,,9340,26,,,0,70,,9302,26,,,0,31,,9325,26,,,0,71,,9303,26,,,0,33,,9335,26,,,0,55,,9313,26,,,0,15,,9321,26,,,0,10,,9342,26,,,0,4,,9344,26,,,0,15,,9305,26,,,0,52,,9304,26,,,0,15,,9332,26,,,0,15,,9308,26,,,0,15,,9310,26,,,0,55,,9339,26,,,0,14,,9322,26,,,0,14,,9301,26,,,0,14,,9307,26,,,0,15,,9330,26,,,0,55,,9309,26,,,0,28,,9338,26,,,0,69,,9329,26,,,0,30,,9343,26,,,0,70,,9327,26,,,0,99,,9337,26,,,0,99,,9333,26,,,0,99,,9336,26,,,0,96,,9300,26,0,17 18 19,0,100,,9345,26,,,0
300,'5518',812,,9346,26,,,0,93,,9348,26,,,0,100,,9347,26,,,0,101,,9353,26,,,0,103,,9349,26,,,0,100,,9355,26,,,0,100,,9350,26,,,0,100,,9351,26,,,0,100,,9356,26,,,0,100,,9352,26,,,0,97,,9358,26,,,0,98,,9354,26,,,0,106,,9357,26,,,0,98,,9359,26,,,0,100,,9360,26,0,17 18 19,0
300,'5520',636,,9392,26,,,0,22,,9379,26,,,0,60,,9372,26,,,0,9,,9373,26,,,0,16,,9367,26,,,0,59,,9395,26,,,0,18,,9381,26,,,0,15,,9384,26,,,0,19,,9385,26,,,0,59,,9377,26,,,0,31,,9378,26,,,0,70,,9380,26,,,0,31,,9402,26,,,0,70,,9387,26,,,0,30,,9375,26,,,0,71,,9389,26,,,0,30,,9401,26,,,0,70,,9363,26,,,0,31,,9386,26,,,0,71,,9364,26,,,0,33,,9396,26,,,0,55,,9374,26,,,0,15,,9382,26,,,0,10,,9403,26,,,0,4,,9405,26,,,0,15,,9366,26,,,0,52,,9365,26,,,0,15,,9393,26,,,0,15,,9369,26,,,0,15,,9371,26,,,0,55,,9400,26,,,0,14,,9383,26,,,0,14,,9362,26,,,0,14,,9368,26,,,0,15,,9391,26,,,0,55,,9370,26,,,0,28,,9399,26,,,0,69,,9390,26,,,0,30,,9404,26,,,0,70,,9388,26,,,0,99,,9398,26,,,0,99,,9394,26,,,0,99,,9397,26,,,0,96,,9361,26,0,17 18 19,0
300,'5526',726,,9407,26,,,0,30,,9406,26,,,0,77,,9408,26,,,0,76,,9411,26,,,0,30,,9412,26,,,0,71,,9410,26,,,0,30,,9409,26,,,0,70,,9413,26,,,0,30,,9414,26,,,0,70,,9416,26,,,0,31,,9415,26,,,0,70,,9419,26,,,0,30,,9420,26,,,0,70,,9418,26,,,0,30,,9422,26,,,0,71,,9423,26,,,0,30,,9421,26,,,0,70,,9425,26,,,0,30,,9417,26,,,0,69,,9426,26,,,0,30,,9424,26,,,0,70,,9428,26,,,0,35,,9429,26,,,0,64,,9430,26,,,0,45,,9431,26,,,0,145,,9433,26,,,0,105,,9434,26,,,0,102,,9427,26,,,0,98,,9432,26,,,0
1300,'5475',719,,10924,20,,,0,135,,10926,20,,,0,148,,10928,20,,,0,100,,10927,20,,,0,100,,10929,20,,,0,214,,10925,20,,,0,108,,10930,20,,,0,108,,10931,20,,,0,108,,10932,20,,,0,105,,10933,20,,,0,105,,10934,20,,,0,592,,10935,20,,,0
1300,'5518',845,,10937,20,,,0,363,,10938,20,,,0,325,,10936,20,,,0,271,,10939,20,,,0
1300,'5520',719,,10940,20,,,0,135,,10942,20,,,0,148,,10944,20,,,0,100,,10943,20,,,0,100,,10945,20,,,0,214,,10941,20,,,0,108,,10946,20,,,0,108,,10947,20,,,0,108,,10948,20,,,0,105,,10949,20,,,0,105,,10950,20,,,0
1300,'5526',756,,10952,20,,,0,102,,10953,20,,,0,145,,10951,20,,,0,100,,10954,20,,,0,102,,10955,20,,,0,197,,10958,20,,,0,147,,10959,20,,,0,100,,10956,20,,,0,98,,10960,20,,,0,100,,10961,20,,,0,99,,10957,20,,,0,99,,10962,20,,,0
1400,'5475',621,,11006,16,,,0,31,,11005,16,,,0,89,,10998,16,,,0,87,,11000,59,0,7 8 2 9 2 10,0,22,,11003,16,,,0,91,,11001,16,,,0,114,,10999,16,,,0,185,,11007,16,,,0,372,,11008,16,,,0,39,,11009,16,,,0,75,,11010,16,,,0,79,,11011,16,,,0,105,,11004,16,,,0,114,,11012,16,,,0,30,,11013,16,,,0,365,,11015,16,,,0,29,,11014,16,,,0
1400,'5518',913,,11017,16,,,0,200,,11016,16,,,0,130,,11021,16,,,0,95,,11018,16,,,0,100,,11019,16,,,0,170,,11020,16,,,0,225,,11022,16,,,0
1400,'5520',621,,11031,16,,,0,31,,11030,16,,,0,89,,11023,16,,,0,87,,11025,59,0,7 8 2 9 2 10,0,22,,11028,16,,,0,91,,11026,16,,,0,114,,11024,16,,,0,185,,11032,16,,,0,372,,11033,16,,,0,39,,11034,16,,,0,75,,11035,16,,,0,79,,11036,16,,,0,105,,11029,16,,,0,114,,11037,16,,,0,30,,11038,16,,,0
1400,'5526',808,,11039,16,,,0,135,,11042,16,,,0,96,,11048,16,,,0,101,,11045,16,,,0,100,,11041,16,,,0,100,,11046,16,,,0,105,,11043,16,,,0,213,,11044,16,,,0,245,,11040,16,,,0,100,,11047,16,,,0
8100,'5475',820,,11489,69,,,0
8100,'5520',820,,11490,69,,,0
8101,'5475',1549,,11491,52,,,0
8101,'5522',1549,,11492,52,,,0
8101,'5525',1443,,11493,52,,,0
