100,'5475',604,,8746,13,,,0,30,,8747,21,,,0,72,,8748,21,,,0,31,,8749,21,,,0,17,,8750,21,,,0,57,,8758,21,,,0,15,,8757,21,,,0,15,,8785,21,,,0,14,,8786,21,,,0,55,,8761,21,,,0,15,,8753,21,,,0,15,,8780,21,,,0,60,,8779,21,,,0,21,,8790,21,,,0,20,,8789,21,,,0,71,,8788,21,,,0,30,,8793,21,,,0,72,,8792,21,,,0,30,,8777,21,,,0,70,,8776,21,,,0,30,,8767,21,,,0,70,,8756,21,,,0,32,,8755,21,,,0,60,,8759,21,,,0,19,,8754,21,,,0,18,,8782,21,,,0,15,,8764,21,,,0,54,,8781,21,,,0,15,,8787,21,,,0,15,,8783,21,,,0,15,,8796,21,,,0,54,,8795,21,,,0,15,,8775,21,,,0,15,,8772,21,,,0,13,,8797,21,,,0,55,,8773,21,,,0,15,,8770,21,,,0,15,,8791,21,,,0,20,,8794,21,,,0,59,,8771,21,,,0,25,,8778,21,,,0,67,,8774,21,,,0,30,,8769,21,,,0,69,,8765,21,,,0,30,,8763,21,,,0,70,,8762,21,,,0,30,,8760,21,,,0,69,,8768,21,,,0,29,,8784,21,,,0,68,,8766,21,,,0,29,,8751,21,,,0,70,,8752,21,,,0,98,,8798,21,,,0
100,'5518',713,,8799,21,,,0,19,,8800,21,,,0,70,,8801,21,,,0,30,,8803,21,,,0,70,,8802,21,,,0,32,,8804,21,,,0,72,,8807,21,,,0,30,,8805,21,,,0,70,,8806,21,,,0,31,,8808,21,,,0,72,,8820,21,,,0,30,,8810,21,,,0,70,,8809,21,,,0,30,,8813,21,,,0,70,,8811,21,,,0,30,,8814,21,,,0,71,,8815,21,,,0,30,,8812,21,,,0,69,,8816,21,,,0,30,,8817,21,,,0,69,,8827,21,,,0,30,,8818,21,,,0,70,,8830,21,,,0,33,,8821,21,,,0,65,,8819,21,,,0,29,,8822,21,,,0,70,,8831,21,,,0,29,,8824,21,,,0,70,,8823,21,,,0,29,,8825,21,,,0,69,,8826,21,,,0,30,,8828,21,,,0,70,,8832,21,,,0,37,,8829,21,,,0,62,,8833,21,,,0
100,'5520',604,,8834,13,,,0,30,,8835,21,,,0,72,,8836,21,,,0,31,,8837,21,,,0,17,,8838,21,,,0,57,,8846,21,,,0,15,,8845,21,,,0,15,,8873,21,,,0,14,,8874,21,,,0,55,,8849,21,,,0,15,,8841,21,,,0,15,,8868,21,,,0,60,,8867,21,,,0,21,,8878,21,,,0,20,,8877,21,,,0,71,,8876,21,,,0,30,,8881,21,,,0,72,,8880,21,,,0,30,,8865,21,,,0,70,,8864,21,,,0,30,,8855,21,,,0,70,,8844,21,,,0,32,,8843,21,,,0,60,,8847,21,,,0,19,,8842,21,,,0,18,,8870,21,,,0,15,,8852,21,,,0,54,,8869,21,,,0,15,,8875,21,,,0,15,,8871,21,,,0,15,,8884,21,,,0,54,,8883,21,,,0,15,,8863,21,,,0,15,,8860,21,,,0,13,,8885,21,,,0,55,,8861,21,,,0,15,,8858,21,,,0,15,,8879,21,,,0,20,,8882,21,,,0,59,,8859,21,,,0,25,,8866,21,,,0,67,,8862,21,,,0,30,,8857,21,,,0,69,,8853,21,,,0,30,,8851,21,,,0,70,,8850,21,,,0,30,,8848,21,,,0,69,,8856,21,,,0,29,,8872,21,,,0,68,,8854,21,,,0,29,,8839,21,,,0,70,,8840,21,,,0
100,'5526',643,,8913,21,,,0,9,,8915,21,,,0,70,,8916,21,,,0,30,,8886,21,,,0,66,,8918,21,,,0,20,,8888,21,,,0,15,,8919,21,,,0,57,,8889,21,,,0,16,,8920,21,,,0,15,,8887,21,,,0,72,,8891,21,,,0,30,,8892,21,,,0,70,,8890,21,,,0,32,,8894,21,,,0,70,,8895,21,,,0,30,,8897,21,,,0,70,,8893,21,,,0,30,,8898,21,,,0,70,,8899,21,,,0,31,,8896,21,,,0,70,,8900,21,,,0,30,,8902,21,,,0,69,,8903,21,,,0,13,,8921,21,,,0,15,,8904,21,,,0,15,,8922,21,,,0,55,,8901,21,,,0,15,,8923,21,,,0,14,,8905,21,,,0,15,,8924,21,,,0,55,,8906,21,,,0,15,,8925,21,,,0,15,,8907,21,,,0,70,,8908,21,,,0,45,,8912,21,,,0,99,,8911,21,,,0,144,,8910,21,,,0,104,,8909,21,,,0,103,,8914,21,,,0,98,,8917,21,,,0
200,'5475',621,,9114,28,,,0,37,,9115,28,,,0,68,,9116,28,,,0,15,,9119,28,,,0,71,,9117,28,,,0,16,,9118,28,,,0,16,,9120,28,,,0,66,,9123,28,,,0,30,,9122,28,,,0,70,,9121,28,,,0,30,,9126,28,,,0,70,,9124,28,,,0,30,,9125,28,,,0,71,,9127,28,,,0,30,,9128,28,,,0,70,,9129,28,,,0,30,,9130,28,,,0,70,,9132,28,,,0,30,,9131,28,,,0,75,,9133,28,,,0,28,,9134,28,,,0,79,,9110,28,,,0,30,,9104,28,,,0,69,,9106,28,,,0,28,,9107,28,,,0,70,,9113,28,,,0,34,,9105,28,,,0,80,,9109,28,,,0,69,,9103,28,,,0,34,,9108,28,,,0,65,,9102,28,,,0,30,,9111,28,,,0,294,,9135,28,,,0,100,,9136,28,,,0
200,'5518',813,,9138,28,,,0,41,,9137,28,,,0,152,,9140,28,,,0,100,,9139,28,,,0,101,,9141,28,,,0,105,,9142,28,,,0,96,,9144,28,,,0,100,,9143,28,,,0,99,,9147,28,,,0,106,,9149,28,,,0,99,,9148,28,,,0,124,,9145,28,,,0,99,,9146,28,,,0
200,'5520',621,,9162,28,,,0,37,,9163,28,,,0,68,,9164,28,,,0,15,,9167,28,,,0,71,,9165,28,,,0,16,,9166,28,,,0,16,,9168,28,,,0,66,,9171,28,,,0,30,,9170,28,,,0,70,,9169,28,,,0,30,,9174,28,,,0,70,,9172,28,,,0,30,,9173,28,,,0,71,,9175,28,,,0,30,,9176,28,,,0,70,,9177,28,,,0,30,,9178,28,,,0,70,,9180,28,,,0,30,,9179,28,,,0,75,,9181,28,,,0,28,,9182,28,,,0,79,,9158,28,,,0,30,,9152,28,,,0,69,,9154,28,,,0,28,,9155,28,,,0,70,,9161,28,,,0,34,,9153,28,,,0,80,,9157,28,,,0,69,,9151,28,,,0,34,,9156,28,,,0,65,,9150,28,,,0,30,,9159,28,,,0
200,'5526',756,,9184,28,,,0,153,,9186,28,,,0,101,,9183,28,,,0,101,,9187,28,,,0,100,,9185,28,,,0,101,,9188,28,,,0,100,,9189,28,,,0,100,,9192,28,,,0,30,,9193,28,,,0,70,,9191,28,,,0,30,,9190,28,,,0,70,,9194,28,,,0,30,,9195,28,,,0,70,,9196,28,,,0,88,,9201,28,,,0,40,,9199,28,,,0,91,,9197,28,,,0,93,,9198,28,,,0,100,,9200,28,,,0
1001,'5475',642,,10868,3,,,0,77,,10876,3,,,0,18,,10869,3,,,0,18,,10875,3,,,0,59,,10871,3,,,0,18,,10888,3,,,0,10,,10891,3,,,0,10,,10870,3,,,0,56,,10886,3,,,0,15,,10862,3,,,0,20,,10889,3,,,0,80,,10887,3,,,0,80,,10890,3,,,0,40,,10885,3,,,0,80,,10883,3,,,0,80,,10884,3,,,0,40,,10881,3,,,0,79,,10882,3,,,0,20,,10866,3,,,0,60,,10880,3,,,0,20,,10865,3,,,0,20,,10879,3,,,0,60,,10864,3,,,0,20,,10878,3,,,0,20,,10867,3,,,0,60,,10873,3,,,0,20,,10863,3,,,0,20,,10872,3,,,0,80,,10874,3,,,0,80,,10877,3,,,0,220,,10892,3,,,0
1001,'5520',642,,10899,3,,,0,77,,10907,3,,,0,18,,10900,3,,,0,18,,10906,3,,,0,59,,10902,3,,,0,18,,10919,3,,,0,10,,10922,3,,,0,10,,10901,3,,,0,56,,10917,3,,,0,15,,10893,3,,,0,20,,10920,3,,,0,80,,10918,3,,,0,80,,10921,3,,,0,40,,10916,3,,,0,80,,10914,3,,,0,80,,10915,3,,,0,40,,10912,3,,,0,79,,10913,3,,,0,20,,10897,3,,,0,60,,10911,3,,,0,20,,10896,3,,,0,20,,10910,3,,,0,60,,10895,3,,,0,20,,10909,3,,,0,20,,10898,3,,,0,60,,10904,3,,,0,20,,10894,3,,,0,20,,10903,3,,,0,80,,10905,3,,,0,80,,10908,3,,,0,220,,10923,3,,,0
