300,'5475',626,,9331,10,,,0,22,,9318,10,,,0,60,,9311,10,,,0,9,,9312,10,,,0,15,,9306,10,,,0,18,,9334,10,,,0,58,,9320,10,,,0,16,,9323,10,,,0,19,,9324,10,,,0,59,,9316,10,,,0,30,,9317,10,,,0,70,,9319,10,,,0,31,,9341,10,,,0,70,,9326,10,,,0,30,,9314,10,,,0,71,,9328,10,,,0,30,,9340,10,,,0,70,,9302,10,,,0,31,,9325,10,,,0,70,,9303,10,,,0,33,,9335,10,,,0,15,,9313,10,,,0,55,,9321,10,,,0,10,,9342,10,,,0,5,,9344,10,,,0,15,,9305,10,,,0,13,,9304,10,,,0,55,,9332,10,,,0,15,,9308,10,,,0,15,,9310,10,,,0,15,,9339,10,,,0,54,,9322,10,,,0,14,,9301,10,,,0,14,,9307,10,,,0,15,,9330,10,,,0,55,,9309,10,,,0,29,,9338,10,,,0,69,,9329,10,,,0,30,,9343,10,,,0,70,,9327,10,,,0,99,,9337,10,,,0,59,,9333,10,,,0,100,,9336,10,,,0,96,,9300,10,0,17 18 19,0,100,,9345,10,,,0
300,'5518',801,,9346,10,,,0,53,,9348,10,,,0,100,,9347,10,,,0,101,,9353,10,,,0,103,,9349,10,,,0,100,,9355,10,,,0,100,,9350,10,,,0,100,,9351,10,,,0,100,,9356,10,,,0,100,,9352,10,,,0,98,,9358,10,,,0,98,,9354,10,,,0,146,,9357,10,,,0,59,,9359,10,,,0,100,,9360,10,0,17 18 19,0
300,'5520',626,,9392,10,,,0,22,,9379,10,,,0,60,,9372,10,,,0,9,,9373,10,,,0,15,,9367,10,,,0,18,,9395,10,,,0,58,,9381,10,,,0,16,,9384,10,,,0,19,,9385,10,,,0,59,,9377,10,,,0,30,,9378,10,,,0,70,,9380,10,,,0,31,,9402,10,,,0,70,,9387,10,,,0,30,,9375,10,,,0,71,,9389,10,,,0,30,,9401,10,,,0,70,,9363,10,,,0,31,,9386,10,,,0,70,,9364,10,,,0,33,,9396,10,,,0,15,,9374,10,,,0,55,,9382,10,,,0,10,,9403,10,,,0,5,,9405,10,,,0,15,,9366,10,,,0,13,,9365,10,,,0,55,,9393,10,,,0,15,,9369,10,,,0,15,,9371,10,,,0,15,,9400,10,,,0,54,,9383,10,,,0,14,,9362,10,,,0,14,,9368,10,,,0,15,,9391,10,,,0,55,,9370,10,,,0,29,,9399,10,,,0,69,,9390,10,,,0,30,,9404,10,,,0,70,,9388,10,,,0,99,,9398,10,,,0,59,,9394,10,,,0,100,,9397,10,,,0,96,,9361,10,0,17 18 19,0
300,'5526',716,,9407,10,,,0,30,,9406,10,,,0,76,,9408,10,,,0,36,,9411,10,,,0,70,,9412,10,,,0,31,,9410,10,,,0,70,,9409,10,,,0,30,,9413,10,,,0,70,,9414,10,,,0,30,,9416,10,,,0,71,,9415,10,,,0,70,,9419,10,,,0,30,,9420,10,,,0,70,,9418,10,,,0,30,,9422,10,,,0,71,,9423,10,,,0,30,,9421,10,,,0,70,,9425,10,,,0,30,,9417,10,,,0,70,,9426,10,,,0,30,,9424,10,,,0,70,,9428,10,,,0,35,,9429,10,,,0,64,,9430,10,,,0,45,,9431,10,,,0,105,,9433,10,,,0,105,,9434,10,,,0,103,,9427,10,,,0,99,,9432,10,,,0
1400,'5475',818,,11000,43,0,7 8 2 9 2 10,0
1400,'5520',818,,11025,43,0,7 8 2 9 2 10,0
8100,'5475',813,,11489,53,,,0
8100,'5520',813,,11490,53,,,0
8101,'5475',1522,,11491,15,,,0
8101,'5522',1522,,11492,15,,,0
8101,'5525',1416,,11493,15,,,0
