1401,'5475',604,,11056,7,,,0,31,,11057,7,,,0,85,,11049,7,,,0,26,,11051,7,,,0,84,,11054,7,,,0,91,,11052,7,,,0,114,,11050,7,,,0,185,,11058,7,,,0,217,,11053,7,,,0,115,,11060,7,,,0,79,,11059,7,,,0,75,,11061,7,,,0,39,,11062,7,,,0,105,,11055,7,,,0,155,,11063,7,,,0,30,,11064,7,,,0,366,,11066,7,,,0,29,,11065,7,,,0
1401,'5518',855,,11068,7,,,0,200,,11067,7,,,0,170,,11072,7,,,0,95,,11070,7,,,0,100,,11069,7,,,0,130,,11071,7,,,0,265,,11073,7,,,0
1401,'5520',604,,11081,7,,,0,31,,11082,7,,,0,85,,11074,7,,,0,26,,11076,7,,,0,84,,11079,7,,,0,91,,11077,7,,,0,114,,11075,7,,,0,185,,11083,7,,,0,217,,11078,7,,,0,115,,11085,7,,,0,79,,11084,7,,,0,75,,11086,7,,,0,39,,11087,7,,,0,105,,11080,7,,,0,155,,11088,7,,,0,30,,11089,7,,,0
1401,'5526',750,,11090,7,,,0,175,,11094,7,,,0,95,,11098,7,,,0,101,,11096,7,,,0,100,,11092,7,,,0,100,,11099,7,,,0,105,,11091,7,,,0,210,,11095,7,,,0,209,,11093,7,,,0,100,,11097,7,,,0
8001,'5475',1504,,11486,21,,,0
8001,'5522',1504,,11487,21,,,0
8001,'5525',1509,,11488,21,,,0
8100,'5475',739,,11489,2,,,0
8100,'5520',739,,11490,2,,,0
8101,'5475',1532,,11491,30,,,0
8101,'5522',1532,,11492,30,,,0
8101,'5525',1426,,11493,30,,,0
