701,'5475',608,,10198,10,,,0,18,,10199,27,,,0,17,,10200,30,,,0,14,,10201,27,,,0,56,,10202,30,,,0,6,,10203,27,,,0,10,,10204,30,,,0,16,,10205,27,,,0,60,,10206,30,,,0,11,,10207,27,,,0,19,,10208,30,,,0,11,,10209,27,,,0,56,,10210,30,,,0,12,,10211,27,,,0,18,,10212,30,,,0,13,,10248,27,,,0,57,,10213,30,,,0,13,,10253,27,,,0,17,,10214,30,,,0,69,,10215,27,,,0,34,,10216,30,,,0,67,,10217,27,,,0,32,,10218,30,,,0,68,,10219,27,,,0,32,,10220,30,,,0,69,,10221,27,,,0,34,,10222,30,,,0,11,,10223,27,,,0,55,,10224,27,,,0,18,,10225,30,,,0,13,,10226,27,,,0,17,,10227,30,,,0,52,,10228,27,,,0,18,,10229,30,,,0,12,,10230,27,,,0,18,,10231,30,,,0,52,,10232,27,,,0,18,,10233,30,,,0,11,,10234,27,,,0,18,,10235,30,,,0,50,,10249,27,,,0,16,,10250,30,,,0,13,,10236,27,,,0,72,,10237,30,,,0,27,,10238,27,,,0,73,,10239,30,,,0,27,,10240,27,,,0,31,,10241,30,,,0,69,,10242,27,,,0,30,,10243,30,,,0,69,,10244,27,,,0,30,,10245,30,,,0,68,,10246,27,,,0,33,,10247,30,,,0,72,,10251,27,,,0,70,,10252,30,,,0,55,,10254,30,,,0
701,'5518',722,,10255,27,,,0,27,,10256,30,,,0,99,,10257,27,,,0,97,,10258,30,,,0,73,,10261,27,,,0,30,,10259,27,,,0,67,,10260,30,,,0,33,,10268,27,,,0,67,,10263,30,,,0,29,,10262,27,,,0,72,,10265,30,,,0,28,,10275,27,,,0,72,,10267,30,,,0,29,,10271,27,,,0,71,,10266,30,,,0,29,,10264,27,,,0,71,,10270,30,,,0,27,,10274,27,,,0,72,,10269,30,,,0,27,,10276,27,,,0,71,,10272,30,,,0,29,,10278,27,,,0,101,,10273,30,,,0,99,,10281,27,,,0,104,,10277,30,,,0,96,,10279,27,,,0,101,,10280,30,,,0
701,'5520',608,,10282,10,,,0,18,,10283,27,,,0,17,,10284,30,,,0,14,,10285,27,,,0,56,,10286,30,,,0,6,,10287,27,,,0,10,,10288,30,,,0,16,,10289,27,,,0,60,,10290,30,,,0,11,,10291,27,,,0,19,,10292,30,,,0,11,,10293,27,,,0,56,,10294,30,,,0,12,,10295,27,,,0,18,,10296,30,,,0,13,,10332,27,,,0,57,,10297,30,,,0,13,,10337,27,,,0,17,,10298,30,,,0,69,,10299,27,,,0,34,,10300,30,,,0,67,,10301,27,,,0,32,,10302,30,,,0,68,,10303,27,,,0,32,,10304,30,,,0,69,,10305,27,,,0,34,,10306,30,,,0,11,,10307,27,,,0,55,,10308,27,,,0,18,,10309,30,,,0,13,,10310,27,,,0,17,,10311,30,,,0,52,,10312,27,,,0,18,,10313,30,,,0,12,,10314,27,,,0,18,,10315,30,,,0,52,,10316,27,,,0,18,,10317,30,,,0,11,,10318,27,,,0,18,,10319,30,,,0,50,,10333,27,,,0,16,,10334,30,,,0,13,,10320,27,,,0,72,,10321,30,,,0,27,,10322,27,,,0,73,,10323,30,,,0,27,,10324,27,,,0,31,,10325,30,,,0,69,,10326,27,,,0,30,,10327,30,,,0,69,,10328,27,,,0,30,,10329,30,,,0,68,,10330,27,,,0,33,,10331,30,,,0,72,,10335,27,,,0,70,,10336,30,,,0
701,'5526',637,,10376,30,,,0,70,,10375,27,,,0,31,,10363,30,,,0,70,,10338,27,,,0,31,,10339,27,,,0,71,,10340,30,,,0,29,,10341,27,,,0,70,,10349,27,,,0,31,,10354,30,,,0,14,,10367,27,,,0,56,,10353,30,,,0,15,,10368,27,,,0,22,,10356,27,,,0,72,,10352,30,,,0,28,,10355,27,,,0,70,,10348,27,,,0,32,,10358,30,,,0,68,,10351,27,,,0,30,,10371,30,,,0,53,,10359,27,,,0,15,,10372,27,,,0,16,,10360,30,,,0,14,,10370,27,,,0,55,,10347,27,,,0,16,,10373,30,,,0,14,,10357,27,,,0,15,,10369,27,,,0,64,,10350,30,,,0,29,,10361,27,,,0,70,,10342,27,,,0,36,,10345,30,,,0,73,,10346,27,,,0,36,,10364,30,,,0,74,,10365,27,,,0,105,,10344,27,,,0,97,,10343,30,,,0,101,,10362,27,,,0,98,,10366,27,,,0,26,,10374,30,,,0,69,,10377,27,,,0
7300,'5475',736,,11464,3,,,0
7300,'5520',736,,11465,3,,,0
7301,'5475',1524,,11466,17,,,0
7301,'5520',1524,,11467,17,,,0
7900,'5475',741,,11481,3,0,6,0
7900,'5520',741,,11482,3,0,6,0
