301,'5475',618,,9458,8,,,0,22,,9453,8,,,0,60,,9450,34,,,0,9,,9449,34,,,0,15,,9438,8,,,0,18,,9442,34,,,0,58,,9451,34,,,0,16,,9461,34,,,0,19,,9445,34,,,0,19,,9452,34,,,0,70,,9460,34,,,0,30,,9457,34,,,0,71,,9475,34,,,0,30,,9439,34,,,0,70,,9436,34,,,0,31,,9462,34,,,0,70,,9446,34,,,0,30,,9474,34,,,0,71,,9468,34,,,0,30,,9467,34,,,0,73,,9473,34,,,0,15,,9466,34,,,0,55,,9471,34,,,0,10,,9476,34,,,0,20,,9469,34,,,0,13,,9464,34,,,0,15,,9444,34,,,0,55,,9443,34,,,0,15,,9440,34,,,0,15,,9472,34,,,0,15,,9441,34,,,0,54,,9455,34,,,0,14,,9454,34,,,0,15,,9447,34,,,0,15,,9448,34,,,0,69,,9470,34,,,0,29,,9459,34,,,0,70,,9477,34,,,0,30,,9437,34,,,0,99,,9465,34,,,0,100,,9456,34,,,0,100,,9463,34,,,0,96,,9435,34,,,0,100,,9478,34,,,0
301,'5518',848,,9479,34,,,0,100,,9480,34,,,0,101,,9485,34,,,0,103,,9481,34,,,0,99,,9486,34,,,0,100,,9482,34,,,0,100,,9483,34,,,0,101,,9488,34,,,0,100,,9484,34,,,0,98,,9490,34,,,0,98,,9487,34,,,0,106,,9489,34,,,0,99,,9491,34,,,0,100,,9492,34,,,0
301,'5520',618,,9516,8,,,0,22,,9511,8,,,0,60,,9508,34,,,0,9,,9507,34,,,0,15,,9496,8,,,0,18,,9500,34,,,0,58,,9509,34,,,0,16,,9519,34,,,0,19,,9503,34,,,0,19,,9510,34,,,0,70,,9518,34,,,0,30,,9515,34,,,0,71,,9533,34,,,0,30,,9497,34,,,0,70,,9494,34,,,0,31,,9520,34,,,0,70,,9504,34,,,0,30,,9532,34,,,0,71,,9526,34,,,0,30,,9525,34,,,0,73,,9531,34,,,0,15,,9524,34,,,0,55,,9529,34,,,0,10,,9534,34,,,0,20,,9527,34,,,0,13,,9522,34,,,0,15,,9502,34,,,0,55,,9501,34,,,0,15,,9498,34,,,0,15,,9530,34,,,0,15,,9499,34,,,0,54,,9513,34,,,0,14,,9512,34,,,0,15,,9505,34,,,0,15,,9506,34,,,0,69,,9528,34,,,0,29,,9517,34,,,0,70,,9535,34,,,0,30,,9495,34,,,0,99,,9523,34,,,0,100,,9514,34,,,0,100,,9521,34,,,0,96,,9493,34,,,0
301,'5526',710,,9539,8,,,0,30,,9536,8,,,0,76,,9540,8,,,0,36,,9538,34,,,0,70,,9541,34,,,0,31,,9546,34,,,0,70,,9544,34,,,0,30,,9543,34,,,0,70,,9542,34,,,0,30,,9545,34,,,0,71,,9537,34,,,0,30,,9547,34,,,0,70,,9549,34,,,0,30,,9550,34,,,0,70,,9551,34,,,0,30,,9548,34,,,0,70,,9552,34,,,0,30,,9554,34,,,0,70,,9555,34,,,0,30,,9558,34,,,0,70,,9553,34,,,0,30,,9560,34,,,0,75,,9556,34,,,0,24,,9557,34,,,0,85,,9559,34,,,0,105,,9561,34,,,0,105,,9562,34,,,0,104,,9563,34,,,0,99,,9564,34,,,0
1400,'5475',812,,11000,30,0,7 8 2 9 2 10,0,690,,11002,30,0,9,0
1400,'5520',812,,11025,30,0,7 8 2 9 2 10,0,690,,11027,30,0,9,0
8100,'5475',807,,11489,40,,,0
8100,'5520',807,,11490,40,,,0
8101,'5475',1516,,11491,2,,,0
8101,'5522',1516,,11492,2,,,0
8101,'5525',1410,,11493,2,,,0
