401,'5475',607,,9669,2,,,0,25,,9673,2,,,0,87,,9671,2,,,0,30,,9675,2,,,0,70,,9672,2,,,0,30,,9676,2,,,0,70,,9697,2,,,0,30,,9670,2,,,0,70,,9679,2,,,0,30,,9680,2,,,0,70,,9678,2,,,0,30,,9677,2,,,0,70,,9686,2,,,0,30,,9698,2,,,0,70,,9685,2,,,0,30,,9674,2,,,0,70,,9695,2,,,0,30,,9684,2,,,0,60,,9699,2,,,0,10,,9694,2,,,0,30,,9691,2,,,0,52,,9700,2,,,0,18,,9682,2,,,0,30,,9681,2,,,0,70,,9690,2,,,0,30,,9683,2,,,0,70,,9692,2,,,0,97,,9693,2,,,0,97,,9688,2,,,0,100,,9687,2,,,0,100,,9689,2,,,0,118,,9696,2,,,0,15,,9701,2,,,0,110,,9702,2,,,0
401,'5518',814,,9706,2,,,0,117,,9703,2,,,0,120,,9704,2,,,0,160,,9705,2,,,0,94,,9709,2,,,0,125,,9707,2,,,0,127,,9708,2,,,0,166,,9710,2,,,0,120,,9711,2,,,0
401,'5520',607,,9712,2,,,0,25,,9716,2,,,0,87,,9714,2,,,0,30,,9718,2,,,0,70,,9715,2,,,0,30,,9719,2,,,0,70,,9740,2,,,0,30,,9713,2,,,0,70,,9722,2,,,0,30,,9723,2,,,0,70,,9721,2,,,0,30,,9720,2,,,0,70,,9729,2,,,0,30,,9741,2,,,0,70,,9728,2,,,0,30,,9717,2,,,0,70,,9738,2,,,0,30,,9727,2,,,0,60,,9742,2,,,0,10,,9737,2,,,0,30,,9734,2,,,0,52,,9743,2,,,0,18,,9725,2,,,0,30,,9724,2,,,0,70,,9733,2,,,0,30,,9726,2,,,0,70,,9735,2,,,0,97,,9736,2,,,0,97,,9731,2,,,0,100,,9730,2,,,0,100,,9732,2,,,0,118,,9739,2,,,0
401,'5526',801,,9744,2,,,0,25,,9745,2,,,0,25,,9747,2,,,0,65,,9746,2,,,0,25,,9748,2,,,0,65,,9750,2,,,0,25,,9751,2,,,0,26,,9752,2,,,0,65,,9749,2,,,0,26,,9754,2,,,0,65,,9756,2,,,0,28,,9753,2,,,0,67,,9755,2,,,0,28,,9757,2,,,0,67,,9759,2,,,0,30,,9762,2,,,0,67,,9763,2,,,0,29,,9761,2,,,0,27,,9764,2,,,0,67,,9765,2,,,0,27,,9760,2,,,0,67,,9758,2,,,0,27,,9766,2,,,0,67,,9768,2,,,0,35,,9767,2,,,0,100,,9769,2,,,0,100,,9770,2,,,0,100,,9771,2,,,0,100,,9772,2,,,0
501,'5475',656,,9863,2,,,0,55,,9875,2,,,0,15,,9866,2,,,0,33,,9865,2,,,0,73,,9864,2,,,0,73,,9872,2,,,0,33,,9874,2,,,0,73,,9873,2,,,0,33,,9868,2,,,0,73,,9867,2,,,0,33,,9876,2,,,0,73,,9869,2,,,0,36,,9871,2,,,0,76,,9870,2,,,0,76,,9889,2,,,0,36,,9887,2,,,0,76,,9884,2,,,0,36,,9878,2,,,0,76,,9879,2,,,0,77,,9880,2,,,0,35,,9882,2,,,0,75,,9885,2,,,0,35,,9883,2,,,0,85,,9881,2,,,0,100,,9877,2,,,0,100,,9886,2,,,0,116,,9888,2,,,0,63,,9890,2,,,0,110,,9891,2,,,0
501,'5518',901,,9894,2,,,0,119,,9895,2,,,0,120,,9892,2,,,0,162,,9893,2,,,0,55,,9897,2,,,0,167,,9896,2,,,0,127,,9898,2,,,0,161,,9899,2,,,0
501,'5520',656,,9900,2,,,0,55,,9912,2,,,0,15,,9903,2,,,0,33,,9902,2,,,0,73,,9901,2,,,0,73,,9909,2,,,0,33,,9911,2,,,0,73,,9910,2,,,0,33,,9905,2,,,0,73,,9904,2,,,0,33,,9913,2,,,0,73,,9906,2,,,0,36,,9908,2,,,0,76,,9907,2,,,0,76,,9926,2,,,0,36,,9924,2,,,0,76,,9921,2,,,0,36,,9915,2,,,0,76,,9916,2,,,0,77,,9917,2,,,0,35,,9919,2,,,0,75,,9922,2,,,0,35,,9920,2,,,0,85,,9918,2,,,0,100,,9914,2,,,0,100,,9923,2,,,0,116,,9925,2,,,0
501,'5526',746,,9941,2,,,0,70,,9929,2,,,0,30,,9927,2,,,0,70,,9943,2,,,0,30,,9930,2,,,0,70,,9944,2,,,0,30,,9928,2,,,0,70,,9942,2,,,0,30,,9931,2,,,0,70,,9945,2,,,0,30,,9932,2,,,0,71,,9940,2,,,0,30,,9934,2,,,0,70,,9946,2,,,0,30,,9933,2,,,0,71,,9951,2,,,0,30,,9937,2,,,0,69,,9947,2,,,0,30,,9936,2,,,0,70,,9950,2,,,0,30,,9935,2,,,0,70,,9948,2,,,0,119,,9938,2,,,0,95,,9949,2,,,0,103,,9939,2,,,0,100,,9952,2,,,0
701,'5475',601,,10198,2,,,0,18,,10199,19,,,0,17,,10200,22,,,0,14,,10201,19,,,0,56,,10202,22,,,0,6,,10203,19,,,0,10,,10204,22,,,0,15,,10205,19,,,0,19,,10206,22,,,0,52,,10207,19,,,0,19,,10208,22,,,0,11,,10209,19,,,0,16,,10210,22,,,0,52,,10211,19,,,0,18,,10212,22,,,0,13,,10248,19,,,0,17,,10213,22,,,0,53,,10253,19,,,0,17,,10214,22,,,0,29,,10215,19,,,0,73,,10216,22,,,0,27,,10217,19,,,0,72,,10218,22,,,0,28,,10219,19,,,0,72,,10220,22,,,0,28,,10221,19,,,0,74,,10222,22,,,0,11,,10223,19,,,0,15,,10224,19,,,0,58,,10225,22,,,0,13,,10226,19,,,0,17,,10227,22,,,0,12,,10228,19,,,0,58,,10229,22,,,0,12,,10230,19,,,0,18,,10231,22,,,0,12,,10232,19,,,0,58,,10233,22,,,0,12,,10234,19,,,0,18,,10235,22,,,0,11,,10249,19,,,0,56,,10250,22,,,0,13,,10236,19,,,0,32,,10237,22,,,0,67,,10238,19,,,0,33,,10239,22,,,0,67,,10240,19,,,0,31,,10241,22,,,0,69,,10242,19,,,0,31,,10243,22,,,0,69,,10244,19,,,0,30,,10245,22,,,0,69,,10246,19,,,0,33,,10247,22,,,0,72,,10251,19,,,0,30,,10252,22,,,0,95,,10254,22,,,0
701,'5518',714,,10255,19,,,0,27,,10256,22,,,0,99,,10257,19,,,0,97,,10258,22,,,0,73,,10261,19,,,0,30,,10259,19,,,0,67,,10260,22,,,0,33,,10268,19,,,0,67,,10263,22,,,0,28,,10262,19,,,0,72,,10265,22,,,0,28,,10275,19,,,0,72,,10267,22,,,0,29,,10271,19,,,0,71,,10266,22,,,0,29,,10264,19,,,0,71,,10270,22,,,0,28,,10274,19,,,0,72,,10269,22,,,0,28,,10276,19,,,0,71,,10272,22,,,0,29,,10278,19,,,0,101,,10273,22,,,0,99,,10281,19,,,0,104,,10277,22,,,0,96,,10279,19,,,0,101,,10280,22,,,0
701,'5520',601,,10282,2,,,0,18,,10283,19,,,0,17,,10284,22,,,0,14,,10285,19,,,0,56,,10286,22,,,0,6,,10287,19,,,0,10,,10288,22,,,0,15,,10289,19,,,0,19,,10290,22,,,0,52,,10291,19,,,0,19,,10292,22,,,0,11,,10293,19,,,0,16,,10294,22,,,0,52,,10295,19,,,0,18,,10296,22,,,0,13,,10332,19,,,0,17,,10297,22,,,0,53,,10337,19,,,0,17,,10298,22,,,0,29,,10299,19,,,0,73,,10300,22,,,0,27,,10301,19,,,0,72,,10302,22,,,0,28,,10303,19,,,0,72,,10304,22,,,0,28,,10305,19,,,0,74,,10306,22,,,0,11,,10307,19,,,0,15,,10308,19,,,0,58,,10309,22,,,0,13,,10310,19,,,0,17,,10311,22,,,0,12,,10312,19,,,0,58,,10313,22,,,0,12,,10314,19,,,0,18,,10315,22,,,0,12,,10316,19,,,0,58,,10317,22,,,0,12,,10318,19,,,0,18,,10319,22,,,0,11,,10333,19,,,0,56,,10334,22,,,0,13,,10320,19,,,0,32,,10321,22,,,0,67,,10322,19,,,0,33,,10323,22,,,0,67,,10324,19,,,0,31,,10325,22,,,0,69,,10326,19,,,0,31,,10327,22,,,0,69,,10328,19,,,0,30,,10329,22,,,0,69,,10330,19,,,0,33,,10331,22,,,0,72,,10335,19,,,0,30,,10336,22,,,0
701,'5526',629,,10376,22,,,0,30,,10375,19,,,0,71,,10363,22,,,0,70,,10338,19,,,0,30,,10339,19,,,0,71,,10340,22,,,0,29,,10341,19,,,0,70,,10349,19,,,0,31,,10354,22,,,0,14,,10367,19,,,0,56,,10353,22,,,0,15,,10368,19,,,0,22,,10356,19,,,0,72,,10352,22,,,0,28,,10355,19,,,0,70,,10348,19,,,0,32,,10358,22,,,0,68,,10351,19,,,0,30,,10371,22,,,0,13,,10359,19,,,0,55,,10372,19,,,0,16,,10360,22,,,0,14,,10370,19,,,0,15,,10347,19,,,0,56,,10373,22,,,0,14,,10357,19,,,0,15,,10369,19,,,0,64,,10350,22,,,0,29,,10361,19,,,0,30,,10342,19,,,0,76,,10345,22,,,0,74,,10346,19,,,0,36,,10364,22,,,0,74,,10365,19,,,0,105,,10344,19,,,0,97,,10343,22,,,0,102,,10362,19,,,0,99,,10366,19,,,0,26,,10374,22,,,0,69,,10377,19,,,0
901,'5475',611,,10589,14,,,0,30,,10590,14,,,0,71,,10591,14,,,0,16,,10592,14,,,0,15,,10593,14,,,0,16,,10594,14,,,0,55,,10595,14,,,0,15,,10596,14,,,0,7,,10597,14,,,0,9,,10598,14,,,0,13,,10599,14,,,0,55,,10600,14,,,0,15,,10601,14,,,0,15,,10602,14,,,0,15,,10603,14,,,0,55,,10604,14,,,0,15,,10605,14,,,0,15,,10606,14,,,0,15,,10607,14,,,0,56,,10608,14,,,0,15,,10609,14,,,0,15,,10610,14,,,0,15,,10611,14,,,0,55,,10612,14,,,0,15,,10613,14,,,0,14,,10614,14,,,0,16,,10615,14,,,0,55,,10616,14,,,0,15,,10617,14,,,0,15,,10618,14,,,0,15,,10619,14,,,0,54,,10620,14,,,0,16,,10621,14,,,0,14,,10622,14,,,0,15,,10623,14,,,0,56,,10624,14,,,0,7,,10625,14,,,0,8,,10626,14,,,0,16,,10627,14,,,0,14,,10628,14,,,0,55,,10629,14,,,0,16,,10630,14,,,0,15,,10631,14,,,0,55,,10632,14,,,0,8,,10633,14,,,0,7,,10634,14,,,0,14,,10635,14,,,0,15,,10636,14,,,0,15,,10637,14,,,0,54,,10638,14,,,0,15,,10639,14,,,0,15,,10640,14,,,0,15,,10641,14,,,0,54,,10642,14,,,0,15,,10643,14,,,0,16,,10644,14,,,0,14,,10645,14,,,0,55,,10646,14,,,0,20,,10647,14,,,0,20,,10648,14,,,0,74,,10649,14,,,0,30,,10650,14,,,0,66,,10651,14,,,0,33,,10652,14,,,0,67,,10653,14,,,0,33,,10654,14,,,0,67,,10655,14,,,0,30,,10656,14,,,0
901,'5518',711,,10657,14,,,0,30,,10660,14,,,0,70,,10658,14,,,0,30,,10659,14,,,0,70,,10664,14,,,0,30,,10661,14,,,0,70,,10663,14,,,0,30,,10662,14,,,0,70,,10667,14,,,0,30,,10665,14,,,0,70,,10666,14,,,0,31,,10671,14,,,0,70,,10669,14,,,0,30,,10672,14,,,0,70,,10668,14,,,0,30,,10670,14,,,0,71,,10684,14,,,0,30,,10674,14,,,0,70,,10675,14,,,0,29,,10673,14,,,0,70,,10676,14,,,0,30,,10677,14,,,0,70,,10689,14,,,0,30,,10681,14,,,0,70,,10678,14,,,0,29,,10680,14,,,0,70,,10679,14,,,0,30,,10682,14,,,0,70,,10688,14,,,0,30,,10683,14,,,0,70,,10685,14,,,0,29,,10686,14,,,0,70,,10687,14,,,0,30,,10690,14,,,0
901,'5520',611,,10691,14,,,0,30,,10692,14,,,0,71,,10693,14,,,0,16,,10694,14,,,0,15,,10695,14,,,0,16,,10696,14,,,0,55,,10697,14,,,0,15,,10698,14,,,0,7,,10699,14,,,0,9,,10700,14,,,0,13,,10701,14,,,0,55,,10702,14,,,0,15,,10703,14,,,0,15,,10704,14,,,0,15,,10705,14,,,0,55,,10706,14,,,0,15,,10707,14,,,0,15,,10708,14,,,0,15,,10709,14,,,0,56,,10710,14,,,0,15,,10711,14,,,0,15,,10712,14,,,0,15,,10713,14,,,0,55,,10714,14,,,0,15,,10715,14,,,0,14,,10716,14,,,0,16,,10717,14,,,0,55,,10718,14,,,0,15,,10719,14,,,0,15,,10720,14,,,0,15,,10721,14,,,0,54,,10722,14,,,0,16,,10723,14,,,0,14,,10724,14,,,0,15,,10725,14,,,0,56,,10726,14,,,0,7,,10727,14,,,0,8,,10728,14,,,0,16,,10729,14,,,0,14,,10730,14,,,0,55,,10731,14,,,0,16,,10732,14,,,0,15,,10733,14,,,0,55,,10734,14,,,0,8,,10735,14,,,0,7,,10736,14,,,0,14,,10737,14,,,0,15,,10738,14,,,0,15,,10739,14,,,0,54,,10740,14,,,0,15,,10741,14,,,0,15,,10742,14,,,0,15,,10743,14,,,0,54,,10744,14,,,0,15,,10745,14,,,0,16,,10746,14,,,0,14,,10747,14,,,0,55,,10748,14,,,0,20,,10749,14,,,0,20,,10750,14,,,0,74,,10751,14,,,0,30,,10752,14,,,0,66,,10753,14,,,0,33,,10754,14,,,0,67,,10755,14,,,0,33,,10756,14,,,0,67,,10757,14,,,0,30,,10758,14,,,0
901,'5526',610,,10797,14,,,0,30,,10798,14,,,0,72,,10785,14,,,0,30,,10781,14,,,0,70,,10759,14,,,0,30,,10763,14,,,0,71,,10761,14,,,0,30,,10760,14,,,0,70,,10762,14,,,0,29,,10764,14,,,0,15,,10791,14,,,0,55,,10765,14,,,0,15,,10789,14,,,0,15,,10767,14,,,0,72,,10768,14,,,0,30,,10769,14,,,0,70,,10766,14,,,0,30,,10770,14,,,0,70,,10771,14,,,0,14,,10796,14,,,0,15,,10773,14,,,0,15,,10793,14,,,0,55,,10775,14,,,0,15,,10795,14,,,0,15,,10777,14,,,0,15,,10790,14,,,0,55,,10778,14,,,0,15,,10792,14,,,0,15,,10774,14,,,0,15,,10794,14,,,0,55,,10772,14,,,0,30,,10776,14,,,0,75,,10779,14,,,0,40,,10787,14,,,0,70,,10782,14,,,0,100,,10783,14,,,0,100,,10784,14,,,0,99,,10780,14,,,0,105,,10786,14,,,0,104,,10788,14,,,0,104,,10799,14,,,0
