700,'5475',613,,10018,1,,,0,18,,10019,1,,,0,17,,10020,1,,,0,54,,10021,1,,,0,16,,10022,1,,,0,6,,10023,1,,,0,10,,10024,1,,,0,17,,10025,1,,,0,60,,10026,1,,,0,11,,10027,1,,,0,19,,10028,1,,,0,11,,10029,1,,,0,56,,10030,1,,,0,12,,10031,1,,,0,18,,10032,1,,,0,13,,10048,1,,,0,57,,10033,1,,,0,13,,10073,1,,,0,17,,10034,1,,,0,69,,10035,1,,,0,34,,10036,1,,,0,67,,10037,1,,,0,32,,10038,1,,,0,68,,10039,1,,,0,32,,10040,1,,,0,69,,10041,1,,,0,34,,10042,1,,,0,11,,10043,1,,,0,55,,10044,1,,,0,18,,10045,1,,,0,13,,10046,1,,,0,17,,10047,1,,,0,52,,10049,1,,,0,18,,10052,1,,,0,12,,10064,1,,,0,18,,10053,1,,,0,52,,10050,1,,,0,18,,10054,1,,,0,11,,10065,1,,,0,18,,10055,1,,,0,50,,10051,1,,,0,16,,10056,1,,,0,13,,10067,1,,,0,72,,10057,1,,,0,27,,10066,1,,,0,73,,10058,1,,,0,27,,10069,1,,,0,71,,10059,1,,,0,29,,10068,1,,,0,70,,10060,1,,,0,28,,10070,1,,,0,70,,10061,1,,,0,28,,10071,1,,,0,73,,10062,1,,,0,31,,10072,1,,,0,70,,10063,1,,,0,55,,10074,1,,,0
700,'5518',726,,10075,1,,,0,27,,10076,1,,,0,100,,10077,1,,,0,97,,10078,1,,,0,73,,10080,1,,,0,30,,10079,1,,,0,67,,10082,1,,,0,33,,10088,1,,,0,67,,10083,1,,,0,29,,10081,1,,,0,72,,10084,1,,,0,28,,10095,1,,,0,72,,10086,1,,,0,29,,10090,1,,,0,71,,10085,1,,,0,29,,10087,1,,,0,71,,10089,1,,,0,27,,10093,1,,,0,72,,10091,1,,,0,27,,10096,1,,,0,71,,10092,1,,,0,29,,10098,1,,,0,101,,10094,1,,,0,99,,10100,1,,,0,104,,10097,1,,,0,95,,10099,1,,,0,101,,10101,1,,,0
700,'5520',613,,10102,1,,,0,18,,10103,1,,,0,17,,10104,1,,,0,54,,10105,1,,,0,16,,10106,1,,,0,6,,10107,1,,,0,10,,10108,1,,,0,17,,10109,1,,,0,60,,10110,1,,,0,11,,10111,1,,,0,19,,10112,1,,,0,11,,10113,1,,,0,56,,10114,1,,,0,12,,10115,1,,,0,18,,10116,1,,,0,13,,10132,1,,,0,57,,10117,1,,,0,13,,10157,1,,,0,17,,10118,1,,,0,69,,10119,1,,,0,34,,10120,1,,,0,67,,10121,1,,,0,32,,10122,1,,,0,68,,10123,1,,,0,32,,10124,1,,,0,69,,10125,1,,,0,34,,10126,1,,,0,11,,10127,1,,,0,55,,10128,1,,,0,18,,10129,1,,,0,13,,10130,1,,,0,17,,10131,1,,,0,52,,10133,1,,,0,18,,10136,1,,,0,12,,10148,1,,,0,18,,10137,1,,,0,52,,10134,1,,,0,18,,10138,1,,,0,11,,10149,1,,,0,18,,10139,1,,,0,50,,10135,1,,,0,16,,10140,1,,,0,13,,10151,1,,,0,72,,10141,1,,,0,27,,10150,1,,,0,73,,10142,1,,,0,27,,10153,1,,,0,71,,10143,1,,,0,29,,10152,1,,,0,70,,10144,1,,,0,28,,10154,1,,,0,70,,10145,1,,,0,28,,10155,1,,,0,73,,10146,1,,,0,31,,10156,1,,,0,70,,10147,1,,,0
700,'5526',641,,10197,1,,,0,70,,10195,1,,,0,31,,10183,1,,,0,70,,10158,1,,,0,31,,10159,1,,,0,71,,10161,1,,,0,29,,10160,1,,,0,71,,10167,1,,,0,31,,10172,1,,,0,14,,10187,1,,,0,56,,10173,1,,,0,15,,10188,1,,,0,22,,10175,1,,,0,73,,10170,1,,,0,28,,10176,1,,,0,70,,10169,1,,,0,32,,10177,1,,,0,68,,10171,1,,,0,30,,10189,1,,,0,53,,10178,1,,,0,14,,10190,1,,,0,16,,10179,1,,,0,14,,10193,1,,,0,55,,10168,1,,,0,16,,10192,1,,,0,14,,10180,1,,,0,15,,10191,1,,,0,64,,10174,1,,,0,29,,10181,1,,,0,70,,10162,1,,,0,36,,10163,1,,,0,73,,10164,1,,,0,36,,10185,1,,,0,74,,10184,1,,,0,105,,10165,1,,,0,96,,10166,1,,,0,101,,10182,1,,,0,98,,10186,1,,,0,26,,10194,1,,,0,69,,10196,1,,,0
701,'5475',613,,10198,16,4,,0,18,,10199,33,4,,0,17,,10200,36,4,,0,54,,10201,33,4,,0,16,,10202,36,4,,0,6,,10203,33,4,,0,10,,10204,36,4,,0,17,,10205,33,4,,0,60,,10206,36,4,,0,11,,10207,33,4,,0,19,,10208,36,4,,0,11,,10209,33,4,,0,56,,10210,36,4,,0,12,,10211,33,4,,0,18,,10212,36,4,,0,13,,10248,33,4,,0,57,,10213,36,4,,0,13,,10253,33,4,,0,17,,10214,36,4,,0,69,,10215,33,4,,0,34,,10216,36,4,,0,67,,10217,33,4,,0,32,,10218,36,4,,0,68,,10219,33,4,,0,32,,10220,36,4,,0,69,,10221,33,4,,0,34,,10222,36,4,,0,11,,10223,33,4,,0,55,,10224,33,4,,0,18,,10225,36,4,,0,13,,10226,33,4,,0,17,,10227,36,4,,0,52,,10228,33,4,,0,18,,10229,36,4,,0,12,,10230,33,4,,0,18,,10231,36,4,,0,52,,10232,33,4,,0,18,,10233,36,4,,0,11,,10234,33,4,,0,18,,10235,36,4,,0,50,,10249,33,4,,0,16,,10250,36,4,,0,13,,10236,33,4,,0,72,,10237,36,4,,0,27,,10238,33,4,,0,73,,10239,36,4,,0,27,,10240,33,4,,0,71,,10241,36,4,,0,29,,10242,33,4,,0,70,,10243,36,4,,0,28,,10244,33,4,,0,70,,10245,36,4,,0,28,,10246,33,4,,0,73,,10247,36,4,,0,31,,10251,33,4,,0,70,,10252,36,4,,0,55,,10254,36,4,,0
701,'5518',726,,10255,33,4,,0,27,,10256,36,4,,0,100,,10257,33,4,,0,97,,10258,36,4,,0,73,,10261,33,4,,0,30,,10259,33,4,,0,67,,10260,36,4,,0,33,,10268,33,4,,0,67,,10263,36,4,,0,29,,10262,33,4,,0,72,,10265,36,4,,0,28,,10275,33,4,,0,72,,10267,36,4,,0,29,,10271,33,4,,0,71,,10266,36,4,,0,29,,10264,33,4,,0,71,,10270,36,4,,0,27,,10274,33,4,,0,72,,10269,36,4,,0,27,,10276,33,4,,0,71,,10272,36,4,,0,29,,10278,33,4,,0,101,,10273,36,4,,0,99,,10281,33,4,,0,104,,10277,36,4,,0,95,,10279,33,4,,0,101,,10280,36,4,,0
701,'5520',613,,10282,16,4,,0,18,,10283,33,4,,0,17,,10284,36,4,,0,54,,10285,33,4,,0,16,,10286,36,4,,0,6,,10287,33,4,,0,10,,10288,36,4,,0,17,,10289,33,4,,0,60,,10290,36,4,,0,11,,10291,33,4,,0,19,,10292,36,4,,0,11,,10293,33,4,,0,56,,10294,36,4,,0,12,,10295,33,4,,0,18,,10296,36,4,,0,13,,10332,33,4,,0,57,,10297,36,4,,0,13,,10337,33,4,,0,17,,10298,36,4,,0,69,,10299,33,4,,0,34,,10300,36,4,,0,67,,10301,33,4,,0,32,,10302,36,4,,0,68,,10303,33,4,,0,32,,10304,36,4,,0,69,,10305,33,4,,0,34,,10306,36,4,,0,11,,10307,33,4,,0,55,,10308,33,4,,0,18,,10309,36,4,,0,13,,10310,33,4,,0,17,,10311,36,4,,0,52,,10312,33,4,,0,18,,10313,36,4,,0,12,,10314,33,4,,0,18,,10315,36,4,,0,52,,10316,33,4,,0,18,,10317,36,4,,0,11,,10318,33,4,,0,18,,10319,36,4,,0,50,,10333,33,4,,0,16,,10334,36,4,,0,13,,10320,33,4,,0,72,,10321,36,4,,0,27,,10322,33,4,,0,73,,10323,36,4,,0,27,,10324,33,4,,0,71,,10325,36,4,,0,29,,10326,33,4,,0,70,,10327,36,4,,0,28,,10328,33,4,,0,70,,10329,36,4,,0,28,,10330,33,4,,0,73,,10331,36,4,,0,31,,10335,33,4,,0,70,,10336,36,4,,0
701,'5526',641,,10376,36,4,,0,70,,10375,33,4,,0,31,,10363,36,4,,0,70,,10338,33,4,,0,31,,10339,33,4,,0,71,,10340,36,4,,0,29,,10341,33,4,,0,71,,10349,33,4,,0,31,,10354,36,4,,0,14,,10367,33,4,,0,56,,10353,36,4,,0,15,,10368,33,4,,0,22,,10356,33,4,,0,73,,10352,36,4,,0,28,,10355,33,4,,0,70,,10348,33,4,,0,32,,10358,36,4,,0,68,,10351,33,4,,0,30,,10371,36,4,,0,53,,10359,33,4,,0,14,,10372,33,4,,0,16,,10360,36,4,,0,14,,10370,33,4,,0,55,,10347,33,4,,0,16,,10373,36,4,,0,14,,10357,33,4,,0,15,,10369,33,4,,0,64,,10350,36,4,,0,29,,10361,33,4,,0,70,,10342,33,4,,0,36,,10345,36,4,,0,73,,10346,33,4,,0,36,,10364,36,4,,0,74,,10365,33,4,,0,105,,10344,33,4,,0,96,,10343,36,4,,0,101,,10362,33,4,,0,98,,10366,33,4,,0,26,,10374,36,4,,0,69,,10377,33,4,,0
7300,'5475',740,,11464,9,,,0
7300,'5520',740,,11465,9,,,0
7301,'5475',1528,,11466,23,,,0
7301,'5520',1528,,11467,23,,,0
7900,'5475',745,,11481,9,0,6,0
7900,'5520',745,,11482,9,0,6,0
7901,'5475',1509,,11483,9,0,6,0
7901,'5522',1509,,11484,9,0,6,0
7901,'5525',1509,,11485,9,0,6,0
