401,'5475',613,,9669,9,,,0,25,,9673,9,,,0,87,,9671,9,,,0,30,,9675,9,,,0,70,,9672,9,,,0,30,,9676,9,,,0,70,,9697,9,,,0,30,,9670,9,,,0,70,,9679,9,,,0,30,,9680,9,,,0,71,,9678,9,,,0,30,,9677,9,,,0,70,,9686,9,,,0,30,,9698,9,,,0,70,,9685,9,,,0,30,,9674,9,,,0,70,,9695,9,,,0,30,,9684,9,,,0,61,,9699,9,,,0,10,,9694,9,,,0,30,,9691,9,,,0,52,,9700,9,,,0,18,,9682,9,,,0,30,,9681,9,,,0,69,,9690,9,,,0,30,,9683,9,,,0,69,,9692,9,,,0,97,,9693,9,,,0,97,,9688,9,,,0,100,,9687,9,,,0,100,,9689,9,,,0,118,,9696,9,,,0,15,,9701,9,,,0,150,,9702,9,,,0
401,'5518',820,,9706,9,,,0,117,,9703,9,,,0,120,,9704,9,,,0,160,,9705,9,,,0,94,,9709,9,,,0,126,,9707,9,,,0,167,,9708,9,,,0,125,,9710,9,,,0,120,,9711,9,,,0
401,'5520',613,,9712,9,,,0,25,,9716,9,,,0,87,,9714,9,,,0,30,,9718,9,,,0,70,,9715,9,,,0,30,,9719,9,,,0,70,,9740,9,,,0,30,,9713,9,,,0,70,,9722,9,,,0,30,,9723,9,,,0,71,,9721,9,,,0,30,,9720,9,,,0,70,,9729,9,,,0,30,,9741,9,,,0,70,,9728,9,,,0,30,,9717,9,,,0,70,,9738,9,,,0,30,,9727,9,,,0,61,,9742,9,,,0,10,,9737,9,,,0,30,,9734,9,,,0,52,,9743,9,,,0,18,,9725,9,,,0,30,,9724,9,,,0,69,,9733,9,,,0,30,,9726,9,,,0,69,,9735,9,,,0,97,,9736,9,,,0,97,,9731,9,,,0,100,,9730,9,,,0,100,,9732,9,,,0,118,,9739,9,,,0
401,'5526',807,,9744,9,,,0,25,,9745,9,,,0,25,,9747,9,,,0,65,,9746,9,,,0,25,,9748,9,,,0,65,,9750,9,,,0,25,,9751,9,,,0,66,,9752,9,,,0,25,,9749,9,,,0,26,,9754,9,,,0,66,,9756,9,,,0,28,,9753,9,,,0,67,,9755,9,,,0,28,,9757,9,,,0,67,,9759,9,,,0,30,,9762,9,,,0,67,,9763,9,,,0,29,,9761,9,,,0,67,,9764,9,,,0,26,,9765,9,,,0,27,,9760,9,,,0,67,,9758,9,,,0,27,,9766,9,,,0,67,,9768,9,,,0,35,,9767,9,,,0,100,,9769,9,,,0,100,,9770,9,,,0,100,,9771,9,,,0,100,,9772,9,,,0
7001,'5475',1517,,11458,8,,,0
7001,'5520',1517,,11459,8,,,0
7301,'5475',1517,,11466,8,,,0
7301,'5520',1517,,11467,8,,,0
7401,'5475',1528,,11468,5,,,0
7401,'5522',1528,,11469,5,,,0
7401,'5525',1428,,11470,5,,,0
7701,'5475',1534,,11475,8,,,0
7701,'5520',1534,,11476,8,,,0
