1400,'5475',614,,11006,7,,,0,31,,11005,7,,,0,86,,10998,7,,,0,27,,11000,7,0,7 8 2 9 2 10,0,84,,11003,7,,,0,91,,11001,7,,,0,114,,10999,7,,,0,185,,11007,7,,,0,217,,11002,7,0,9,0,155,,11008,7,,,0,39,,11009,7,,,0,75,,11010,7,,,0,39,,11011,7,,,0,145,,11004,7,,,0,114,,11012,7,,,0,30,,11013,7,,,0,365,,11015,7,,,0,29,,11014,7,,,0
1400,'5518',906,,11017,7,,,0,200,,11016,7,,,0,130,,11021,7,,,0,95,,11018,7,,,0,100,,11019,7,,,0,170,,11020,7,,,0,225,,11022,7,,,0
1400,'5520',614,,11031,7,,,0,31,,11030,7,,,0,86,,11023,7,,,0,27,,11025,7,0,7 8 2 9 2 10,0,84,,11028,7,,,0,91,,11026,7,,,0,114,,11024,7,,,0,185,,11032,7,,,0,217,,11027,7,0,9,0,155,,11033,7,,,0,39,,11034,7,,,0,75,,11035,7,,,0,39,,11036,7,,,0,145,,11029,7,,,0,114,,11037,7,,,0,30,,11038,7,,,0
1400,'5526',801,,11039,7,,,0,135,,11042,7,,,0,95,,11048,7,,,0,101,,11045,7,,,0,100,,11041,7,,,0,100,,11046,7,,,0,105,,11043,7,,,0,211,,11044,7,,,0,208,,11040,7,,,0,100,,11047,7,,,0
8001,'5475',1454,,11486,6,,,0,3,,11486,13,,,0
8001,'5522',1454,,11487,6,,,0,3,,11487,13,,,0
8001,'5525',1459,,11488,6,,,0,43,,11488,13,,,0
8100,'5475',748,,11489,15,,,0
8100,'5520',748,,11490,15,,,0
8101,'5475',1542,,11491,42,,,0
8101,'5522',1542,,11492,42,,,0
8101,'5525',1436,,11493,42,,,0
