601,'5475',703,,9953,5,,,0,100,,9954,5,,,0,105,,9955,5,,,0,95,,9957,5,,,0,25,,9956,5,,,0,75,,9958,5,,,0,120,,9959,5,,,0,80,,9960,5,,,0,100,,9961,5,,,0,102,,9962,7,,,0,38,,9963,5,,,0,80,,9964,5,,,0,16,,9965,5,,,0,77,,9968,5,,,0,27,,9966,5,,,0,70,,9967,5,,,0,100,,9969,5,,,0,234,,9970,5,,,0,275,,9971,5,,,0
601,'5518',808,,9972,5,,,0,120,,9973,5,,,0,95,,9976,5,,,0,110,,9975,5,,,0,100,,9974,5,,,0,100,,9979,5,,,0,100,,9977,5,,,0,100,,9978,5,,,0,105,,9980,5,,,0,95,,9981,5,,,0,105,,9983,5,,,0,100,,9982,5,,,0
601,'5520',703,,9984,5,,,0,100,,9985,5,,,0,105,,9986,5,,,0,95,,9988,5,,,0,25,,9987,5,,,0,75,,9989,5,,,0,120,,9990,5,,,0,80,,9991,5,,,0,100,,9992,5,,,0,102,,9993,7,,,0,38,,9994,5,,,0,80,,9995,5,,,0,16,,9996,5,,,0,77,,9999,5,,,0,27,,9997,5,,,0,70,,9998,5,,,0,100,,10000,5,,,0,234,,10001,5,,,0
601,'5526',803,,10003,5,,,0,105,,10004,5,,,0,95,,10006,5,,,0,100,,10007,5,,,0,100,,10002,5,,,0,100,,10005,5,,,0,100,,10008,5,,,0,100,,10009,5,,,0,30,,10011,5,,,0,70,,10013,5,,,0,30,,10017,5,,,0,70,,10014,5,,,0,30,,10016,5,,,0,70,,10012,5,,,0,145,,10010,5,,,0,164,,10015,5,,,0
700,'5475',655,,10019,35,,,0,71,,10021,35,,,0,24,,10023,35,,,0,70,,10025,35,,,0,29,,10027,35,,,0,69,,10029,35,,,0,28,,10031,35,,,0,71,,10048,35,,,0,30,,10073,35,,,0,89,,10035,35,,,0,101,,10037,35,,,0,100,,10039,35,,,0,103,,10041,35,,,0,84,,10043,35,,,0,15,,10044,35,,,0,71,,10046,35,,,0,29,,10049,35,,,0,69,,10064,35,,,0,31,,10050,35,,,0,66,,10065,35,,,0,28,,10051,35,,,0,69,,10067,35,,,0,99,,10066,35,,,0,58,,10069,35,,,0,100,,10068,35,,,0,96,,10070,35,,,0,96,,10071,35,,,0,104,,10072,35,,,0
700,'5518',750,,10075,35,,,0,167,,10077,35,,,0,130,,10080,35,,,0,70,,10079,35,,,0,100,,10088,35,,,0,97,,10081,35,,,0,101,,10095,35,,,0,102,,10090,35,,,0,100,,10087,35,,,0,99,,10093,35,,,0,97,,10096,35,,,0,99,,10098,35,,,0,200,,10100,35,,,0,198,,10099,35,,,0
700,'5520',655,,10103,35,,,0,71,,10105,35,,,0,24,,10107,35,,,0,70,,10109,35,,,0,29,,10111,35,,,0,69,,10113,35,,,0,28,,10115,35,,,0,71,,10132,35,,,0,30,,10157,35,,,0,89,,10119,35,,,0,101,,10121,35,,,0,100,,10123,35,,,0,103,,10125,35,,,0,84,,10127,35,,,0,15,,10128,35,,,0,71,,10130,35,,,0,29,,10133,35,,,0,69,,10148,35,,,0,31,,10134,35,,,0,66,,10149,35,,,0,28,,10135,35,,,0,69,,10151,35,,,0,99,,10150,35,,,0,58,,10153,35,,,0,100,,10152,35,,,0,96,,10154,35,,,0,96,,10155,35,,,0,104,,10156,35,,,0
700,'5526',734,,10195,35,,,0,101,,10158,35,,,0,71,,10159,35,,,0,100,,10160,35,,,0,31,,10167,35,,,0,85,,10187,35,,,0,31,,10188,35,,,0,64,,10175,35,,,0,103,,10176,35,,,0,30,,10169,35,,,0,100,,10171,35,,,0,83,,10178,35,,,0,14,,10190,35,,,0,70,,10193,35,,,0,15,,10168,35,,,0,70,,10180,35,,,0,15,,10191,35,,,0,93,,10181,35,,,0,30,,10162,35,,,0,107,,10164,35,,,0,110,,10184,35,,,0,145,,10165,35,,,0,154,,10182,35,,,0,96,,10186,35,,,0,95,,10196,35,,,0
7200,'5475',801,,11462,29,,,0
7200,'5520',801,,11463,29,,,0
