700,'5475',615,,10018,5,,,0,18,,10019,5,,,0,17,,10020,5,,,0,54,,10021,5,,,0,16,,10022,5,,,0,6,,10023,5,,,0,10,,10024,5,,,0,17,,10025,5,,,0,60,,10026,5,,,0,11,,10027,5,,,0,19,,10028,5,,,0,11,,10029,5,,,0,56,,10030,5,,,0,12,,10031,5,,,0,18,,10032,5,,,0,13,,10048,5,,,0,57,,10033,5,,,0,13,,10073,5,,,0,17,,10034,5,,,0,69,,10035,5,,,0,34,,10036,5,,,0,67,,10037,5,,,0,32,,10038,5,,,0,68,,10039,5,,,0,32,,10040,5,,,0,69,,10041,5,,,0,34,,10042,5,,,0,11,,10043,5,,,0,55,,10044,5,,,0,18,,10045,5,,,0,13,,10046,5,,,0,17,,10047,5,,,0,52,,10049,5,,,0,18,,10052,5,,,0,12,,10064,5,,,0,18,,10053,5,,,0,52,,10050,5,,,0,18,,10054,5,,,0,11,,10065,5,,,0,18,,10055,5,,,0,50,,10051,5,,,0,16,,10056,5,,,0,13,,10067,5,,,0,72,,10057,5,,,0,27,,10066,5,,,0,73,,10058,5,,,0,27,,10069,5,,,0,71,,10059,5,,,0,29,,10068,5,,,0,70,,10060,5,,,0,28,,10070,5,,,0,70,,10061,5,,,0,28,,10071,5,,,0,73,,10062,5,,,0,31,,10072,5,,,0,70,,10063,5,,,0,95,,10074,5,,,0
700,'5518',728,,10075,5,,,0,27,,10076,5,,,0,100,,10077,5,,,0,97,,10078,5,,,0,73,,10080,5,,,0,30,,10079,5,,,0,67,,10082,5,,,0,33,,10088,5,,,0,67,,10083,5,,,0,29,,10081,5,,,0,72,,10084,5,,,0,28,,10095,5,,,0,72,,10086,5,,,0,29,,10090,5,,,0,71,,10085,5,,,0,29,,10087,5,,,0,71,,10089,5,,,0,27,,10093,5,,,0,72,,10091,5,,,0,27,,10096,5,,,0,71,,10092,5,,,0,29,,10098,5,,,0,101,,10094,5,,,0,99,,10100,5,,,0,104,,10097,5,,,0,95,,10099,5,,,0,100,,10101,5,,,0
700,'5520',615,,10102,5,,,0,18,,10103,5,,,0,17,,10104,5,,,0,54,,10105,5,,,0,16,,10106,5,,,0,6,,10107,5,,,0,10,,10108,5,,,0,17,,10109,5,,,0,60,,10110,5,,,0,11,,10111,5,,,0,19,,10112,5,,,0,11,,10113,5,,,0,56,,10114,5,,,0,12,,10115,5,,,0,18,,10116,5,,,0,13,,10132,5,,,0,57,,10117,5,,,0,13,,10157,5,,,0,17,,10118,5,,,0,69,,10119,5,,,0,34,,10120,5,,,0,67,,10121,5,,,0,32,,10122,5,,,0,68,,10123,5,,,0,32,,10124,5,,,0,69,,10125,5,,,0,34,,10126,5,,,0,11,,10127,5,,,0,55,,10128,5,,,0,18,,10129,5,,,0,13,,10130,5,,,0,17,,10131,5,,,0,52,,10133,5,,,0,18,,10136,5,,,0,12,,10148,5,,,0,18,,10137,5,,,0,52,,10134,5,,,0,18,,10138,5,,,0,11,,10149,5,,,0,18,,10139,5,,,0,50,,10135,5,,,0,16,,10140,5,,,0,13,,10151,5,,,0,72,,10141,5,,,0,27,,10150,5,,,0,73,,10142,5,,,0,27,,10153,5,,,0,71,,10143,5,,,0,29,,10152,5,,,0,70,,10144,5,,,0,28,,10154,5,,,0,70,,10145,5,,,0,28,,10155,5,,,0,73,,10146,5,,,0,31,,10156,5,,,0,70,,10147,5,,,0
700,'5526',643,,10197,5,,,0,70,,10195,5,,,0,31,,10183,5,,,0,70,,10158,5,,,0,31,,10159,5,,,0,71,,10161,5,,,0,29,,10160,5,,,0,71,,10167,5,,,0,31,,10172,5,,,0,54,,10187,5,,,0,16,,10173,5,,,0,15,,10188,5,,,0,22,,10175,5,,,0,73,,10170,5,,,0,28,,10176,5,,,0,70,,10169,5,,,0,32,,10177,5,,,0,68,,10171,5,,,0,30,,10189,5,,,0,53,,10178,5,,,0,14,,10190,5,,,0,16,,10179,5,,,0,14,,10193,5,,,0,55,,10168,5,,,0,16,,10192,5,,,0,14,,10180,5,,,0,15,,10191,5,,,0,64,,10174,5,,,0,29,,10181,5,,,0,70,,10162,5,,,0,36,,10163,5,,,0,73,,10164,5,,,0,76,,10185,5,,,0,34,,10184,5,,,0,105,,10165,5,,,0,96,,10166,5,,,0,100,,10182,5,,,0,98,,10186,5,,,0,26,,10194,5,,,0,69,,10196,5,,,0
7001,'5475',1534,,11458,24,,,0
7001,'5520',1534,,11459,24,,,0
7200,'5475',743,,11462,11,,,0
7200,'5520',743,,11463,11,,,0
7300,'5475',742,,11464,13,,,0
7300,'5520',742,,11465,13,,,0
7301,'5475',1530,,11466,27,,,0
7301,'5520',1530,,11467,27,,,0
7401,'5475',1543,,11468,21,,,0
7401,'5522',1543,,11469,21,,,0
7401,'5525',1443,,11470,21,,,0
7701,'5475',1549,,11475,24,,,0
7701,'5520',1549,,11476,24,,,0
7900,'5475',754,,11481,19,0,6,0
7900,'5520',754,,11482,19,0,6,0
7901,'5475',1518,,11483,19,0,6,0
7901,'5522',1518,,11484,19,0,6,0
7901,'5525',1518,,11485,19,0,6,0
