300,'5475',623,,9331,4,,,0,22,,9318,4,,,0,60,,9311,4,,,0,9,,9312,4,,,0,15,,9306,4,,,0,18,,9334,4,,,0,58,,9320,4,,,0,16,,9323,4,,,0,19,,9324,4,,,0,19,,9316,4,,,0,70,,9317,4,,,0,30,,9319,4,,,0,71,,9341,4,,,0,70,,9326,4,,,0,30,,9314,4,,,0,71,,9328,4,,,0,30,,9340,4,,,0,70,,9302,4,,,0,31,,9325,4,,,0,70,,9303,4,,,0,33,,9335,4,,,0,15,,9313,4,,,0,55,,9321,4,,,0,10,,9342,4,,,0,5,,9344,4,,,0,15,,9305,4,,,0,13,,9304,4,,,0,55,,9332,4,,,0,15,,9308,4,,,0,15,,9310,4,,,0,15,,9339,4,,,0,55,,9322,4,,,0,14,,9301,4,,,0,14,,9307,4,,,0,15,,9330,4,,,0,55,,9309,4,,,0,29,,9338,4,,,0,29,,9329,4,,,0,70,,9343,4,,,0,30,,9327,4,,,0,99,,9337,4,,,0,99,,9333,4,,,0,100,,9336,4,,,0,96,,9300,4,0,17 18 19,0,100,,9345,4,,,0
300,'5518',759,,9346,4,,,0,93,,9348,4,,,0,100,,9347,4,,,0,101,,9353,4,,,0,103,,9349,4,,,0,100,,9355,4,,,0,100,,9350,4,,,0,100,,9351,4,,,0,100,,9356,4,,,0,100,,9352,4,,,0,98,,9358,4,,,0,98,,9354,4,,,0,106,,9357,4,,,0,99,,9359,4,,,0,100,,9360,4,0,17 18 19,0
300,'5520',623,,9392,4,,,0,22,,9379,4,,,0,60,,9372,4,,,0,9,,9373,4,,,0,15,,9367,4,,,0,18,,9395,4,,,0,58,,9381,4,,,0,16,,9384,4,,,0,19,,9385,4,,,0,19,,9377,4,,,0,70,,9378,4,,,0,30,,9380,4,,,0,71,,9402,4,,,0,70,,9387,4,,,0,30,,9375,4,,,0,71,,9389,4,,,0,30,,9401,4,,,0,70,,9363,4,,,0,31,,9386,4,,,0,70,,9364,4,,,0,33,,9396,4,,,0,15,,9374,4,,,0,55,,9382,4,,,0,10,,9403,4,,,0,5,,9405,4,,,0,15,,9366,4,,,0,13,,9365,4,,,0,55,,9393,4,,,0,15,,9369,4,,,0,15,,9371,4,,,0,15,,9400,4,,,0,55,,9383,4,,,0,14,,9362,4,,,0,14,,9368,4,,,0,15,,9391,4,,,0,55,,9370,4,,,0,29,,9399,4,,,0,29,,9390,4,,,0,70,,9404,4,,,0,30,,9388,4,,,0,99,,9398,4,,,0,99,,9394,4,,,0,100,,9397,4,,,0,96,,9361,4,0,17 18 19,0
300,'5526',714,,9407,4,,,0,30,,9406,4,,,0,76,,9408,4,,,0,36,,9411,4,,,0,70,,9412,4,,,0,31,,9410,4,,,0,70,,9409,4,,,0,30,,9413,4,,,0,70,,9414,4,,,0,30,,9416,4,,,0,71,,9415,4,,,0,30,,9419,4,,,0,70,,9420,4,,,0,30,,9418,4,,,0,70,,9422,4,,,0,31,,9423,4,,,0,70,,9421,4,,,0,30,,9425,4,,,0,70,,9417,4,,,0,30,,9426,4,,,0,70,,9424,4,,,0,30,,9428,4,,,0,75,,9429,4,,,0,24,,9430,4,,,0,85,,9431,4,,,0,105,,9433,4,,,0,105,,9434,4,,,0,103,,9427,4,,,0,98,,9432,4,,,0
1400,'5475',816,,11000,37,0,7 8 2 9 2 10,0
1400,'5520',816,,11025,37,0,7 8 2 9 2 10,0
8100,'5475',811,,11489,47,,,0
8100,'5520',811,,11490,47,,,0
8101,'5475',1520,,11491,9,,,0
8101,'5522',1520,,11492,9,,,0
8101,'5525',1414,,11493,9,,,0
