700,'5475',613,,10018,2,,,0,18,,10019,2,,,0,17,,10020,2,,,0,54,,10021,2,,,0,16,,10022,2,,,0,6,,10023,2,,,0,10,,10024,2,,,0,17,,10025,2,,,0,60,,10026,2,,,0,11,,10027,2,,,0,19,,10028,2,,,0,11,,10029,2,,,0,56,,10030,2,,,0,12,,10031,2,,,0,18,,10032,2,,,0,13,,10048,2,,,0,57,,10033,2,,,0,13,,10073,2,,,0,17,,10034,2,,,0,69,,10035,2,,,0,34,,10036,2,,,0,67,,10037,2,,,0,32,,10038,2,,,0,68,,10039,2,,,0,32,,10040,2,,,0,69,,10041,2,,,0,34,,10042,2,,,0,11,,10043,2,,,0,55,,10044,2,,,0,18,,10045,2,,,0,13,,10046,2,,,0,17,,10047,2,,,0,52,,10049,2,,,0,18,,10052,2,,,0,12,,10064,2,,,0,18,,10053,2,,,0,52,,10050,2,,,0,18,,10054,2,,,0,11,,10065,2,,,0,18,,10055,2,,,0,50,,10051,2,,,0,16,,10056,2,,,0,13,,10067,2,,,0,72,,10057,2,,,0,27,,10066,2,,,0,73,,10058,2,,,0,27,,10069,2,,,0,71,,10059,2,,,0,29,,10068,2,,,0,70,,10060,2,,,0,28,,10070,2,,,0,70,,10061,2,,,0,28,,10071,2,,,0,73,,10062,2,,,0,31,,10072,2,,,0,70,,10063,2,,,0,55,,10074,2,,,0
700,'5518',726,,10075,2,,,0,27,,10076,2,,,0,100,,10077,2,,,0,97,,10078,2,,,0,73,,10080,2,,,0,30,,10079,2,,,0,67,,10082,2,,,0,33,,10088,2,,,0,67,,10083,2,,,0,29,,10081,2,,,0,72,,10084,2,,,0,28,,10095,2,,,0,72,,10086,2,,,0,29,,10090,2,,,0,71,,10085,2,,,0,29,,10087,2,,,0,71,,10089,2,,,0,27,,10093,2,,,0,72,,10091,2,,,0,27,,10096,2,,,0,71,,10092,2,,,0,29,,10098,2,,,0,101,,10094,2,,,0,99,,10100,2,,,0,104,,10097,2,,,0,95,,10099,2,,,0,101,,10101,2,,,0
700,'5520',613,,10102,2,,,0,18,,10103,2,,,0,17,,10104,2,,,0,54,,10105,2,,,0,16,,10106,2,,,0,6,,10107,2,,,0,10,,10108,2,,,0,17,,10109,2,,,0,60,,10110,2,,,0,11,,10111,2,,,0,19,,10112,2,,,0,11,,10113,2,,,0,56,,10114,2,,,0,12,,10115,2,,,0,18,,10116,2,,,0,13,,10132,2,,,0,57,,10117,2,,,0,13,,10157,2,,,0,17,,10118,2,,,0,69,,10119,2,,,0,34,,10120,2,,,0,67,,10121,2,,,0,32,,10122,2,,,0,68,,10123,2,,,0,32,,10124,2,,,0,69,,10125,2,,,0,34,,10126,2,,,0,11,,10127,2,,,0,55,,10128,2,,,0,18,,10129,2,,,0,13,,10130,2,,,0,17,,10131,2,,,0,52,,10133,2,,,0,18,,10136,2,,,0,12,,10148,2,,,0,18,,10137,2,,,0,52,,10134,2,,,0,18,,10138,2,,,0,11,,10149,2,,,0,18,,10139,2,,,0,50,,10135,2,,,0,16,,10140,2,,,0,13,,10151,2,,,0,72,,10141,2,,,0,27,,10150,2,,,0,73,,10142,2,,,0,27,,10153,2,,,0,71,,10143,2,,,0,29,,10152,2,,,0,70,,10144,2,,,0,28,,10154,2,,,0,70,,10145,2,,,0,28,,10155,2,,,0,73,,10146,2,,,0,31,,10156,2,,,0,70,,10147,2,,,0
700,'5526',641,,10197,2,,,0,70,,10195,2,,,0,31,,10183,2,,,0,70,,10158,2,,,0,31,,10159,2,,,0,71,,10161,2,,,0,29,,10160,2,,,0,71,,10167,2,,,0,31,,10172,2,,,0,14,,10187,2,,,0,56,,10173,2,,,0,15,,10188,2,,,0,22,,10175,2,,,0,73,,10170,2,,,0,28,,10176,2,,,0,70,,10169,2,,,0,32,,10177,2,,,0,68,,10171,2,,,0,30,,10189,2,,,0,53,,10178,2,,,0,14,,10190,2,,,0,16,,10179,2,,,0,14,,10193,2,,,0,55,,10168,2,,,0,16,,10192,2,,,0,14,,10180,2,,,0,15,,10191,2,,,0,64,,10174,2,,,0,29,,10181,2,,,0,70,,10162,2,,,0,36,,10163,2,,,0,73,,10164,2,,,0,36,,10185,2,,,0,74,,10184,2,,,0,105,,10165,2,,,0,96,,10166,2,,,0,101,,10182,2,,,0,98,,10186,2,,,0,26,,10194,2,,,0,69,,10196,2,,,0
7300,'5475',740,,11464,10,,,0
7300,'5520',740,,11465,10,,,0
7301,'5475',1528,,11466,24,,,0
7301,'5520',1528,,11467,24,,,0
7900,'5475',745,,11481,10,0,6,0
7900,'5520',745,,11482,10,0,6,0
7901,'5475',1509,,11483,10,0,6,0
7901,'5522',1509,,11484,10,0,6,0
7901,'5525',1509,,11485,10,0,6,0
