300,'5475',627,,9331,12,,,0,22,,9318,12,,,0,60,,9311,12,,,0,9,,9312,12,,,0,15,,9306,12,,,0,18,,9334,12,,,0,58,,9320,12,,,0,16,,9323,12,,,0,19,,9324,12,,,0,59,,9316,12,,,0,30,,9317,12,,,0,70,,9319,12,,,0,31,,9341,12,,,0,70,,9326,12,,,0,30,,9314,12,,,0,71,,9328,12,,,0,30,,9340,12,,,0,70,,9302,12,,,0,31,,9325,12,,,0,70,,9303,12,,,0,33,,9335,12,,,0,15,,9313,12,,,0,55,,9321,12,,,0,10,,9342,12,,,0,5,,9344,12,,,0,15,,9305,12,,,0,13,,9304,12,,,0,55,,9332,12,,,0,15,,9308,12,,,0,15,,9310,12,,,0,15,,9339,12,,,0,54,,9322,12,,,0,14,,9301,12,,,0,14,,9307,12,,,0,15,,9330,12,,,0,55,,9309,12,,,0,29,,9338,12,,,0,69,,9329,12,,,0,30,,9343,12,,,0,70,,9327,12,,,0,99,,9337,12,,,0,99,,9333,12,,,0,100,,9336,12,,,0,56,,9300,12,0,17 18 19,0,100,,9345,12,,,0
300,'5518',802,,9346,12,,,0,53,,9348,12,,,0,100,,9347,12,,,0,101,,9353,12,,,0,103,,9349,12,,,0,100,,9355,12,,,0,100,,9350,12,,,0,100,,9351,12,,,0,100,,9356,12,,,0,100,,9352,12,,,0,98,,9358,12,,,0,98,,9354,12,,,0,146,,9357,12,,,0,99,,9359,12,,,0,100,,9360,12,0,17 18 19,0
300,'5520',627,,9392,12,,,0,22,,9379,12,,,0,60,,9372,12,,,0,9,,9373,12,,,0,15,,9367,12,,,0,18,,9395,12,,,0,58,,9381,12,,,0,16,,9384,12,,,0,19,,9385,12,,,0,59,,9377,12,,,0,30,,9378,12,,,0,70,,9380,12,,,0,31,,9402,12,,,0,70,,9387,12,,,0,30,,9375,12,,,0,71,,9389,12,,,0,30,,9401,12,,,0,70,,9363,12,,,0,31,,9386,12,,,0,70,,9364,12,,,0,33,,9396,12,,,0,15,,9374,12,,,0,55,,9382,12,,,0,10,,9403,12,,,0,5,,9405,12,,,0,15,,9366,12,,,0,13,,9365,12,,,0,55,,9393,12,,,0,15,,9369,12,,,0,15,,9371,12,,,0,15,,9400,12,,,0,54,,9383,12,,,0,14,,9362,12,,,0,14,,9368,12,,,0,15,,9391,12,,,0,55,,9370,12,,,0,29,,9399,12,,,0,69,,9390,12,,,0,30,,9404,12,,,0,70,,9388,12,,,0,99,,9398,12,,,0,99,,9394,12,,,0,100,,9397,12,,,0,56,,9361,12,0,17 18 19,0
300,'5526',717,,9407,12,,,0,30,,9406,12,,,0,76,,9408,12,,,0,36,,9411,12,,,0,70,,9412,12,,,0,71,,9410,12,,,0,30,,9409,12,,,0,70,,9413,12,,,0,30,,9414,12,,,0,70,,9416,12,,,0,31,,9415,12,,,0,70,,9419,12,,,0,30,,9420,12,,,0,70,,9418,12,,,0,30,,9422,12,,,0,71,,9423,12,,,0,30,,9421,12,,,0,70,,9425,12,,,0,30,,9417,12,,,0,70,,9426,12,,,0,30,,9424,12,,,0,70,,9428,12,,,0,35,,9429,12,,,0,64,,9430,12,,,0,45,,9431,12,,,0,105,,9433,12,,,0,105,,9434,12,,,0,103,,9427,12,,,0,99,,9432,12,,,0
1400,'5475',819,,11000,45,0,7 8 2 9 2 10,0
1400,'5520',819,,11025,45,0,7 8 2 9 2 10,0
8100,'5475',814,,11489,55,,,0
8100,'5520',814,,11490,55,,,0
8101,'5475',1523,,11491,17,,,0
8101,'5522',1523,,11492,17,,,0
8101,'5525',1417,,11493,17,,,0
