1400,'5475',613,,11006,5,,,0,31,,11005,5,,,0,85,,10998,5,,,0,27,,11000,5,0,7 8 2 9 2 10,0,84,,11003,5,,,0,91,,11001,5,,,0,114,,10999,5,,,0,185,,11007,5,,,0,217,,11002,5,0,9,0,155,,11008,5,,,0,39,,11009,5,,,0,75,,11010,5,,,0,39,,11011,5,,,0,145,,11004,5,,,0,114,,11012,5,,,0,30,,11013,5,,,0,365,,11015,5,,,0,29,,11014,5,,,0
1400,'5518',904,,11017,5,,,0,200,,11016,5,,,0,130,,11021,5,,,0,95,,11018,5,,,0,100,,11019,5,,,0,130,,11020,5,,,0,265,,11022,5,,,0
1400,'5520',613,,11031,5,,,0,31,,11030,5,,,0,85,,11023,5,,,0,27,,11025,5,0,7 8 2 9 2 10,0,84,,11028,5,,,0,91,,11026,5,,,0,114,,11024,5,,,0,185,,11032,5,,,0,217,,11027,5,0,9,0,155,,11033,5,,,0,39,,11034,5,,,0,75,,11035,5,,,0,39,,11036,5,,,0,145,,11029,5,,,0,114,,11037,5,,,0,30,,11038,5,,,0
1400,'5526',759,,11039,5,,,0,175,,11042,5,,,0,95,,11048,5,,,0,101,,11045,5,,,0,100,,11041,5,,,0,100,,11046,5,,,0,105,,11043,5,,,0,211,,11044,5,,,0,208,,11040,5,,,0,100,,11047,5,,,0
8001,'5475',1456,,11486,11,,,0
8001,'5522',1456,,11487,11,,,0
8001,'5525',1501,,11488,11,,,0
8100,'5475',747,,11489,13,,,0
8100,'5520',747,,11490,13,,,0
8101,'5475',1541,,11491,41,,,0
8101,'5522',1541,,11492,41,,,0
8101,'5525',1435,,11493,41,,,0
