300,'5475',635,,9331,24,,,0,22,,9318,24,,,0,60,,9311,24,,,0,9,,9312,24,,,0,16,,9306,24,,,0,59,,9334,24,,,0,18,,9320,24,,,0,15,,9323,24,,,0,19,,9324,24,,,0,59,,9316,24,,,0,31,,9317,24,,,0,70,,9319,24,,,0,31,,9341,24,,,0,70,,9326,24,,,0,30,,9314,24,,,0,71,,9328,24,,,0,30,,9340,24,,,0,70,,9302,24,,,0,31,,9325,24,,,0,71,,9303,24,,,0,33,,9335,24,,,0,55,,9313,24,,,0,15,,9321,24,,,0,10,,9342,24,,,0,4,,9344,24,,,0,15,,9305,24,,,0,52,,9304,24,,,0,15,,9332,24,,,0,15,,9308,24,,,0,15,,9310,24,,,0,55,,9339,24,,,0,14,,9322,24,,,0,14,,9301,24,,,0,14,,9307,24,,,0,15,,9330,24,,,0,55,,9309,24,,,0,28,,9338,24,,,0,69,,9329,24,,,0,30,,9343,24,,,0,70,,9327,24,,,0,99,,9337,24,,,0,99,,9333,24,,,0,100,,9336,24,,,0,95,,9300,24,0,17 18 19,0,101,,9345,24,,,0
300,'5518',811,,9346,24,,,0,93,,9348,24,,,0,100,,9347,24,,,0,101,,9353,24,,,0,103,,9349,24,,,0,100,,9355,24,,,0,100,,9350,24,,,0,100,,9351,24,,,0,100,,9356,24,,,0,100,,9352,24,,,0,97,,9358,24,,,0,98,,9354,24,,,0,106,,9357,24,,,0,99,,9359,24,,,0,100,,9360,24,0,17 18 19,0
300,'5520',635,,9392,24,,,0,22,,9379,24,,,0,60,,9372,24,,,0,9,,9373,24,,,0,16,,9367,24,,,0,59,,9395,24,,,0,18,,9381,24,,,0,15,,9384,24,,,0,19,,9385,24,,,0,59,,9377,24,,,0,31,,9378,24,,,0,70,,9380,24,,,0,31,,9402,24,,,0,70,,9387,24,,,0,30,,9375,24,,,0,71,,9389,24,,,0,30,,9401,24,,,0,70,,9363,24,,,0,31,,9386,24,,,0,71,,9364,24,,,0,33,,9396,24,,,0,55,,9374,24,,,0,15,,9382,24,,,0,10,,9403,24,,,0,4,,9405,24,,,0,15,,9366,24,,,0,52,,9365,24,,,0,15,,9393,24,,,0,15,,9369,24,,,0,15,,9371,24,,,0,55,,9400,24,,,0,14,,9383,24,,,0,14,,9362,24,,,0,14,,9368,24,,,0,15,,9391,24,,,0,55,,9370,24,,,0,28,,9399,24,,,0,69,,9390,24,,,0,30,,9404,24,,,0,70,,9388,24,,,0,99,,9398,24,,,0,99,,9394,24,,,0,100,,9397,24,,,0,95,,9361,24,0,17 18 19,0
300,'5526',725,,9407,24,,,0,30,,9406,24,,,0,77,,9408,24,,,0,76,,9411,24,,,0,30,,9412,24,,,0,71,,9410,24,,,0,30,,9409,24,,,0,70,,9413,24,,,0,30,,9414,24,,,0,70,,9416,24,,,0,31,,9415,24,,,0,70,,9419,24,,,0,30,,9420,24,,,0,70,,9418,24,,,0,30,,9422,24,,,0,71,,9423,24,,,0,30,,9421,24,,,0,70,,9425,24,,,0,30,,9417,24,,,0,69,,9426,24,,,0,30,,9424,24,,,0,70,,9428,24,,,0,35,,9429,24,,,0,64,,9430,24,,,0,45,,9431,24,,,0,105,,9433,24,,,0,145,,9434,24,,,0,103,,9427,24,,,0,98,,9432,24,,,0
1300,'5475',719,,10924,18,,,0,135,,10926,18,,,0,148,,10928,18,,,0,100,,10927,18,,,0,100,,10929,18,,,0,213,,10925,18,,,0,108,,10930,18,,,0,108,,10931,18,,,0,108,,10932,18,,,0,105,,10933,18,,,0,105,,10934,18,,,0,593,,10935,18,,,0
1300,'5518',845,,10937,18,,,0,363,,10938,18,,,0,325,,10936,18,,,0,271,,10939,18,,,0
1300,'5520',719,,10940,18,,,0,135,,10942,18,,,0,148,,10944,18,,,0,100,,10943,18,,,0,100,,10945,18,,,0,213,,10941,18,,,0,108,,10946,18,,,0,108,,10947,18,,,0,108,,10948,18,,,0,105,,10949,18,,,0,105,,10950,18,,,0
1300,'5526',756,,10952,18,,,0,102,,10953,18,,,0,145,,10951,18,,,0,100,,10954,18,,,0,102,,10955,18,,,0,197,,10958,18,,,0,146,,10959,18,,,0,100,,10956,18,,,0,99,,10960,18,,,0,100,,10961,18,,,0,99,,10957,18,,,0,99,,10962,18,,,0
1400,'5475',620,,11006,14,,,0,31,,11005,14,,,0,89,,10998,14,,,0,87,,11000,57,0,7 8 2 9 2 10,0,22,,11003,14,,,0,91,,11001,14,,,0,114,,10999,14,,,0,185,,11007,14,,,0,372,,11008,14,,,0,39,,11009,14,,,0,75,,11010,14,,,0,79,,11011,14,,,0,105,,11004,14,,,0,114,,11012,14,,,0,30,,11013,14,,,0,365,,11015,14,,,0,29,,11014,14,,,0
1400,'5518',912,,11017,14,,,0,200,,11016,14,,,0,130,,11021,14,,,0,95,,11018,14,,,0,100,,11019,14,,,0,170,,11020,14,,,0,225,,11022,14,,,0
1400,'5520',620,,11031,14,,,0,31,,11030,14,,,0,89,,11023,14,,,0,87,,11025,57,0,7 8 2 9 2 10,0,22,,11028,14,,,0,91,,11026,14,,,0,114,,11024,14,,,0,185,,11032,14,,,0,372,,11033,14,,,0,39,,11034,14,,,0,75,,11035,14,,,0,79,,11036,14,,,0,105,,11029,14,,,0,114,,11037,14,,,0,30,,11038,14,,,0
1400,'5526',807,,11039,14,,,0,135,,11042,14,,,0,96,,11048,14,,,0,101,,11045,14,,,0,100,,11041,14,,,0,100,,11046,14,,,0,105,,11043,14,,,0,213,,11044,14,,,0,245,,11040,14,,,0,100,,11047,14,,,0
8100,'5475',820,,11489,67,,,0
8100,'5520',820,,11490,67,,,0
8101,'5475',1548,,11491,50,,,0
8101,'5522',1548,,11492,50,,,0
8101,'5525',1442,,11493,50,,,0
