401,'5475',620,,9669,18,,,0,26,,9673,18,,,0,87,,9671,18,,,0,73,,9675,18,,,0,30,,9672,18,,,0,69,,9676,18,,,0,30,,9697,18,,,0,70,,9670,18,,,0,31,,9679,18,,,0,70,,9680,18,,,0,32,,9678,18,,,0,70,,9677,18,,,0,30,,9686,18,,,0,70,,9698,18,,,0,30,,9685,18,,,0,70,,9674,18,,,0,30,,9695,18,,,0,70,,9684,18,,,0,21,,9699,18,,,0,10,,9694,18,,,0,70,,9691,18,,,0,12,,9700,18,,,0,18,,9682,18,,,0,70,,9681,18,,,0,29,,9690,18,,,0,69,,9683,18,,,0,28,,9692,18,,,0,97,,9693,18,,,0,96,,9688,18,,,0,98,,9687,18,,,0,100,,9689,18,,,0,118,,9696,18,,,0,56,,9701,18,,,0,109,,9702,18,,,0
401,'5518',828,,9706,18,,,0,119,,9703,18,,,0,160,,9704,18,,,0,120,,9705,18,,,0,95,,9709,18,,,0,126,,9707,18,,,0,167,,9708,18,,,0,124,,9710,18,,,0,120,,9711,18,,,0
401,'5520',620,,9712,18,,,0,26,,9716,18,,,0,87,,9714,18,,,0,73,,9718,18,,,0,30,,9715,18,,,0,69,,9719,18,,,0,30,,9740,18,,,0,70,,9713,18,,,0,31,,9722,18,,,0,70,,9723,18,,,0,32,,9721,18,,,0,70,,9720,18,,,0,30,,9729,18,,,0,70,,9741,18,,,0,30,,9728,18,,,0,70,,9717,18,,,0,30,,9738,18,,,0,70,,9727,18,,,0,21,,9742,18,,,0,10,,9737,18,,,0,70,,9734,18,,,0,12,,9743,18,,,0,18,,9725,18,,,0,70,,9724,18,,,0,29,,9733,18,,,0,69,,9726,18,,,0,28,,9735,18,,,0,97,,9736,18,,,0,96,,9731,18,,,0,98,,9730,18,,,0,100,,9732,18,,,0,118,,9739,18,,,0
401,'5526',816,,9744,18,,,0,25,,9745,18,,,0,65,,9747,18,,,0,25,,9746,18,,,0,26,,9748,18,,,0,65,,9750,18,,,0,25,,9751,18,,,0,66,,9752,18,,,0,25,,9749,18,,,0,67,,9754,18,,,0,27,,9756,18,,,0,68,,9753,18,,,0,27,,9755,18,,,0,28,,9757,18,,,0,67,,9759,18,,,0,29,,9762,18,,,0,67,,9763,18,,,0,29,,9761,18,,,0,67,,9764,18,,,0,26,,9765,18,,,0,67,,9760,18,,,0,27,,9758,18,,,0,67,,9766,18,,,0,26,,9768,18,,,0,74,,9767,18,,,0,100,,9769,18,,,0,100,,9770,18,,,0,99,,9771,18,,,0,100,,9772,18,,,0
7001,'5475',1525,,11458,16,,,0
7001,'5520',1525,,11459,16,,,0
7100,'5475',731,,11460,3,,,0
7100,'5520',731,,11461,3,,,0
7200,'5475',736,,11462,3,,,0
7200,'5520',736,,11463,3,,,0
7401,'5475',1537,,11468,13,,,0
7401,'5522',1537,,11469,13,,,0
7401,'5525',1437,,11470,13,,,0
7701,'5475',1542,,11475,16,,,0
7701,'5520',1542,,11476,16,,,0
