700,'5475',617,,10018,9,,,0,18,,10019,9,,,0,17,,10020,9,,,0,54,,10021,9,,,0,16,,10022,9,,,0,6,,10023,9,,,0,10,,10024,9,,,0,17,,10025,9,,,0,60,,10026,9,,,0,11,,10027,9,,,0,19,,10028,9,,,0,11,,10029,9,,,0,56,,10030,9,,,0,12,,10031,9,,,0,18,,10032,9,,,0,13,,10048,9,,,0,57,,10033,9,,,0,13,,10073,9,,,0,17,,10034,9,,,0,69,,10035,9,,,0,34,,10036,9,,,0,67,,10037,9,,,0,32,,10038,9,,,0,68,,10039,9,,,0,32,,10040,9,,,0,69,,10041,9,,,0,34,,10042,9,,,0,11,,10043,9,,,0,55,,10044,9,,,0,18,,10045,9,,,0,13,,10046,9,,,0,57,,10047,9,,,0,12,,10049,9,,,0,18,,10052,9,,,0,12,,10064,9,,,0,58,,10053,9,,,0,12,,10050,9,,,0,18,,10054,9,,,0,11,,10065,9,,,0,58,,10055,9,,,0,10,,10051,9,,,0,16,,10056,9,,,0,13,,10067,9,,,0,72,,10057,9,,,0,27,,10066,9,,,0,73,,10058,9,,,0,27,,10069,9,,,0,71,,10059,9,,,0,29,,10068,9,,,0,70,,10060,9,,,0,28,,10070,9,,,0,70,,10061,9,,,0,28,,10071,9,,,0,73,,10062,9,,,0,31,,10072,9,,,0,70,,10063,9,,,0,95,,10074,9,,,0
700,'5518',730,,10075,9,,,0,27,,10076,9,,,0,100,,10077,9,,,0,97,,10078,9,,,0,73,,10080,9,,,0,30,,10079,9,,,0,67,,10082,9,,,0,33,,10088,9,,,0,67,,10083,9,,,0,29,,10081,9,,,0,72,,10084,9,,,0,28,,10095,9,,,0,72,,10086,9,,,0,29,,10090,9,,,0,71,,10085,9,,,0,29,,10087,9,,,0,71,,10089,9,,,0,27,,10093,9,,,0,72,,10091,9,,,0,27,,10096,9,,,0,71,,10092,9,,,0,29,,10098,9,,,0,101,,10094,9,,,0,99,,10100,9,,,0,104,,10097,9,,,0,95,,10099,9,,,0,100,,10101,9,,,0
700,'5520',617,,10102,9,,,0,18,,10103,9,,,0,17,,10104,9,,,0,54,,10105,9,,,0,16,,10106,9,,,0,6,,10107,9,,,0,10,,10108,9,,,0,17,,10109,9,,,0,60,,10110,9,,,0,11,,10111,9,,,0,19,,10112,9,,,0,11,,10113,9,,,0,56,,10114,9,,,0,12,,10115,9,,,0,18,,10116,9,,,0,13,,10132,9,,,0,57,,10117,9,,,0,13,,10157,9,,,0,17,,10118,9,,,0,69,,10119,9,,,0,34,,10120,9,,,0,67,,10121,9,,,0,32,,10122,9,,,0,68,,10123,9,,,0,32,,10124,9,,,0,69,,10125,9,,,0,34,,10126,9,,,0,11,,10127,9,,,0,55,,10128,9,,,0,18,,10129,9,,,0,13,,10130,9,,,0,57,,10131,9,,,0,12,,10133,9,,,0,18,,10136,9,,,0,12,,10148,9,,,0,58,,10137,9,,,0,12,,10134,9,,,0,18,,10138,9,,,0,11,,10149,9,,,0,58,,10139,9,,,0,10,,10135,9,,,0,16,,10140,9,,,0,13,,10151,9,,,0,72,,10141,9,,,0,27,,10150,9,,,0,73,,10142,9,,,0,27,,10153,9,,,0,71,,10143,9,,,0,29,,10152,9,,,0,70,,10144,9,,,0,28,,10154,9,,,0,70,,10145,9,,,0,28,,10155,9,,,0,73,,10146,9,,,0,31,,10156,9,,,0,70,,10147,9,,,0
700,'5526',645,,10197,9,,,0,70,,10195,9,,,0,31,,10183,9,,,0,70,,10158,9,,,0,31,,10159,9,,,0,71,,10161,9,,,0,29,,10160,9,,,0,71,,10167,9,,,0,31,,10172,9,,,0,54,,10187,9,,,0,16,,10173,9,,,0,15,,10188,9,,,0,22,,10175,9,,,0,73,,10170,9,,,0,28,,10176,9,,,0,70,,10169,9,,,0,32,,10177,9,,,0,68,,10171,9,,,0,30,,10189,9,,,0,53,,10178,9,,,0,14,,10190,9,,,0,16,,10179,9,,,0,14,,10193,9,,,0,55,,10168,9,,,0,16,,10192,9,,,0,14,,10180,9,,,0,15,,10191,9,,,0,64,,10174,9,,,0,29,,10181,9,,,0,70,,10162,9,,,0,36,,10163,9,,,0,73,,10164,9,,,0,76,,10185,9,,,0,34,,10184,9,,,0,105,,10165,9,,,0,96,,10166,9,,,0,100,,10182,9,,,0,98,,10186,9,,,0,66,,10194,9,,,0,29,,10196,9,,,0
7300,'5475',744,,11464,17,,,0
7300,'5520',744,,11465,17,,,0
7301,'5475',1532,,11466,31,,,0
7301,'5520',1532,,11467,31,,,0
7701,'5475',1554,,11475,29,,,0
7701,'5520',1554,,11476,29,,,0
7900,'5475',756,,11481,22,0,6,0
7900,'5520',756,,11482,22,0,6,0
7901,'5475',1520,,11483,23,0,6,0
7901,'5522',1520,,11484,23,0,6,0
7901,'5525',1520,,11485,23,0,6,0
