301,'5475',620,,9458,10,,,0,22,,9453,10,,,0,60,,9450,36,,,0,9,,9449,36,,,0,14,,9438,10,,,0,18,,9442,36,,,0,58,,9451,36,,,0,16,,9461,36,,,0,19,,9445,36,,,0,19,,9452,36,,,0,70,,9460,36,,,0,30,,9457,36,,,0,71,,9475,36,,,0,30,,9439,36,,,0,70,,9436,36,,,0,31,,9462,36,,,0,70,,9446,36,,,0,30,,9474,36,,,0,71,,9468,36,,,0,30,,9467,36,,,0,73,,9473,36,,,0,15,,9466,36,,,0,55,,9471,36,,,0,10,,9476,36,,,0,20,,9469,36,,,0,13,,9464,36,,,0,15,,9444,36,,,0,55,,9443,36,,,0,15,,9440,36,,,0,15,,9472,36,,,0,15,,9441,36,,,0,54,,9455,36,,,0,14,,9454,36,,,0,15,,9447,36,,,0,15,,9448,36,,,0,70,,9470,36,,,0,29,,9459,36,,,0,70,,9477,36,,,0,30,,9437,36,,,0,99,,9465,36,,,0,99,,9456,36,,,0,100,,9463,36,,,0,96,,9435,36,,,0,100,,9478,36,,,0
301,'5518',849,,9479,36,,,0,100,,9480,36,,,0,101,,9485,36,,,0,103,,9481,36,,,0,100,,9486,36,,,0,100,,9482,36,,,0,100,,9483,36,,,0,100,,9488,36,,,0,100,,9484,36,,,0,98,,9490,36,,,0,98,,9487,36,,,0,106,,9489,36,,,0,99,,9491,36,,,0,100,,9492,36,,,0
301,'5520',620,,9516,10,,,0,22,,9511,10,,,0,60,,9508,36,,,0,9,,9507,36,,,0,14,,9496,10,,,0,18,,9500,36,,,0,58,,9509,36,,,0,16,,9519,36,,,0,19,,9503,36,,,0,19,,9510,36,,,0,70,,9518,36,,,0,30,,9515,36,,,0,71,,9533,36,,,0,30,,9497,36,,,0,70,,9494,36,,,0,31,,9520,36,,,0,70,,9504,36,,,0,30,,9532,36,,,0,71,,9526,36,,,0,30,,9525,36,,,0,73,,9531,36,,,0,15,,9524,36,,,0,55,,9529,36,,,0,10,,9534,36,,,0,20,,9527,36,,,0,13,,9522,36,,,0,15,,9502,36,,,0,55,,9501,36,,,0,15,,9498,36,,,0,15,,9530,36,,,0,15,,9499,36,,,0,54,,9513,36,,,0,14,,9512,36,,,0,15,,9505,36,,,0,15,,9506,36,,,0,70,,9528,36,,,0,29,,9517,36,,,0,70,,9535,36,,,0,30,,9495,36,,,0,99,,9523,36,,,0,99,,9514,36,,,0,100,,9521,36,,,0,96,,9493,36,,,0
301,'5526',711,,9539,10,,,0,30,,9536,10,,,0,76,,9540,10,,,0,36,,9538,36,,,0,70,,9541,36,,,0,31,,9546,36,,,0,70,,9544,36,,,0,30,,9543,36,,,0,70,,9542,36,,,0,30,,9545,36,,,0,71,,9537,36,,,0,30,,9547,36,,,0,70,,9549,36,,,0,30,,9550,36,,,0,70,,9551,36,,,0,31,,9548,36,,,0,70,,9552,36,,,0,30,,9554,36,,,0,70,,9555,36,,,0,30,,9558,36,,,0,70,,9553,36,,,0,30,,9560,36,,,0,75,,9556,36,,,0,24,,9557,36,,,0,85,,9559,36,,,0,105,,9561,36,,,0,105,,9562,36,,,0,103,,9563,36,,,0,99,,9564,36,,,0
1400,'5475',813,,11000,32,0,7 8 2 9 2 10,0,690,,11002,32,0,9,0
1400,'5520',813,,11025,32,0,7 8 2 9 2 10,0,690,,11027,32,0,9,0
8100,'5475',808,,11489,42,,,0
8100,'5520',808,,11490,42,,,0
8101,'5475',1517,,11491,4,,,0
8101,'5522',1517,,11492,4,,,0
8101,'5525',1411,,11493,4,,,0
