1400,'5475',613,,11006,6,,,0,31,,11005,6,,,0,86,,10998,6,,,0,27,,11000,6,0,7 8 2 9 2 10,0,84,,11003,6,,,0,91,,11001,6,,,0,114,,10999,6,,,0,185,,11007,6,,,0,217,,11002,6,0,9,0,155,,11008,6,,,0,39,,11009,6,,,0,75,,11010,6,,,0,39,,11011,6,,,0,145,,11004,6,,,0,114,,11012,6,,,0,30,,11013,6,,,0,365,,11015,6,,,0,29,,11014,6,,,0
1400,'5518',905,,11017,6,,,0,200,,11016,6,,,0,130,,11021,6,,,0,95,,11018,6,,,0,100,,11019,6,,,0,170,,11020,6,,,0,225,,11022,6,,,0
1400,'5520',613,,11031,6,,,0,31,,11030,6,,,0,86,,11023,6,,,0,27,,11025,6,0,7 8 2 9 2 10,0,84,,11028,6,,,0,91,,11026,6,,,0,114,,11024,6,,,0,185,,11032,6,,,0,217,,11027,6,0,9,0,155,,11033,6,,,0,39,,11034,6,,,0,75,,11035,6,,,0,39,,11036,6,,,0,145,,11029,6,,,0,114,,11037,6,,,0,30,,11038,6,,,0
1400,'5526',800,,11039,6,,,0,135,,11042,6,,,0,95,,11048,6,,,0,101,,11045,6,,,0,100,,11041,6,,,0,100,,11046,6,,,0,105,,11043,6,,,0,211,,11044,6,,,0,208,,11040,6,,,0,100,,11047,6,,,0
8001,'5475',1457,,11486,12,,,0
8001,'5522',1457,,11487,12,,,0
8001,'5525',1502,,11488,12,,,0
8100,'5475',748,,11489,14,,,0
8100,'5520',748,,11490,14,,,0
8101,'5475',1539,,11491,39,,,0
8101,'5522',1539,,11492,39,,,0
8101,'5525',1433,,11493,39,,,0
