1400,'5475',611,,11006,2,,,0,31,,11005,2,,,0,85,,10998,2,,,0,27,,11000,2,0,7 8 2 9 2 10,0,84,,11003,2,,,0,91,,11001,2,,,0,114,,10999,2,,,0,185,,11007,2,,,0,217,,11002,2,0,9,0,155,,11008,2,,,0,39,,11009,2,,,0,75,,11010,2,,,0,39,,11011,2,,,0,105,,11004,2,,,0,154,,11012,2,,,0,30,,11013,2,,,0,365,,11015,2,,,0,29,,11014,2,,,0
1400,'5518',902,,11017,2,,,0,200,,11016,2,,,0,130,,11021,2,,,0,95,,11018,2,,,0,100,,11019,2,,,0,130,,11020,2,,,0,265,,11022,2,,,0
1400,'5520',611,,11031,2,,,0,31,,11030,2,,,0,85,,11023,2,,,0,27,,11025,2,0,7 8 2 9 2 10,0,84,,11028,2,,,0,91,,11026,2,,,0,114,,11024,2,,,0,185,,11032,2,,,0,217,,11027,2,0,9,0,155,,11033,2,,,0,39,,11034,2,,,0,75,,11035,2,,,0,39,,11036,2,,,0,105,,11029,2,,,0,154,,11037,2,,,0,30,,11038,2,,,0
1400,'5526',757,,11039,2,,,0,175,,11042,2,,,0,95,,11048,2,,,0,101,,11045,2,,,0,100,,11041,2,,,0,100,,11046,2,,,0,105,,11043,2,,,0,211,,11044,2,,,0,208,,11040,2,,,0,100,,11047,2,,,0
8001,'5475',1455,,11486,8,,,0
8001,'5522',1455,,11487,8,,,0
8001,'5525',1500,,11488,8,,,0
8100,'5475',746,,11489,10,,,0
8100,'5520',746,,11490,10,,,0
8101,'5475',1538,,11491,38,,,0
8101,'5522',1538,,11492,38,,,0
8101,'5525',1432,,11493,38,,,0
