300,'5475',633,,9331,23,,,0,22,,9318,23,,,0,60,,9311,23,,,0,9,,9312,23,,,0,16,,9306,23,,,0,19,,9334,23,,,0,58,,9320,23,,,0,15,,9323,23,,,0,19,,9324,23,,,0,59,,9316,23,,,0,31,,9317,23,,,0,70,,9319,23,,,0,31,,9341,23,,,0,70,,9326,23,,,0,30,,9314,23,,,0,71,,9328,23,,,0,30,,9340,23,,,0,70,,9302,23,,,0,31,,9325,23,,,0,71,,9303,23,,,0,33,,9335,23,,,0,55,,9313,23,,,0,15,,9321,23,,,0,10,,9342,23,,,0,4,,9344,23,,,0,15,,9305,23,,,0,12,,9304,23,,,0,55,,9332,23,,,0,15,,9308,23,,,0,15,,9310,23,,,0,15,,9339,23,,,0,54,,9322,23,,,0,14,,9301,23,,,0,14,,9307,23,,,0,15,,9330,23,,,0,55,,9309,23,,,0,28,,9338,23,,,0,69,,9329,23,,,0,30,,9343,23,,,0,70,,9327,23,,,0,99,,9337,23,,,0,99,,9333,23,,,0,100,,9336,23,,,0,96,,9300,23,0,17 18 19,0,100,,9345,23,,,0
300,'5518',809,,9346,23,,,0,93,,9348,23,,,0,100,,9347,23,,,0,101,,9353,23,,,0,103,,9349,23,,,0,100,,9355,23,,,0,100,,9350,23,,,0,100,,9351,23,,,0,100,,9356,23,,,0,100,,9352,23,,,0,97,,9358,23,,,0,98,,9354,23,,,0,106,,9357,23,,,0,99,,9359,23,,,0,100,,9360,23,0,17 18 19,0
300,'5520',633,,9392,23,,,0,22,,9379,23,,,0,60,,9372,23,,,0,9,,9373,23,,,0,16,,9367,23,,,0,19,,9395,23,,,0,58,,9381,23,,,0,15,,9384,23,,,0,19,,9385,23,,,0,59,,9377,23,,,0,31,,9378,23,,,0,70,,9380,23,,,0,31,,9402,23,,,0,70,,9387,23,,,0,30,,9375,23,,,0,71,,9389,23,,,0,30,,9401,23,,,0,70,,9363,23,,,0,31,,9386,23,,,0,71,,9364,23,,,0,33,,9396,23,,,0,55,,9374,23,,,0,15,,9382,23,,,0,10,,9403,23,,,0,4,,9405,23,,,0,15,,9366,23,,,0,12,,9365,23,,,0,55,,9393,23,,,0,15,,9369,23,,,0,15,,9371,23,,,0,15,,9400,23,,,0,54,,9383,23,,,0,14,,9362,23,,,0,14,,9368,23,,,0,15,,9391,23,,,0,55,,9370,23,,,0,28,,9399,23,,,0,69,,9390,23,,,0,30,,9404,23,,,0,70,,9388,23,,,0,99,,9398,23,,,0,99,,9394,23,,,0,100,,9397,23,,,0,96,,9361,23,0,17 18 19,0
300,'5526',723,,9407,23,,,0,30,,9406,23,,,0,77,,9408,23,,,0,76,,9411,23,,,0,30,,9412,23,,,0,71,,9410,23,,,0,30,,9409,23,,,0,70,,9413,23,,,0,30,,9414,23,,,0,70,,9416,23,,,0,31,,9415,23,,,0,70,,9419,23,,,0,30,,9420,23,,,0,70,,9418,23,,,0,30,,9422,23,,,0,71,,9423,23,,,0,30,,9421,23,,,0,70,,9425,23,,,0,30,,9417,23,,,0,69,,9426,23,,,0,30,,9424,23,,,0,70,,9428,23,,,0,35,,9429,23,,,0,64,,9430,23,,,0,45,,9431,23,,,0,105,,9433,23,,,0,145,,9434,23,,,0,103,,9427,23,,,0,98,,9432,23,,,0
1400,'5475',826,,11000,56,0,7 8 2 9 2 10,0
1400,'5520',826,,11025,56,0,7 8 2 9 2 10,0
8100,'5475',819,,11489,66,,,0
8100,'5520',819,,11490,66,,,0
8101,'5475',1529,,11491,28,,,0
8101,'5522',1529,,11492,28,,,0
8101,'5525',1423,,11493,28,,,0
