700,'5475',618,,10018,11,,,0,18,,10019,11,,,0,17,,10020,11,,,0,54,,10021,11,,,0,16,,10022,11,,,0,7,,10023,11,,,0,10,,10024,11,,,0,17,,10025,11,,,0,60,,10026,11,,,0,11,,10027,11,,,0,19,,10028,11,,,0,10,,10029,11,,,0,56,,10030,11,,,0,12,,10031,11,,,0,18,,10032,11,,,0,13,,10048,11,,,0,57,,10033,11,,,0,13,,10073,11,,,0,17,,10034,11,,,0,70,,10035,11,,,0,33,,10036,11,,,0,68,,10037,11,,,0,32,,10038,11,,,0,68,,10039,11,,,0,32,,10040,11,,,0,69,,10041,11,,,0,34,,10042,11,,,0,51,,10043,11,,,0,15,,10044,11,,,0,18,,10045,11,,,0,13,,10046,11,,,0,57,,10047,11,,,0,12,,10049,11,,,0,18,,10052,11,,,0,11,,10064,11,,,0,59,,10053,11,,,0,11,,10050,11,,,0,18,,10054,11,,,0,11,,10065,11,,,0,58,,10055,11,,,0,10,,10051,11,,,0,16,,10056,11,,,0,13,,10067,11,,,0,72,,10057,11,,,0,27,,10066,11,,,0,73,,10058,11,,,0,27,,10069,11,,,0,71,,10059,11,,,0,29,,10068,11,,,0,70,,10060,11,,,0,28,,10070,11,,,0,70,,10061,11,,,0,28,,10071,11,,,0,73,,10062,11,,,0,31,,10072,11,,,0,70,,10063,11,,,0,95,,10074,11,,,0
700,'5518',731,,10075,11,,,0,27,,10076,11,,,0,100,,10077,11,,,0,97,,10078,11,,,0,73,,10080,11,,,0,30,,10079,11,,,0,67,,10082,11,,,0,33,,10088,11,,,0,67,,10083,11,,,0,29,,10081,11,,,0,72,,10084,11,,,0,28,,10095,11,,,0,72,,10086,11,,,0,29,,10090,11,,,0,71,,10085,11,,,0,29,,10087,11,,,0,71,,10089,11,,,0,27,,10093,11,,,0,72,,10091,11,,,0,27,,10096,11,,,0,71,,10092,11,,,0,29,,10098,11,,,0,101,,10094,11,,,0,99,,10100,11,,,0,104,,10097,11,,,0,95,,10099,11,,,0,100,,10101,11,,,0
700,'5520',618,,10102,11,,,0,18,,10103,11,,,0,17,,10104,11,,,0,54,,10105,11,,,0,16,,10106,11,,,0,7,,10107,11,,,0,10,,10108,11,,,0,17,,10109,11,,,0,60,,10110,11,,,0,11,,10111,11,,,0,19,,10112,11,,,0,10,,10113,11,,,0,56,,10114,11,,,0,12,,10115,11,,,0,18,,10116,11,,,0,13,,10132,11,,,0,57,,10117,11,,,0,13,,10157,11,,,0,17,,10118,11,,,0,70,,10119,11,,,0,33,,10120,11,,,0,68,,10121,11,,,0,32,,10122,11,,,0,68,,10123,11,,,0,32,,10124,11,,,0,69,,10125,11,,,0,34,,10126,11,,,0,51,,10127,11,,,0,15,,10128,11,,,0,18,,10129,11,,,0,13,,10130,11,,,0,57,,10131,11,,,0,12,,10133,11,,,0,18,,10136,11,,,0,11,,10148,11,,,0,59,,10137,11,,,0,11,,10134,11,,,0,18,,10138,11,,,0,11,,10149,11,,,0,58,,10139,11,,,0,10,,10135,11,,,0,16,,10140,11,,,0,13,,10151,11,,,0,72,,10141,11,,,0,27,,10150,11,,,0,73,,10142,11,,,0,27,,10153,11,,,0,71,,10143,11,,,0,29,,10152,11,,,0,70,,10144,11,,,0,28,,10154,11,,,0,70,,10145,11,,,0,28,,10155,11,,,0,73,,10146,11,,,0,31,,10156,11,,,0,70,,10147,11,,,0
700,'5526',646,,10197,11,,,0,70,,10195,11,,,0,31,,10183,11,,,0,70,,10158,11,,,0,31,,10159,11,,,0,71,,10161,11,,,0,29,,10160,11,,,0,71,,10167,11,,,0,31,,10172,11,,,0,54,,10187,11,,,0,16,,10173,11,,,0,15,,10188,11,,,0,22,,10175,11,,,0,73,,10170,11,,,0,28,,10176,11,,,0,70,,10169,11,,,0,72,,10177,11,,,0,28,,10171,11,,,0,30,,10189,11,,,0,53,,10178,11,,,0,14,,10190,11,,,0,16,,10179,11,,,0,14,,10193,11,,,0,55,,10168,11,,,0,16,,10192,11,,,0,14,,10180,11,,,0,15,,10191,11,,,0,64,,10174,11,,,0,29,,10181,11,,,0,70,,10162,11,,,0,36,,10163,11,,,0,73,,10164,11,,,0,76,,10185,11,,,0,34,,10184,11,,,0,105,,10165,11,,,0,96,,10166,11,,,0,100,,10182,11,,,0,98,,10186,11,,,0,66,,10194,11,,,0,29,,10196,11,,,0
7300,'5475',745,,11464,19,,,0
7300,'5520',745,,11465,19,,,0
7301,'5475',1534,,11466,33,,,0
7301,'5520',1534,,11467,33,,,0
7701,'5475',1555,,11475,31,,,0
7701,'5520',1555,,11476,31,,,0
7900,'5475',757,,11481,24,0,6,0
7900,'5520',757,,11482,24,0,6,0
7901,'5475',1521,,11483,25,0,6,0
7901,'5522',1521,,11484,25,0,6,0
7901,'5525',1521,,11485,25,0,6,0
