601,'5475',702,,9953,2,,,0,100,,9954,2,,,0,105,,9955,2,,,0,95,,9957,2,,,0,25,,9956,2,,,0,75,,9958,2,,,0,120,,9959,2,,,0,80,,9960,2,,,0,100,,9961,2,,,0,100,,9962,2,,,0,40,,9963,2,,,0,80,,9964,2,,,0,16,,9965,2,,,0,77,,9968,2,,,0,27,,9966,2,,,0,69,,9967,2,,,0,100,,9969,2,,,0,235,,9970,2,,,0,275,,9971,2,,,0
601,'5518',806,,9972,2,,,0,120,,9973,2,,,0,95,,9976,2,,,0,110,,9975,2,,,0,100,,9974,2,,,0,100,,9979,2,,,0,100,,9977,2,,,0,100,,9978,2,,,0,105,,9980,2,,,0,95,,9981,2,,,0,105,,9983,2,,,0,100,,9982,2,,,0
601,'5520',702,,9984,2,,,0,100,,9985,2,,,0,105,,9986,2,,,0,95,,9988,2,,,0,25,,9987,2,,,0,75,,9989,2,,,0,120,,9990,2,,,0,80,,9991,2,,,0,100,,9992,2,,,0,100,,9993,2,,,0,40,,9994,2,,,0,80,,9995,2,,,0,16,,9996,2,,,0,77,,9999,2,,,0,27,,9997,2,,,0,69,,9998,2,,,0,100,,10000,2,,,0,235,,10001,2,,,0
601,'5526',801,,10003,2,,,0,105,,10004,2,,,0,95,,10006,2,,,0,100,,10007,2,,,0,100,,10002,2,,,0,100,,10005,2,,,0,100,,10008,2,,,0,100,,10009,2,,,0,30,,10011,2,,,0,70,,10013,2,,,0,30,,10017,2,,,0,70,,10014,2,,,0,30,,10016,2,,,0,70,,10012,2,,,0,146,,10010,2,,,0,164,,10015,2,,,0
901,'5475',602,,10589,2,,,0,30,,10590,2,,,0,70,,10591,2,,,0,15,,10592,2,,,0,15,,10593,2,,,0,15,,10594,2,,,0,55,,10595,2,,,0,15,,10596,2,,,0,7,,10597,2,,,0,10,,10598,2,,,0,13,,10599,2,,,0,55,,10600,2,,,0,15,,10601,2,,,0,15,,10602,2,,,0,15,,10603,2,,,0,55,,10604,2,,,0,15,,10605,2,,,0,15,,10606,2,,,0,15,,10607,2,,,0,55,,10608,2,,,0,15,,10609,2,,,0,15,,10610,2,,,0,15,,10611,2,,,0,55,,10612,2,,,0,15,,10613,2,,,0,14,,10614,2,,,0,16,,10615,2,,,0,55,,10616,2,,,0,15,,10617,2,,,0,15,,10618,2,,,0,15,,10619,2,,,0,54,,10620,2,,,0,16,,10621,2,,,0,14,,10622,2,,,0,15,,10623,2,,,0,56,,10624,2,,,0,7,,10625,2,,,0,8,,10626,2,,,0,15,,10627,2,,,0,14,,10628,2,,,0,55,,10629,2,,,0,16,,10630,2,,,0,15,,10631,2,,,0,15,,10632,2,,,0,8,,10633,2,,,0,47,,10634,2,,,0,15,,10635,2,,,0,15,,10636,2,,,0,15,,10637,2,,,0,55,,10638,2,,,0,15,,10639,2,,,0,15,,10640,2,,,0,15,,10641,2,,,0,54,,10642,2,,,0,15,,10643,2,,,0,16,,10644,2,,,0,15,,10645,2,,,0,55,,10646,2,,,0,20,,10647,2,,,0,20,,10648,2,,,0,74,,10649,2,,,0,30,,10650,2,,,0,67,,10651,2,,,0,33,,10652,2,,,0,67,,10653,2,,,0,33,,10654,2,,,0,68,,10655,2,,,0,30,,10656,2,,,0
901,'5518',702,,10657,2,,,0,30,,10660,2,,,0,70,,10658,2,,,0,30,,10659,2,,,0,70,,10664,2,,,0,30,,10661,2,,,0,70,,10663,2,,,0,30,,10662,2,,,0,70,,10667,2,,,0,30,,10665,2,,,0,70,,10666,2,,,0,30,,10671,2,,,0,70,,10669,2,,,0,30,,10672,2,,,0,70,,10668,2,,,0,30,,10670,2,,,0,70,,10684,2,,,0,30,,10674,2,,,0,70,,10675,2,,,0,30,,10673,2,,,0,70,,10676,2,,,0,30,,10677,2,,,0,70,,10689,2,,,0,30,,10681,2,,,0,70,,10678,2,,,0,30,,10680,2,,,0,70,,10679,2,,,0,30,,10682,2,,,0,70,,10688,2,,,0,30,,10683,2,,,0,70,,10685,2,,,0,30,,10686,2,,,0,70,,10687,2,,,0,30,,10690,2,,,0
901,'5520',602,,10691,2,,,0,30,,10692,2,,,0,70,,10693,2,,,0,15,,10694,2,,,0,15,,10695,2,,,0,15,,10696,2,,,0,55,,10697,2,,,0,15,,10698,2,,,0,7,,10699,2,,,0,10,,10700,2,,,0,13,,10701,2,,,0,55,,10702,2,,,0,15,,10703,2,,,0,15,,10704,2,,,0,15,,10705,2,,,0,55,,10706,2,,,0,15,,10707,2,,,0,15,,10708,2,,,0,15,,10709,2,,,0,55,,10710,2,,,0,15,,10711,2,,,0,15,,10712,2,,,0,15,,10713,2,,,0,55,,10714,2,,,0,15,,10715,2,,,0,14,,10716,2,,,0,16,,10717,2,,,0,55,,10718,2,,,0,15,,10719,2,,,0,15,,10720,2,,,0,15,,10721,2,,,0,54,,10722,2,,,0,16,,10723,2,,,0,14,,10724,2,,,0,15,,10725,2,,,0,56,,10726,2,,,0,7,,10727,2,,,0,8,,10728,2,,,0,15,,10729,2,,,0,14,,10730,2,,,0,55,,10731,2,,,0,16,,10732,2,,,0,15,,10733,2,,,0,15,,10734,2,,,0,8,,10735,2,,,0,47,,10736,2,,,0,15,,10737,2,,,0,15,,10738,2,,,0,15,,10739,2,,,0,55,,10740,2,,,0,15,,10741,2,,,0,15,,10742,2,,,0,15,,10743,2,,,0,54,,10744,2,,,0,15,,10745,2,,,0,16,,10746,2,,,0,15,,10747,2,,,0,55,,10748,2,,,0,20,,10749,2,,,0,20,,10750,2,,,0,74,,10751,2,,,0,30,,10752,2,,,0,67,,10753,2,,,0,33,,10754,2,,,0,67,,10755,2,,,0,33,,10756,2,,,0,68,,10757,2,,,0,30,,10758,2,,,0
901,'5526',602,,10797,2,,,0,30,,10798,2,,,0,70,,10785,2,,,0,30,,10781,2,,,0,70,,10759,2,,,0,30,,10763,2,,,0,70,,10761,2,,,0,30,,10760,2,,,0,70,,10762,2,,,0,30,,10764,2,,,0,15,,10791,2,,,0,55,,10765,2,,,0,15,,10789,2,,,0,15,,10767,2,,,0,70,,10768,2,,,0,30,,10769,2,,,0,70,,10766,2,,,0,30,,10770,2,,,0,70,,10771,2,,,0,15,,10796,2,,,0,15,,10773,2,,,0,15,,10793,2,,,0,55,,10775,2,,,0,15,,10795,2,,,0,15,,10777,2,,,0,15,,10790,2,,,0,55,,10778,2,,,0,15,,10792,2,,,0,15,,10774,2,,,0,15,,10794,2,,,0,55,,10772,2,,,0,30,,10776,2,,,0,75,,10779,2,,,0,40,,10787,2,,,0,70,,10782,2,,,0,100,,10783,2,,,0,100,,10784,2,,,0,100,,10780,2,,,0,105,,10786,2,,,0,105,,10788,2,,,0,105,,10799,2,,,0
7801,'5475',812,,11477,2,,,0,10,,11478,2,,,0
7801,'5520',812,,11479,2,,,0,10,,11480,2,,,0
