7001,'5475',1533,,11458,23,,,0
7001,'5520',1533,,11459,23,,,0
7100,'5475',735,,11460,10,,,0
7100,'5520',735,,11461,10,,,0
7200,'5475',742,,11462,10,,,0
7200,'5520',742,,11463,10,,,0
7401,'5475',1542,,11468,20,,,0
7401,'5522',1542,,11469,20,,,0
7401,'5525',1442,,11470,20,,,0
7701,'5475',1548,,11475,23,,,0
7701,'5520',1548,,11476,23,,,0
7900,'5475',753,,11481,18,0,6,0
7900,'5520',753,,11482,18,0,6,0
7901,'5475',1517,,11483,18,0,6,0
7901,'5522',1517,,11484,18,0,6,0
7901,'5525',1517,,11485,18,0,6,0
