401,'5475',622,,9669,20,,,0,26,,9673,20,,,0,87,,9671,20,,,0,73,,9675,20,,,0,30,,9672,20,,,0,69,,9676,20,,,0,30,,9697,20,,,0,70,,9670,20,,,0,31,,9679,20,,,0,70,,9680,20,,,0,32,,9678,20,,,0,70,,9677,20,,,0,30,,9686,20,,,0,70,,9698,20,,,0,30,,9685,20,,,0,70,,9674,20,,,0,30,,9695,20,,,0,70,,9684,20,,,0,22,,9699,20,,,0,10,,9694,20,,,0,70,,9691,20,,,0,12,,9700,20,,,0,18,,9682,20,,,0,70,,9681,20,,,0,28,,9690,20,,,0,69,,9683,20,,,0,28,,9692,20,,,0,97,,9693,20,,,0,96,,9688,20,,,0,98,,9687,20,,,0,100,,9689,20,,,0,118,,9696,20,,,0,55,,9701,20,,,0,110,,9702,20,,,0
401,'5518',830,,9706,20,,,0,119,,9703,20,,,0,160,,9704,20,,,0,120,,9705,20,,,0,95,,9709,20,,,0,126,,9707,20,,,0,167,,9708,20,,,0,124,,9710,20,,,0,160,,9711,20,,,0
401,'5520',622,,9712,20,,,0,26,,9716,20,,,0,87,,9714,20,,,0,73,,9718,20,,,0,30,,9715,20,,,0,69,,9719,20,,,0,30,,9740,20,,,0,70,,9713,20,,,0,31,,9722,20,,,0,70,,9723,20,,,0,32,,9721,20,,,0,70,,9720,20,,,0,30,,9729,20,,,0,70,,9741,20,,,0,30,,9728,20,,,0,70,,9717,20,,,0,30,,9738,20,,,0,70,,9727,20,,,0,22,,9742,20,,,0,10,,9737,20,,,0,70,,9734,20,,,0,12,,9743,20,,,0,18,,9725,20,,,0,70,,9724,20,,,0,28,,9733,20,,,0,69,,9726,20,,,0,28,,9735,20,,,0,97,,9736,20,,,0,96,,9731,20,,,0,98,,9730,20,,,0,100,,9732,20,,,0,118,,9739,20,,,0
401,'5526',818,,9744,20,,,0,25,,9745,20,,,0,65,,9747,20,,,0,25,,9746,20,,,0,26,,9748,20,,,0,65,,9750,20,,,0,25,,9751,20,,,0,66,,9752,20,,,0,25,,9749,20,,,0,67,,9754,20,,,0,27,,9756,20,,,0,68,,9753,20,,,0,27,,9755,20,,,0,28,,9757,20,,,0,67,,9759,20,,,0,29,,9762,20,,,0,67,,9763,20,,,0,29,,9761,20,,,0,67,,9764,20,,,0,26,,9765,20,,,0,67,,9760,20,,,0,27,,9758,20,,,0,67,,9766,20,,,0,26,,9768,20,,,0,74,,9767,20,,,0,100,,9769,20,,,0,100,,9770,20,,,0,99,,9771,20,,,0,100,,9772,20,,,0
7001,'5475',1528,,11458,18,,,0
7001,'5520',1528,,11459,18,,,0
7100,'5475',732,,11460,5,,,0
7100,'5520',732,,11461,5,,,0
7200,'5475',739,,11462,5,,,0
7200,'5520',739,,11463,5,,,0
7401,'5475',1538,,11468,15,,,0
7401,'5522',1538,,11469,15,,,0
7401,'5525',1438,,11470,15,,,0
7701,'5475',1544,,11475,18,,,0
7701,'5520',1544,,11476,18,,,0
