300,'5475',636,,9331,25,,,0,22,,9318,25,,,0,60,,9311,25,,,0,9,,9312,25,,,0,15,,9306,25,,,0,59,,9334,25,,,0,18,,9320,25,,,0,16,,9323,25,,,0,19,,9324,25,,,0,59,,9316,25,,,0,30,,9317,25,,,0,70,,9319,25,,,0,31,,9341,25,,,0,70,,9326,25,,,0,30,,9314,25,,,0,71,,9328,25,,,0,30,,9340,25,,,0,70,,9302,25,,,0,31,,9325,25,,,0,72,,9303,25,,,0,33,,9335,25,,,0,55,,9313,25,,,0,15,,9321,25,,,0,10,,9342,25,,,0,4,,9344,25,,,0,14,,9305,25,,,0,52,,9304,25,,,0,15,,9332,25,,,0,15,,9308,25,,,0,15,,9310,25,,,0,55,,9339,25,,,0,14,,9322,25,,,0,14,,9301,25,,,0,14,,9307,25,,,0,15,,9330,25,,,0,55,,9309,25,,,0,29,,9338,25,,,0,69,,9329,25,,,0,30,,9343,25,,,0,70,,9327,25,,,0,99,,9337,25,,,0,99,,9333,25,,,0,99,,9336,25,,,0,96,,9300,25,0,17 18 19,0,100,,9345,25,,,0
300,'5518',811,,9346,25,,,0,93,,9348,25,,,0,100,,9347,25,,,0,101,,9353,25,,,0,104,,9349,25,,,0,100,,9355,25,,,0,100,,9350,25,,,0,100,,9351,25,,,0,100,,9356,25,,,0,99,,9352,25,,,0,98,,9358,25,,,0,98,,9354,25,,,0,106,,9357,25,,,0,98,,9359,25,,,0,100,,9360,25,0,17 18 19,0
300,'5520',636,,9392,25,,,0,22,,9379,25,,,0,60,,9372,25,,,0,9,,9373,25,,,0,15,,9367,25,,,0,59,,9395,25,,,0,18,,9381,25,,,0,16,,9384,25,,,0,19,,9385,25,,,0,59,,9377,25,,,0,30,,9378,25,,,0,70,,9380,25,,,0,31,,9402,25,,,0,70,,9387,25,,,0,30,,9375,25,,,0,71,,9389,25,,,0,30,,9401,25,,,0,70,,9363,25,,,0,31,,9386,25,,,0,72,,9364,25,,,0,33,,9396,25,,,0,55,,9374,25,,,0,15,,9382,25,,,0,10,,9403,25,,,0,4,,9405,25,,,0,14,,9366,25,,,0,52,,9365,25,,,0,15,,9393,25,,,0,15,,9369,25,,,0,15,,9371,25,,,0,55,,9400,25,,,0,14,,9383,25,,,0,14,,9362,25,,,0,14,,9368,25,,,0,15,,9391,25,,,0,55,,9370,25,,,0,29,,9399,25,,,0,69,,9390,25,,,0,30,,9404,25,,,0,70,,9388,25,,,0,99,,9398,25,,,0,99,,9394,25,,,0,99,,9397,25,,,0,96,,9361,25,0,17 18 19,0
300,'5526',726,,9407,25,,,0,30,,9406,25,,,0,76,,9408,25,,,0,76,,9411,25,,,0,30,,9412,25,,,0,71,,9410,25,,,0,30,,9409,25,,,0,70,,9413,25,,,0,30,,9414,25,,,0,70,,9416,25,,,0,31,,9415,25,,,0,70,,9419,25,,,0,30,,9420,25,,,0,70,,9418,25,,,0,30,,9422,25,,,0,71,,9423,25,,,0,30,,9421,25,,,0,70,,9425,25,,,0,30,,9417,25,,,0,70,,9426,25,,,0,30,,9424,25,,,0,70,,9428,25,,,0,35,,9429,25,,,0,64,,9430,25,,,0,45,,9431,25,,,0,145,,9433,25,,,0,105,,9434,25,,,0,102,,9427,25,,,0,98,,9432,25,,,0
1300,'5475',719,,10924,19,,,0,135,,10926,19,,,0,148,,10928,19,,,0,100,,10927,19,,,0,100,,10929,19,,,0,214,,10925,19,,,0,107,,10930,19,,,0,108,,10931,19,,,0,108,,10932,19,,,0,105,,10933,19,,,0,105,,10934,19,,,0,593,,10935,19,,,0
1300,'5518',845,,10937,19,,,0,363,,10938,19,,,0,325,,10936,19,,,0,271,,10939,19,,,0
1300,'5520',719,,10940,19,,,0,135,,10942,19,,,0,148,,10944,19,,,0,100,,10943,19,,,0,100,,10945,19,,,0,214,,10941,19,,,0,107,,10946,19,,,0,108,,10947,19,,,0,108,,10948,19,,,0,105,,10949,19,,,0,105,,10950,19,,,0
1300,'5526',756,,10952,19,,,0,102,,10953,19,,,0,145,,10951,19,,,0,100,,10954,19,,,0,102,,10955,19,,,0,197,,10958,19,,,0,147,,10959,19,,,0,100,,10956,19,,,0,98,,10960,19,,,0,100,,10961,19,,,0,99,,10957,19,,,0,99,,10962,19,,,0
1400,'5475',621,,11006,15,,,0,31,,11005,15,,,0,88,,10998,15,,,0,88,,11000,58,0,7 8 2 9 2 10,0,22,,11003,15,,,0,91,,11001,15,,,0,114,,10999,15,,,0,185,,11007,15,,,0,372,,11008,15,,,0,39,,11009,15,,,0,75,,11010,15,,,0,79,,11011,15,,,0,105,,11004,15,,,0,114,,11012,15,,,0,30,,11013,15,,,0,365,,11015,15,,,0,29,,11014,15,,,0
1400,'5518',913,,11017,15,,,0,200,,11016,15,,,0,130,,11021,15,,,0,95,,11018,15,,,0,100,,11019,15,,,0,170,,11020,15,,,0,225,,11022,15,,,0
1400,'5520',621,,11031,15,,,0,31,,11030,15,,,0,88,,11023,15,,,0,88,,11025,58,0,7 8 2 9 2 10,0,22,,11028,15,,,0,91,,11026,15,,,0,114,,11024,15,,,0,185,,11032,15,,,0,372,,11033,15,,,0,39,,11034,15,,,0,75,,11035,15,,,0,79,,11036,15,,,0,105,,11029,15,,,0,114,,11037,15,,,0,30,,11038,15,,,0
1400,'5526',808,,11039,15,,,0,135,,11042,15,,,0,96,,11048,15,,,0,101,,11045,15,,,0,100,,11041,15,,,0,100,,11046,15,,,0,105,,11043,15,,,0,212,,11044,15,,,0,246,,11040,15,,,0,100,,11047,15,,,0
8100,'5475',820,,11489,68,,,0
8100,'5520',820,,11490,68,,,0
8101,'5475',1549,,11491,51,,,0
8101,'5522',1549,,11492,51,,,0
8101,'5525',1443,,11493,51,,,0
