700,'5475',630,,10018,25,,,0,75,,10020,25,,,0,30,,10022,25,,,0,17,,10024,25,,,0,78,,10026,25,,,0,29,,10028,25,,,0,66,,10030,25,,,0,30,,10032,25,,,0,71,,10033,25,,,0,30,,10034,25,,,0,103,,10036,25,,,0,141,,10038,25,,,0,100,,10040,25,,,0,104,,10042,25,,,0,43,,10045,25,,,0,70,,10047,25,,,0,30,,10052,25,,,0,70,,10053,25,,,0,29,,10054,25,,,0,68,,10055,25,,,0,26,,10056,25,,,0,85,,10057,25,,,0,100,,10058,25,,,0,98,,10059,25,,,0,98,,10060,25,,,0,98,,10061,25,,,0,99,,10062,25,,,0,101,,10063,25,,,0,96,,10074,25,,,0
700,'5518',810,,10076,25,,,0,197,,10078,25,,,0,130,,10082,25,,,0,101,,10083,25,,,0,101,,10084,25,,,0,100,,10086,25,,,0,101,,10085,25,,,0,101,,10089,25,,,0,99,,10091,25,,,0,97,,10092,25,,,0,169,,10094,25,,,0,202,,10097,25,,,0,194,,10101,25,,,0
700,'5520',630,,10102,25,,,0,75,,10104,25,,,0,30,,10106,25,,,0,17,,10108,25,,,0,78,,10110,25,,,0,29,,10112,25,,,0,66,,10114,25,,,0,30,,10116,25,,,0,71,,10117,25,,,0,30,,10118,25,,,0,103,,10120,25,,,0,141,,10122,25,,,0,100,,10124,25,,,0,104,,10126,25,,,0,43,,10129,25,,,0,70,,10131,25,,,0,30,,10136,25,,,0,70,,10137,25,,,0,29,,10138,25,,,0,68,,10139,25,,,0,26,,10140,25,,,0,85,,10141,25,,,0,100,,10142,25,,,0,98,,10143,25,,,0,98,,10144,25,,,0,98,,10145,25,,,0,99,,10146,25,,,0,101,,10147,25,,,0
700,'5526',658,,10197,25,,,0,101,,10183,25,,,0,172,,10161,25,,,0,171,,10172,25,,,0,30,,10173,25,,,0,111,,10170,25,,,0,170,,10177,25,,,0,98,,10189,25,,,0,43,,10179,25,,,0,85,,10192,25,,,0,93,,10174,25,,,0,175,,10163,25,,,0,108,,10185,25,,,0,235,,10166,25,,,0,263,,10194,25,,,0
900,'5475',645,,10379,32,,,0,72,,10380,32,,,0,34,,10381,32,,,0,56,,10382,32,,,0,17,,10383,32,,,0,17,,10384,32,,,0,13,,10385,32,,,0,51,,10386,32,,,0,7,,10387,32,,,0,9,,10388,32,,,0,14,,10389,32,,,0,15,,10390,32,,,0,55,,10391,32,,,0,15,,10392,32,,,0,15,,10393,32,,,0,15,,10394,32,,,0,55,,10395,32,,,0,16,,10396,32,,,0,16,,10397,32,,,0,16,,10398,32,,,0,55,,10399,32,,,0,15,,10400,32,,,0,15,,10401,32,,,0,16,,10402,32,,,0,54,,10403,32,,,0,15,,10404,32,,,0,16,,10405,32,,,0,15,,10406,32,,,0,55,,10407,32,,,0,15,,10408,32,,,0,15,,10409,32,,,0,14,,10410,32,,,0,59,,10411,32,,,0,14,,10412,32,,,0,15,,10413,32,,,0,17,,10414,32,,,0,47,,10415,32,,,0,8,,10416,32,,,0,16,,10417,32,,,0,14,,10418,32,,,0,15,,10419,32,,,0,57,,10420,32,,,0,15,,10421,32,,,0,12,,10422,32,,,0,7,,10423,32,,,0,6,,10424,32,,,0,53,,10425,32,,,0,15,,10426,32,,,0,13,,10427,32,,,0,12,,10428,32,,,0,55,,10429,32,,,0,15,,10430,32,,,0,15,,10431,32,,,0,14,,10432,32,,,0,55,,10433,32,,,0,16,,10434,32,,,0,14,,10435,32,,,0,15,,10436,32,,,0,60,,10437,32,,,0,20,,10438,32,,,0,73,,10439,32,,,0,30,,10440,32,,,0,24,,10441,32,,,0,73,,10442,32,,,0,25,,10443,32,,,0,71,,10444,32,,,0,26,,10445,32,,,0,70,,10378,32,,,0
900,'5518',743,,10446,32,,,0,70,,10448,32,,,0,31,,10447,32,,,0,70,,10449,32,,,0,30,,10451,32,,,0,71,,10450,32,,,0,31,,10452,32,,,0,70,,10454,32,,,0,30,,10455,32,,,0,71,,10453,32,,,0,30,,10456,32,,,0,71,,10457,32,,,0,30,,10460,32,,,0,71,,10459,32,,,0,30,,10461,32,,,0,70,,10458,32,,,0,31,,10472,32,,,0,70,,10462,32,,,0,30,,10464,32,,,0,69,,10463,32,,,0,30,,10465,32,,,0,69,,10466,32,,,0,30,,10477,32,,,0,70,,10471,32,,,0,29,,10467,32,,,0,68,,10468,32,,,0,30,,10469,32,,,0,70,,10470,32,,,0,29,,10476,32,,,0,70,,10473,32,,,0,29,,10474,32,,,0,68,,10475,32,,,0,30,,10478,32,,,0,70,,10479,32,,,0
900,'5520',645,,10481,32,,,0,72,,10482,32,,,0,34,,10483,32,,,0,56,,10484,32,,,0,17,,10485,32,,,0,17,,10486,32,,,0,13,,10487,32,,,0,51,,10488,32,,,0,7,,10489,32,,,0,9,,10490,32,,,0,14,,10491,32,,,0,15,,10492,32,,,0,55,,10493,32,,,0,15,,10494,32,,,0,15,,10495,32,,,0,15,,10496,32,,,0,55,,10497,32,,,0,16,,10498,32,,,0,16,,10499,32,,,0,16,,10500,32,,,0,55,,10501,32,,,0,15,,10502,32,,,0,15,,10503,32,,,0,16,,10504,32,,,0,54,,10505,32,,,0,15,,10506,32,,,0,16,,10507,32,,,0,15,,10508,32,,,0,55,,10509,32,,,0,15,,10510,32,,,0,15,,10511,32,,,0,14,,10512,32,,,0,59,,10513,32,,,0,14,,10514,32,,,0,15,,10515,32,,,0,17,,10516,32,,,0,47,,10517,32,,,0,8,,10518,32,,,0,16,,10519,32,,,0,14,,10520,32,,,0,15,,10521,32,,,0,57,,10522,32,,,0,15,,10523,32,,,0,12,,10524,32,,,0,7,,10525,32,,,0,6,,10526,32,,,0,53,,10527,32,,,0,15,,10528,32,,,0,13,,10529,32,,,0,12,,10530,32,,,0,55,,10531,32,,,0,15,,10532,32,,,0,15,,10533,32,,,0,14,,10534,32,,,0,55,,10535,32,,,0,16,,10536,32,,,0,14,,10537,32,,,0,15,,10538,32,,,0,60,,10539,32,,,0,20,,10540,32,,,0,73,,10541,32,,,0,30,,10542,32,,,0,24,,10543,32,,,0,73,,10544,32,,,0,25,,10545,32,,,0,71,,10546,32,,,0,26,,10547,32,,,0,70,,10480,32,,,0
900,'5526',643,,10587,32,,,0,70,,10588,32,,,0,33,,10576,32,,,0,70,,10549,32,,,0,31,,10550,32,,,0,70,,10551,32,,,0,32,,10548,32,,,0,72,,10553,32,,,0,29,,10555,32,,,0,69,,10552,32,,,0,15,,10580,32,,,0,15,,10556,32,,,0,55,,10584,32,,,0,15,,10554,32,,,0,32,,10558,32,,,0,71,,10559,32,,,0,30,,10557,32,,,0,72,,10560,32,,,0,30,,10561,32,,,0,52,,10578,32,,,0,15,,10563,32,,,0,15,,10582,32,,,0,15,,10564,32,,,0,55,,10579,32,,,0,15,,10562,32,,,0,15,,10581,32,,,0,15,,10566,32,,,0,55,,10585,32,,,0,15,,10567,32,,,0,15,,10583,32,,,0,15,,10568,32,,,0,70,,10565,32,,,0,35,,10570,32,,,0,79,,10574,32,,,0,70,,10571,32,,,0,100,,10572,32,,,0,100,,10569,32,,,0,98,,10573,32,,,0,101,,10575,32,,,0,102,,10577,32,,,0,103,,10586,32,,,0
7200,'5475',757,,11462,27,,,0
7200,'5520',757,,11463,27,,,0
