300,'5475',629,,9331,14,,,0,22,,9318,14,,,0,60,,9311,14,,,0,9,,9312,14,,,0,15,,9306,14,,,0,18,,9334,14,,,0,58,,9320,14,,,0,16,,9323,14,,,0,19,,9324,14,,,0,59,,9316,14,,,0,30,,9317,14,,,0,70,,9319,14,,,0,31,,9341,14,,,0,70,,9326,14,,,0,30,,9314,14,,,0,71,,9328,14,,,0,30,,9340,14,,,0,70,,9302,14,,,0,31,,9325,14,,,0,70,,9303,14,,,0,33,,9335,14,,,0,15,,9313,14,,,0,55,,9321,14,,,0,10,,9342,14,,,0,5,,9344,14,,,0,15,,9305,14,,,0,13,,9304,14,,,0,55,,9332,14,,,0,15,,9308,14,,,0,15,,9310,14,,,0,15,,9339,14,,,0,54,,9322,14,,,0,14,,9301,14,,,0,14,,9307,14,,,0,15,,9330,14,,,0,55,,9309,14,,,0,29,,9338,14,,,0,69,,9329,14,,,0,30,,9343,14,,,0,70,,9327,14,,,0,99,,9337,14,,,0,99,,9333,14,,,0,100,,9336,14,,,0,56,,9300,14,0,17 18 19,0,100,,9345,14,,,0
300,'5518',804,,9346,14,,,0,53,,9348,14,,,0,100,,9347,14,,,0,101,,9353,14,,,0,143,,9349,14,,,0,100,,9355,14,,,0,100,,9350,14,,,0,100,,9351,14,,,0,100,,9356,14,,,0,100,,9352,14,,,0,58,,9358,14,,,0,98,,9354,14,,,0,146,,9357,14,,,0,99,,9359,14,,,0,100,,9360,14,0,17 18 19,0
300,'5520',629,,9392,14,,,0,22,,9379,14,,,0,60,,9372,14,,,0,9,,9373,14,,,0,15,,9367,14,,,0,18,,9395,14,,,0,58,,9381,14,,,0,16,,9384,14,,,0,19,,9385,14,,,0,59,,9377,14,,,0,30,,9378,14,,,0,70,,9380,14,,,0,31,,9402,14,,,0,70,,9387,14,,,0,30,,9375,14,,,0,71,,9389,14,,,0,30,,9401,14,,,0,70,,9363,14,,,0,31,,9386,14,,,0,70,,9364,14,,,0,33,,9396,14,,,0,15,,9374,14,,,0,55,,9382,14,,,0,10,,9403,14,,,0,5,,9405,14,,,0,15,,9366,14,,,0,13,,9365,14,,,0,55,,9393,14,,,0,15,,9369,14,,,0,15,,9371,14,,,0,15,,9400,14,,,0,54,,9383,14,,,0,14,,9362,14,,,0,14,,9368,14,,,0,15,,9391,14,,,0,55,,9370,14,,,0,29,,9399,14,,,0,69,,9390,14,,,0,30,,9404,14,,,0,70,,9388,14,,,0,99,,9398,14,,,0,99,,9394,14,,,0,100,,9397,14,,,0,56,,9361,14,0,17 18 19,0
300,'5526',719,,9407,14,,,0,30,,9406,14,,,0,76,,9408,14,,,0,76,,9411,14,,,0,30,,9412,14,,,0,71,,9410,14,,,0,30,,9409,14,,,0,70,,9413,14,,,0,30,,9414,14,,,0,70,,9416,14,,,0,31,,9415,14,,,0,70,,9419,14,,,0,30,,9420,14,,,0,70,,9418,14,,,0,30,,9422,14,,,0,71,,9423,14,,,0,30,,9421,14,,,0,70,,9425,14,,,0,30,,9417,14,,,0,70,,9426,14,,,0,30,,9424,14,,,0,70,,9428,14,,,0,35,,9429,14,,,0,64,,9430,14,,,0,45,,9431,14,,,0,105,,9433,14,,,0,105,,9434,14,,,0,143,,9427,14,,,0,58,,9432,14,,,0
1400,'5475',821,,11000,47,0,7 8 2 9 2 10,0
1400,'5520',821,,11025,47,0,7 8 2 9 2 10,0
8100,'5475',816,,11489,57,,,0
8100,'5520',816,,11490,57,,,0
8101,'5475',1525,,11491,19,,,0
8101,'5522',1525,,11492,19,,,0
8101,'5525',1419,,11493,19,,,0
