1601,'5475',733,,11161,4,,,0,100,,11157,4,,,0,100,,11158,4,,,0,100,,11156,4,,,0,100,,11165,4,,,0,100,,11159,4,,,0,100,,11160,4,,,0,100,,11163,4,,,0,110,,11164,4,,,0,101,,11167,4,,,0,99,,11169,4,,,0,100,,11168,4,,,0,100,,11166,4,,,0,399,,11171,4,,,0,101,,11172,4,,,0
1601,'5518',837,,11173,4,,,0,100,,11176,4,,,0,100,,11174,4,,,0,100,,11175,4,,,0,100,,11177,4,,,0,100,,11179,4,,,0,100,,11184,4,,,0,100,,11181,4,,,0,105,,11178,4,,,0,100,,11180,4,,,0,100,,11182,4,,,0,100,,11183,4,,,0
1601,'5520',733,,11190,4,,,0,100,,11186,4,,,0,100,,11187,4,,,0,100,,11185,4,,,0,100,,11194,4,,,0,100,,11188,4,,,0,100,,11189,4,,,0,100,,11192,4,,,0,110,,11193,4,,,0,101,,11196,4,,,0,99,,11198,4,,,0,100,,11197,4,,,0,100,,11195,4,,,0
1601,'5526',818,,11201,4,,,0,114,,11200,4,,,0,95,,11202,4,,,0,110,,11204,4,,,0,95,,11205,4,,,0,100,,11203,4,,,0,100,,11207,4,,,0,100,,11208,4,,,0,105,,11206,4,,,0,95,,11209,4,,,0,100,,11210,4,,,0,100,,11211,4,,,0
1701,'5475',718,,11282,4,0,11 12,0,85,,11287,4,0,11 12,0,100,,11275,4,0,11 12,0,100,,11278,4,0,11 12,0,100,,11274,4,0,11 12,0,100,,11276,4,0,15 1 16,0,100,,11279,4,0,15 1 16,0,110,,11281,4,0,15 1 16,0,90,,11284,4,0,15 1 16,0,110,,11289,4,0,15 1 16,0,100,,11285,4,0,15 1 16,0,105,,11288,4,0,15 1 16,0,119,,11286,4,0,13 14,0,100,,11280,4,0,13 14,0,115,,11277,4,0,13 14,0,155,,11290,4,0,13 14,0,37,,11291,4,0,13 14,0,108,,11292,4,0,13 14,0
1701,'5518',812,,11293,4,0,11 12,0,100,,11294,4,0,11 12,0,115,,11295,4,0,11 12,0,95,,11296,4,0,13 14,0,200,,11298,4,0,11 12,0,210,,11297,4,0,13 14,0,100,,11300,4,0,11 12,0,100,,11299,4,0,15 1 16,0,100,,11301,4,0,13 14,0,170,,11302,4,0,13 14,0
1701,'5520',718,,11311,4,0,11 12,0,85,,11316,4,0,11 12,0,100,,11304,4,0,11 12,0,100,,11307,4,0,11 12,0,100,,11303,4,0,11 12,0,100,,11305,4,0,15 1 16,0,100,,11308,4,0,15 1 16,0,110,,11310,4,0,15 1 16,0,90,,11313,4,0,15 1 16,0,110,,11318,4,0,15 1 16,0,100,,11314,4,0,15 1 16,0,105,,11317,4,0,15 1 16,0,119,,11315,4,0,13 14,0,100,,11309,4,0,13 14,0,115,,11306,4,0,13 14,0,155,,11319,4,0,13 14,0
1701,'5526',712,,11324,4,0,11 12,0,100,,11321,4,0,11 12,0,90,,11320,4,0,11 12,0,130,,11322,4,0,11 12,0,170,,11325,4,0,15 1 16,0,100,,11326,4,0,15 1 16,0,130,,11323,4,0,15 1 16,0,170,,11327,4,0,15 1 16,0,105,,11328,4,0,15 1 16,0,100,,11330,4,0,13 14,0,105,,11331,4,0,13 14,0,105,,11332,4,0,13 14,0,110,,11329,4,0,13 14,0,120,,11333,4,0,13 14,0
1800,'5475',535,,11334,3,,,0,101,,11335,3,,,0,101,,11336,3,,,0,102,,11337,3,,,0,100,,11338,3,,,0,101,,11339,3,,,0,101,,11340,3,,,0,103,,11341,3,,,0,90,,11342,3,,,0,102,,11343,3,,,0,105,,11344,3,,,0,105,,11345,3,,,0,102,,11346,3,,,0,100,,11347,3,,,0,101,,11348,3,,,0,101,,11349,3,,,0,101,,11350,3,,,0
1800,'5518',737,,11354,3,,,0,101,,11352,3,,,0,101,,11351,3,,,0,101,,11353,3,,,0,101,,11357,3,,,0,103,,11358,3,,,0,91,,11356,3,,,0,101,,11362,3,,,0,105,,11363,3,,,0,105,,11355,3,,,0,101,,11360,3,,,0,101,,11359,3,,,0,101,,11361,3,,,0
1800,'5520',535,,11364,3,,,0,101,,11365,3,,,0,101,,11366,3,,,0,102,,11367,3,,,0,100,,11368,3,,,0,101,,11369,3,,,0,101,,11370,3,,,0,103,,11371,3,,,0,90,,11372,3,,,0,102,,11373,3,,,0,105,,11374,3,,,0,105,,11375,3,,,0,102,,11376,3,,,0,100,,11377,3,,,0,101,,11378,3,,,0,101,,11379,3,,,0,101,,11380,3,,,0
1800,'5526',737,,11381,3,,,0,101,,11382,3,,,0,101,,11383,3,,,0,101,,11384,3,,,0,101,,11385,3,,,0,103,,11386,3,,,0,91,,11387,3,,,0,101,,11388,3,,,0,105,,11389,3,,,0,105,,11390,3,,,0,101,,11391,3,,,0,101,,11392,3,,,0,101,,11393,3,,,0,101,,11394,3,,,0,101,,11395,3,,,0
