701,'5475',609,,10198,11,,,0,18,,10199,28,,,0,17,,10200,31,,,0,14,,10201,28,,,0,56,,10202,31,,,0,6,,10203,28,,,0,10,,10204,31,,,0,16,,10205,28,,,0,59,,10206,31,,,0,12,,10207,28,,,0,19,,10208,31,,,0,11,,10209,28,,,0,56,,10210,31,,,0,12,,10211,28,,,0,18,,10212,31,,,0,13,,10248,28,,,0,57,,10213,31,,,0,13,,10253,28,,,0,17,,10214,31,,,0,69,,10215,28,,,0,34,,10216,31,,,0,67,,10217,28,,,0,32,,10218,31,,,0,68,,10219,28,,,0,32,,10220,31,,,0,68,,10221,28,,,0,34,,10222,31,,,0,11,,10223,28,,,0,55,,10224,28,,,0,18,,10225,31,,,0,13,,10226,28,,,0,17,,10227,31,,,0,52,,10228,28,,,0,18,,10229,31,,,0,12,,10230,28,,,0,18,,10231,31,,,0,52,,10232,28,,,0,18,,10233,31,,,0,11,,10234,28,,,0,18,,10235,31,,,0,51,,10249,28,,,0,16,,10250,31,,,0,13,,10236,28,,,0,72,,10237,31,,,0,27,,10238,28,,,0,73,,10239,31,,,0,27,,10240,28,,,0,71,,10241,31,,,0,29,,10242,28,,,0,30,,10243,31,,,0,69,,10244,28,,,0,30,,10245,31,,,0,68,,10246,28,,,0,33,,10247,31,,,0,71,,10251,28,,,0,70,,10252,31,,,0,56,,10254,31,,,0
701,'5518',722,,10255,28,,,0,27,,10256,31,,,0,100,,10257,28,,,0,97,,10258,31,,,0,73,,10261,28,,,0,30,,10259,28,,,0,67,,10260,31,,,0,33,,10268,28,,,0,67,,10263,31,,,0,29,,10262,28,,,0,72,,10265,31,,,0,28,,10275,28,,,0,72,,10267,31,,,0,29,,10271,28,,,0,71,,10266,31,,,0,29,,10264,28,,,0,71,,10270,31,,,0,27,,10274,28,,,0,72,,10269,31,,,0,27,,10276,28,,,0,71,,10272,31,,,0,29,,10278,28,,,0,101,,10273,31,,,0,99,,10281,28,,,0,104,,10277,31,,,0,95,,10279,28,,,0,101,,10280,31,,,0
701,'5520',609,,10282,11,,,0,18,,10283,28,,,0,17,,10284,31,,,0,14,,10285,28,,,0,56,,10286,31,,,0,6,,10287,28,,,0,10,,10288,31,,,0,16,,10289,28,,,0,59,,10290,31,,,0,12,,10291,28,,,0,19,,10292,31,,,0,11,,10293,28,,,0,56,,10294,31,,,0,12,,10295,28,,,0,18,,10296,31,,,0,13,,10332,28,,,0,57,,10297,31,,,0,13,,10337,28,,,0,17,,10298,31,,,0,69,,10299,28,,,0,34,,10300,31,,,0,67,,10301,28,,,0,32,,10302,31,,,0,68,,10303,28,,,0,32,,10304,31,,,0,68,,10305,28,,,0,34,,10306,31,,,0,11,,10307,28,,,0,55,,10308,28,,,0,18,,10309,31,,,0,13,,10310,28,,,0,17,,10311,31,,,0,52,,10312,28,,,0,18,,10313,31,,,0,12,,10314,28,,,0,18,,10315,31,,,0,52,,10316,28,,,0,18,,10317,31,,,0,11,,10318,28,,,0,18,,10319,31,,,0,51,,10333,28,,,0,16,,10334,31,,,0,13,,10320,28,,,0,72,,10321,31,,,0,27,,10322,28,,,0,73,,10323,31,,,0,27,,10324,28,,,0,71,,10325,31,,,0,29,,10326,28,,,0,30,,10327,31,,,0,69,,10328,28,,,0,30,,10329,31,,,0,68,,10330,28,,,0,33,,10331,31,,,0,71,,10335,28,,,0,70,,10336,31,,,0
701,'5526',637,,10376,31,,,0,70,,10375,28,,,0,31,,10363,31,,,0,70,,10338,28,,,0,31,,10339,28,,,0,71,,10340,31,,,0,29,,10341,28,,,0,71,,10349,28,,,0,31,,10354,31,,,0,14,,10367,28,,,0,56,,10353,31,,,0,15,,10368,28,,,0,22,,10356,28,,,0,72,,10352,31,,,0,28,,10355,28,,,0,70,,10348,28,,,0,32,,10358,31,,,0,68,,10351,28,,,0,30,,10371,31,,,0,53,,10359,28,,,0,15,,10372,28,,,0,16,,10360,31,,,0,14,,10370,28,,,0,55,,10347,28,,,0,16,,10373,31,,,0,14,,10357,28,,,0,15,,10369,28,,,0,64,,10350,31,,,0,29,,10361,28,,,0,70,,10342,28,,,0,36,,10345,31,,,0,73,,10346,28,,,0,36,,10364,31,,,0,74,,10365,28,,,0,105,,10344,28,,,0,96,,10343,31,,,0,101,,10362,28,,,0,98,,10366,28,,,0,26,,10374,31,,,0,69,,10377,28,,,0
7300,'5475',737,,11464,4,,,0
7300,'5520',737,,11465,4,,,0
7301,'5475',1524,,11466,18,,,0
7301,'5520',1524,,11467,18,,,0
7701,'5475',1556,,11475,32,4,,0
7701,'5520',1556,,11476,32,4,,0
7900,'5475',742,,11481,4,0,6,0,16,,11481,25,0,6,0
7900,'5520',742,,11482,4,0,6,0,16,,11482,25,0,6,0
