400,'5475',635,,9565,14,,,0,66,,9570,14,,,0,48,,9567,14,,,0,74,,9572,14,,,0,29,,9569,14,,,0,68,,9575,14,,,0,30,,9568,14,,,0,70,,9566,14,,,0,32,,9576,14,,,0,70,,9581,14,,,0,32,,9578,14,,,0,70,,9571,14,,,0,30,,9583,14,,,0,70,,9592,14,,,0,30,,9582,14,,,0,70,,9594,14,,,0,30,,9573,14,,,0,70,,9593,14,,,0,22,,9595,14,,,0,10,,9590,14,,,0,70,,9579,14,,,0,12,,9596,14,,,0,18,,9580,14,,,0,70,,9577,14,,,0,28,,9587,14,,,0,69,,9574,14,,,0,28,,9588,14,,,0,96,,9589,14,,,0,96,,9585,14,,,0,97,,9584,14,,,0,100,,9586,14,,,0,117,,9591,14,,,0,56,,9597,14,,,0,109,,9598,14,,,0
400,'5518',843,,9601,14,,,0,159,,9602,14,,,0,120,,9599,14,,,0,121,,9600,14,,,0,95,,9606,14,,,0,166,,9604,14,,,0,127,,9605,14,,,0,123,,9603,14,,,0,160,,9607,14,,,0
400,'5520',635,,9608,14,,,0,66,,9613,14,,,0,48,,9610,14,,,0,74,,9615,14,,,0,29,,9612,14,,,0,68,,9618,14,,,0,30,,9611,14,,,0,70,,9609,14,,,0,32,,9619,14,,,0,70,,9624,14,,,0,32,,9621,14,,,0,70,,9614,14,,,0,30,,9626,14,,,0,70,,9635,14,,,0,30,,9625,14,,,0,70,,9637,14,,,0,30,,9616,14,,,0,70,,9636,14,,,0,22,,9638,14,,,0,10,,9633,14,,,0,70,,9622,14,,,0,12,,9639,14,,,0,18,,9623,14,,,0,70,,9620,14,,,0,28,,9630,14,,,0,69,,9617,14,,,0,28,,9631,14,,,0,96,,9632,14,,,0,96,,9628,14,,,0,97,,9627,14,,,0,100,,9629,14,,,0,117,,9634,14,,,0
400,'5526',829,,9641,14,,,0,25,,9642,14,,,0,65,,9640,14,,,0,25,,9643,14,,,0,67,,9644,14,,,0,26,,9645,14,,,0,65,,9646,14,,,0,26,,9647,14,,,0,25,,9648,14,,,0,67,,9649,14,,,0,27,,9650,14,,,0,68,,9651,14,,,0,27,,9652,14,,,0,68,,9653,14,,,0,27,,9656,14,,,0,69,,9658,14,,,0,27,,9654,14,,,0,69,,9660,14,,,0,27,,9655,14,,,0,26,,9657,14,,,0,67,,9659,14,,,0,27,,9661,14,,,0,67,,9662,14,,,0,26,,9663,14,,,0,74,,9665,14,,,0,99,,9664,14,,,0,100,,9666,14,,,0,99,,9667,14,,,0,99,,9668,14,,,0
500,'5475',715,,9773,17,,,0,16,,9784,14,,,0,15,,9775,14,,,0,74,,9776,17,,,0,33,,9774,14,,,0,73,,9782,17,,,0,33,,9783,14,,,0,73,,9785,14,,,0,73,,9777,17,,,0,33,,9778,14,,,0,73,,9786,17,,,0,36,,9780,14,,,0,75,,9781,17,,,0,37,,9779,14,,,0,75,,9787,17,,,0,77,,9797,14,,,0,35,,9790,17,,,0,76,,9792,17,,,0,37,,9798,14,,,0,75,,9793,17,,,0,76,,9794,14,,,0,31,,9791,17,,,0,76,,9795,14,,,0,85,,9796,14,,,0,100,,9788,14,,,0,99,,9789,14,,,0,116,,9799,17,,,0,20,,9801,17,,,0,110,,9800,17,,,0
500,'5518',920,,9804,17,,,0,120,,9803,17,,,0,160,,9802,17,,,0,122,,9805,17,,,0,96,,9806,17,,,0,127,,9807,17,,,0,167,,9808,17,,,0,120,,9809,17,,,0
500,'5520',715,,9810,17,,,0,16,,9821,14,,,0,15,,9812,14,,,0,74,,9813,17,,,0,33,,9811,14,,,0,73,,9819,17,,,0,33,,9820,14,,,0,73,,9822,14,,,0,73,,9814,17,,,0,33,,9815,14,,,0,73,,9823,17,,,0,36,,9817,14,,,0,75,,9818,17,,,0,37,,9816,14,,,0,75,,9824,17,,,0,77,,9834,14,,,0,35,,9827,17,,,0,76,,9829,17,,,0,37,,9835,14,,,0,75,,9830,17,,,0,76,,9831,14,,,0,31,,9828,17,,,0,76,,9832,14,,,0,85,,9833,14,,,0,100,,9825,14,,,0,99,,9826,14,,,0,116,,9836,17,,,0
500,'5526',805,,9838,14,,,0,30,,9839,17,,,0,70,,9840,17,,,0,30,,9861,14,,,0,71,,9837,17,,,0,29,,9842,14,,,0,71,,9843,17,,,0,29,,9841,14,,,0,71,,9846,17,,,0,29,,9847,14,,,0,72,,9845,17,,,0,30,,9844,14,,,0,71,,9848,17,,,0,29,,9849,14,,,0,71,,9850,17,,,0,30,,9853,14,,,0,71,,9854,17,,,0,28,,9851,14,,,0,70,,9852,17,,,0,29,,9855,14,,,0,71,,9856,17,,,0,29,,9859,14,,,0,120,,9860,17,,,0,94,,9857,14,,,0,103,,9858,17,,,0,100,,9862,17,,,0
700,'5475',623,,10018,18,,,0,18,,10019,18,,,0,17,,10020,18,,,0,54,,10021,18,,,0,16,,10022,18,,,0,7,,10023,18,,,0,10,,10024,18,,,0,57,,10025,18,,,0,21,,10026,18,,,0,11,,10027,18,,,0,18,,10028,18,,,0,51,,10029,18,,,0,15,,10030,18,,,0,13,,10031,18,,,0,17,,10032,18,,,0,54,,10048,18,,,0,17,,10033,18,,,0,13,,10073,18,,,0,17,,10034,18,,,0,70,,10035,18,,,0,33,,10036,18,,,0,68,,10037,18,,,0,32,,10038,18,,,0,68,,10039,18,,,0,32,,10040,18,,,0,69,,10041,18,,,0,34,,10042,18,,,0,51,,10043,18,,,0,15,,10044,18,,,0,18,,10045,18,,,0,13,,10046,18,,,0,57,,10047,18,,,0,12,,10049,18,,,0,18,,10052,18,,,0,11,,10064,18,,,0,59,,10053,18,,,0,11,,10050,18,,,0,18,,10054,18,,,0,11,,10065,18,,,0,58,,10055,18,,,0,10,,10051,18,,,0,16,,10056,18,,,0,13,,10067,18,,,0,72,,10057,18,,,0,27,,10066,18,,,0,73,,10058,18,,,0,26,,10069,18,,,0,72,,10059,18,,,0,28,,10068,18,,,0,70,,10060,18,,,0,28,,10070,18,,,0,70,,10061,18,,,0,28,,10071,18,,,0,73,,10062,18,,,0,31,,10072,18,,,0,70,,10063,18,,,0,95,,10074,18,,,0
700,'5518',736,,10075,18,,,0,67,,10076,18,,,0,100,,10077,18,,,0,97,,10078,18,,,0,33,,10080,18,,,0,70,,10079,18,,,0,27,,10082,18,,,0,73,,10088,18,,,0,28,,10083,18,,,0,69,,10081,18,,,0,32,,10084,18,,,0,68,,10095,18,,,0,32,,10086,18,,,0,69,,10090,18,,,0,31,,10085,18,,,0,69,,10087,18,,,0,31,,10089,18,,,0,27,,10093,18,,,0,72,,10091,18,,,0,27,,10096,18,,,0,71,,10092,18,,,0,29,,10098,18,,,0,101,,10094,18,,,0,99,,10100,18,,,0,143,,10097,18,,,0,55,,10099,18,,,0,100,,10101,18,,,0
700,'5520',623,,10102,18,,,0,18,,10103,18,,,0,17,,10104,18,,,0,54,,10105,18,,,0,16,,10106,18,,,0,7,,10107,18,,,0,10,,10108,18,,,0,57,,10109,18,,,0,21,,10110,18,,,0,11,,10111,18,,,0,18,,10112,18,,,0,51,,10113,18,,,0,15,,10114,18,,,0,13,,10115,18,,,0,17,,10116,18,,,0,54,,10132,18,,,0,17,,10117,18,,,0,13,,10157,18,,,0,17,,10118,18,,,0,70,,10119,18,,,0,33,,10120,18,,,0,68,,10121,18,,,0,32,,10122,18,,,0,68,,10123,18,,,0,32,,10124,18,,,0,69,,10125,18,,,0,34,,10126,18,,,0,51,,10127,18,,,0,15,,10128,18,,,0,18,,10129,18,,,0,13,,10130,18,,,0,57,,10131,18,,,0,12,,10133,18,,,0,18,,10136,18,,,0,11,,10148,18,,,0,59,,10137,18,,,0,11,,10134,18,,,0,18,,10138,18,,,0,11,,10149,18,,,0,58,,10139,18,,,0,10,,10135,18,,,0,16,,10140,18,,,0,13,,10151,18,,,0,72,,10141,18,,,0,27,,10150,18,,,0,73,,10142,18,,,0,26,,10153,18,,,0,72,,10143,18,,,0,28,,10152,18,,,0,70,,10144,18,,,0,28,,10154,18,,,0,70,,10145,18,,,0,28,,10155,18,,,0,73,,10146,18,,,0,31,,10156,18,,,0,70,,10147,18,,,0
700,'5526',651,,10197,18,,,0,70,,10195,18,,,0,31,,10183,18,,,0,70,,10158,18,,,0,31,,10159,18,,,0,71,,10161,18,,,0,29,,10160,18,,,0,71,,10167,18,,,0,31,,10172,18,,,0,54,,10187,18,,,0,16,,10173,18,,,0,15,,10188,18,,,0,63,,10175,18,,,0,33,,10170,18,,,0,68,,10176,18,,,0,30,,10169,18,,,0,72,,10177,18,,,0,28,,10171,18,,,0,70,,10189,18,,,0,13,,10178,18,,,0,14,,10190,18,,,0,16,,10179,18,,,0,54,,10193,18,,,0,15,,10168,18,,,0,16,,10192,18,,,0,14,,10180,18,,,0,55,,10191,18,,,0,24,,10174,18,,,0,29,,10181,18,,,0,70,,10162,18,,,0,76,,10163,18,,,0,32,,10164,18,,,0,76,,10185,18,,,0,34,,10184,18,,,0,105,,10165,18,,,0,96,,10166,18,,,0,100,,10182,18,,,0,98,,10186,18,,,0,66,,10194,18,,,0,29,,10196,18,,,0
