1400,'5475',617,,11006,11,,,0,31,,11005,11,,,0,87,,10998,11,,,0,67,,11000,11,0,7 8 2 9 2 10,0,43,,11003,11,,,0,91,,11001,11,,,0,114,,10999,11,,,0,185,,11007,11,,,0,217,,11002,11,0,9,0,155,,11008,11,,,0,39,,11009,11,,,0,75,,11010,11,,,0,79,,11011,11,,,0,105,,11004,11,,,0,114,,11012,11,,,0,30,,11013,11,,,0,365,,11015,11,,,0,29,,11014,11,,,0
1400,'5518',909,,11017,11,,,0,200,,11016,11,,,0,130,,11021,11,,,0,95,,11018,11,,,0,100,,11019,11,,,0,170,,11020,11,,,0,225,,11022,11,,,0
1400,'5520',617,,11031,11,,,0,31,,11030,11,,,0,87,,11023,11,,,0,67,,11025,11,0,7 8 2 9 2 10,0,43,,11028,11,,,0,91,,11026,11,,,0,114,,11024,11,,,0,185,,11032,11,,,0,217,,11027,11,0,9,0,155,,11033,11,,,0,39,,11034,11,,,0,75,,11035,11,,,0,79,,11036,11,,,0,105,,11029,11,,,0,114,,11037,11,,,0,30,,11038,11,,,0
1400,'5526',804,,11039,11,,,0,135,,11042,11,,,0,95,,11048,11,,,0,101,,11045,11,,,0,100,,11041,11,,,0,100,,11046,11,,,0,105,,11043,11,,,0,212,,11044,11,,,0,207,,11040,11,,,0,100,,11047,11,,,0
8001,'5475',1507,,11486,26,,,0
8001,'5522',1507,,11487,26,,,0
8001,'5525',1512,,11488,26,,,0
8100,'5475',751,,11489,20,,,0
8100,'5520',751,,11490,20,,,0
8101,'5475',1544,,11491,47,,,0
8101,'5522',1544,,11492,47,,,0
8101,'5525',1438,,11493,47,,,0
