1300,'5475',720,,10924,23,4,,0,135,,10926,23,4,,0,148,,10928,23,4,,0,100,,10927,23,4,,0,100,,10929,23,4,,0,214,,10925,23,4,,0,108,,10930,23,4,,0,108,,10931,23,4,,0,108,,10932,23,4,,0,105,,10933,23,4,,0,105,,10934,23,4,,0,592,,10935,23,4,,0
1300,'5518',846,,10937,23,4,,0,363,,10938,23,4,,0,325,,10936,23,4,,0,271,,10939,23,4,,0
1300,'5520',720,,10940,23,4,,0,135,,10942,23,4,,0,148,,10944,23,4,,0,100,,10943,23,4,,0,100,,10945,23,4,,0,214,,10941,23,4,,0,108,,10946,23,4,,0,108,,10947,23,4,,0,108,,10948,23,4,,0,105,,10949,23,4,,0,105,,10950,23,4,,0
1300,'5526',757,,10952,23,4,,0,102,,10953,23,4,,0,145,,10951,23,4,,0,100,,10954,23,4,,0,102,,10955,23,4,,0,197,,10958,23,4,,0,147,,10959,23,4,,0,100,,10956,23,4,,0,98,,10960,23,4,,0,100,,10961,23,4,,0,99,,10957,23,4,,0,99,,10962,23,4,,0
1301,'5475',805,,10964,1,,,0,108,,10967,1,,,0,100,,10966,1,,,0,100,,10965,1,,,0,210,,10963,1,,,0,103,,10968,1,,,0,108,,10969,1,,,0,108,,10970,1,,,0,108,,10971,1,,,0,105,,10972,1,,,0,600,,10973,1,,,0
1301,'5518',1120,,10976,1,,,0,325,,10974,1,,,0,270,,10975,1,,,0
1301,'5520',805,,10978,1,,,0,108,,10981,1,,,0,100,,10980,1,,,0,100,,10979,1,,,0,210,,10977,1,,,0,103,,10982,1,,,0,108,,10983,1,,,0,108,,10984,1,,,0,108,,10985,1,,,0,105,,10986,1,,,0
1301,'5526',810,,10988,1,,,0,105,,10989,1,,,0,100,,10993,1,,,0,100,,10987,1,,,0,195,,10991,1,,,0,145,,10990,1,,,0,100,,10994,1,,,0,100,,10995,1,,,0,100,,10996,1,,,0,100,,10992,1,,,0,100,,10997,1,,,0
1400,'5475',623,,11006,19,4,,0,31,,11005,19,4,,0,89,,10998,19,4,,0,86,,11000,62,4,,0,23,,11003,19,4,,0,91,,11001,19,4,,0,114,,10999,19,4,,0,185,,11007,19,4,,0,372,,11008,19,4,,0,39,,11009,19,4,,0,75,,11010,19,4,,0,79,,11011,19,4,,0,105,,11004,19,4,,0,114,,11012,19,4,,0,30,,11013,19,4,,0,365,,11015,19,4,,0,29,,11014,19,4,,0
1400,'5518',915,,11017,19,4,,0,200,,11016,19,4,,0,130,,11021,19,4,,0,95,,11018,19,4,,0,100,,11019,19,4,,0,170,,11020,19,4,,0,225,,11022,19,4,,0
1400,'5520',623,,11031,19,4,,0,31,,11030,19,4,,0,89,,11023,19,4,,0,86,,11025,62,4,,0,23,,11028,19,4,,0,91,,11026,19,4,,0,114,,11024,19,4,,0,185,,11032,19,4,,0,372,,11033,19,4,,0,39,,11034,19,4,,0,75,,11035,19,4,,0,79,,11036,19,4,,0,105,,11029,19,4,,0,114,,11037,19,4,,0,30,,11038,19,4,,0
1400,'5526',810,,11039,19,4,,0,135,,11042,19,4,,0,96,,11048,19,4,,0,101,,11045,19,4,,0,100,,11041,19,4,,0,100,,11046,19,4,,0,105,,11043,19,4,,0,253,,11044,19,4,,0,205,,11040,19,4,,0,100,,11047,19,4,,0
1401,'5475',600,,11056,1,,,0,30,,11057,1,,,0,85,,11049,1,,,0,25,,11051,1,,,0,84,,11054,1,,,0,91,,11052,1,,,0,115,,11050,1,,,0,185,,11058,1,,,0,215,,11053,1,,,0,115,,11060,1,,,0,80,,11059,1,,,0,75,,11061,1,,,0,40,,11062,1,,,0,105,,11055,1,,,0,155,,11063,1,,,0,30,,11064,1,,,0,326,,11066,1,,,0,69,,11065,1,,,0
1401,'5518',850,,11068,1,,,0,200,,11067,1,,,0,170,,11072,1,,,0,95,,11070,1,,,0,100,,11069,1,,,0,130,,11071,1,,,0,265,,11073,1,,,0
1401,'5520',600,,11081,1,,,0,30,,11082,1,,,0,85,,11074,1,,,0,25,,11076,1,,,0,84,,11079,1,,,0,91,,11077,1,,,0,115,,11075,1,,,0,185,,11083,1,,,0,215,,11078,1,,,0,115,,11085,1,,,0,80,,11084,1,,,0,75,,11086,1,,,0,40,,11087,1,,,0,105,,11080,1,,,0,155,,11088,1,,,0,30,,11089,1,,,0
1401,'5526',745,,11090,1,,,0,175,,11094,1,,,0,95,,11098,1,,,0,100,,11096,1,,,0,100,,11092,1,,,0,100,,11099,1,,,0,105,,11091,1,,,0,210,,11095,1,,,0,210,,11093,1,,,0,100,,11097,1,,,0
8100,'5475',821,,11489,72,4,,0
8100,'5520',821,,11490,72,4,,0
8101,'5475',1551,,11491,55,4,,0
8101,'5522',1551,,11492,55,4,,0
8101,'5525',1445,,11493,55,4,,0
