1600,'5475',747,,11114,30,4,,0,72,,11106,30,4,,0,97,,11101,30,4,,0,100,,11102,30,4,,0,100,,11103,30,4,,0,100,,11109,30,4,,0,100,,11104,30,4,,0,103,,11100,30,4,,0,105,,11107,30,4,,0,108,,11108,30,4,,0,100,,11111,30,4,,0,93,,11113,30,4,,0,98,,11112,30,4,,0,99,,11110,30,4,,0,400,,11115,30,4,,0,102,,11116,30,4,,0
1600,'5518',915,,11117,30,4,,0,100,,11120,30,4,,0,100,,11118,30,4,,0,101,,11119,30,4,,0,102,,11121,30,4,,0,100,,11124,30,4,,0,99,,11127,30,4,,0,100,,11125,30,4,,0,105,,11122,30,4,,0,99,,11123,30,4,,0,97,,11126,30,4,,0,100,,11128,30,4,,0
1600,'5520',747,,11143,30,4,,0,72,,11135,30,4,,0,97,,11130,30,4,,0,100,,11131,30,4,,0,100,,11132,30,4,,0,100,,11138,30,4,,0,100,,11133,30,4,,0,103,,11129,30,4,,0,105,,11136,30,4,,0,108,,11137,30,4,,0,100,,11140,30,4,,0,93,,11142,30,4,,0,98,,11141,30,4,,0,99,,11139,30,4,,0
1600,'5526',855,,11148,30,4,,0,157,,11146,30,4,,0,95,,11145,30,4,,0,111,,11149,30,4,,0,95,,11150,30,4,,0,101,,11144,30,4,,0,100,,11152,30,4,,0,100,,11147,30,4,,0,105,,11151,30,4,,0,95,,11153,30,4,,0,97,,11154,30,4,,0,100,,11155,30,4,,0
1601,'5475',730,,11161,1,,,0,100,,11157,1,,,0,100,,11158,1,,,0,100,,11156,1,,,0,100,,11165,1,,,0,100,,11159,1,,,0,100,,11160,1,,,0,100,,11163,1,,,0,110,,11164,1,,,0,100,,11167,1,,,0,100,,11169,1,,,0,100,,11168,1,,,0,100,,11166,1,,,0,400,,11171,1,,,0,100,,11172,1,,,0
1601,'5518',835,,11173,1,,,0,100,,11176,1,,,0,100,,11174,1,,,0,100,,11175,1,,,0,100,,11177,1,,,0,100,,11179,1,,,0,100,,11184,1,,,0,100,,11181,1,,,0,105,,11178,1,,,0,100,,11180,1,,,0,100,,11182,1,,,0,100,,11183,1,,,0
1601,'5520',730,,11190,1,,,0,100,,11186,1,,,0,100,,11187,1,,,0,100,,11185,1,,,0,100,,11194,1,,,0,100,,11188,1,,,0,100,,11189,1,,,0,100,,11192,1,,,0,110,,11193,1,,,0,100,,11196,1,,,0,100,,11198,1,,,0,100,,11197,1,,,0,100,,11195,1,,,0
1601,'5526',816,,11201,1,,,0,114,,11200,1,,,0,95,,11202,1,,,0,110,,11204,1,,,0,95,,11205,1,,,0,100,,11203,1,,,0,100,,11207,1,,,0,100,,11208,1,,,0,105,,11206,1,,,0,95,,11209,1,,,0,100,,11210,1,,,0,100,,11211,1,,,0
1700,'5475',711,,11214,56,4,,0,29,,11222,56,4,,0,104,,11221,56,4,,0,84,,11226,56,4,,0,99,,11213,56,4,,0,100,,11217,56,4,,0,100,,11212,56,4,,0,99,,11215,37,4,,0,101,,11218,37,4,,0,115,,11220,37,4,,0,93,,11223,37,4,,0,107,,11228,37,4,,0,95,,11224,37,4,,0,113,,11227,56,4,,0,87,,11225,24,4,,0,98,,11219,24,4,,0,115,,11216,24,4,,0,154,,11229,24,4,,0,37,,11230,25,4,,0,108,,11231,25,4,,0
1700,'5518',926,,11232,56,4,,0,100,,11233,56,4,,0,102,,11234,37,4,,0,96,,11235,55,4,,0,200,,11237,37,4,,0,208,,11236,24,4,,0,102,,11238,37,4,,0,112,,11239,37,4,,0,85,,11240,24,4,,0,170,,11241,24,4,,0
1700,'5520',711,,11244,56,4,,0,29,,11252,56,4,,0,104,,11251,56,4,,0,84,,11256,56,4,,0,99,,11243,56,4,,0,100,,11247,56,4,,0,100,,11242,56,4,,0,99,,11245,37,4,,0,101,,11248,37,4,,0,115,,11250,37,4,,0,93,,11253,37,4,,0,107,,11258,37,4,,0,95,,11254,37,4,,0,113,,11257,56,4,,0,87,,11255,24,4,,0,98,,11249,24,4,,0,115,,11246,24,4,,0,154,,11259,24,4,,0
1700,'5526',819,,11260,56,4,,0,103,,11261,56,4,,0,90,,11262,56,4,,0,133,,11263,56,4,,0,169,,11264,37,4,,0,103,,11265,37,4,,0,130,,11266,37,4,,0,171,,11267,37,4,,0,104,,11268,37,4,,0,85,,11269,24,4,,0,105,,11270,24,4,,0,105,,11271,24,4,,0,110,,11272,24,4,,0,119,,11273,24,4,,0
1701,'5475',715,,11282,1,0,11 12,0,85,,11287,1,0,11 12,0,100,,11275,1,0,11 12,0,100,,11278,1,0,11 12,0,100,,11274,1,0,11 12,0,100,,11276,1,0,15 1 16,0,100,,11279,1,0,15 1 16,0,110,,11281,1,0,15 1 16,0,90,,11284,1,0,15 1 16,0,110,,11289,1,0,15 1 16,0,100,,11285,1,0,15 1 16,0,105,,11288,1,0,15 1 16,0,120,,11286,1,0,13 14,0,100,,11280,1,0,13 14,0,115,,11277,1,0,13 14,0,155,,11290,1,0,13 14,0,37,,11291,1,0,13 14,0,108,,11292,1,0,13 14,0
1701,'5518',810,,11293,1,0,11 12,0,100,,11294,1,0,11 12,0,115,,11295,1,0,11 12,0,95,,11296,1,0,13 14,0,200,,11298,1,0,11 12,0,210,,11297,1,0,13 14,0,100,,11300,1,0,11 12,0,100,,11299,1,0,15 1 16,0,100,,11301,1,0,13 14,0,170,,11302,1,0,13 14,0
1701,'5520',715,,11311,1,0,11 12,0,85,,11316,1,0,11 12,0,100,,11304,1,0,11 12,0,100,,11307,1,0,11 12,0,100,,11303,1,0,11 12,0,100,,11305,1,0,15 1 16,0,100,,11308,1,0,15 1 16,0,110,,11310,1,0,15 1 16,0,90,,11313,1,0,15 1 16,0,110,,11318,1,0,15 1 16,0,100,,11314,1,0,15 1 16,0,105,,11317,1,0,15 1 16,0,120,,11315,1,0,13 14,0,100,,11309,1,0,13 14,0,115,,11306,1,0,13 14,0,155,,11319,1,0,13 14,0
1701,'5526',710,,11324,1,0,11 12,0,100,,11321,1,0,11 12,0,90,,11320,1,0,11 12,0,130,,11322,1,0,11 12,0,170,,11325,1,0,15 1 16,0,100,,11326,1,0,15 1 16,0,130,,11323,1,0,15 1 16,0,170,,11327,1,0,15 1 16,0,105,,11328,1,0,15 1 16,0,100,,11330,1,0,13 14,0,105,,11331,1,0,13 14,0,105,,11332,1,0,13 14,0,110,,11329,1,0,13 14,0,120,,11333,1,0,13 14,0
