400,'5475',643,,9565,23,,,0,66,,9570,23,,,0,91,,9567,23,,,0,34,,9572,23,,,0,68,,9569,23,,,0,28,,9575,23,,,0,70,,9568,23,,,0,30,,9566,23,,,0,72,,9576,23,,,0,30,,9581,23,,,0,72,,9578,23,,,0,30,,9571,23,,,0,70,,9583,23,,,0,30,,9592,23,,,0,72,,9582,23,,,0,30,,9594,23,,,0,70,,9573,23,,,0,30,,9593,23,,,0,22,,9595,23,,,0,50,,9590,23,,,0,30,,9579,23,,,0,12,,9596,23,,,0,58,,9580,23,,,0,29,,9577,23,,,0,67,,9587,23,,,0,29,,9574,23,,,0,67,,9588,23,,,0,56,,9589,23,,,0,95,,9585,23,,,0,97,,9584,23,,,0,100,,9586,23,,,0,157,,9591,23,,,0,16,,9597,23,,,0,109,,9598,23,,,0
400,'5518',851,,9601,23,,,0,159,,9602,23,,,0,120,,9599,23,,,0,122,,9600,23,,,0,95,,9606,23,,,0,167,,9604,23,,,0,127,,9605,23,,,0,162,,9603,23,,,0,120,,9607,23,,,0
400,'5520',643,,9608,23,,,0,66,,9613,23,,,0,91,,9610,23,,,0,34,,9615,23,,,0,68,,9612,23,,,0,28,,9618,23,,,0,70,,9611,23,,,0,30,,9609,23,,,0,72,,9619,23,,,0,30,,9624,23,,,0,72,,9621,23,,,0,30,,9614,23,,,0,70,,9626,23,,,0,30,,9635,23,,,0,72,,9625,23,,,0,30,,9637,23,,,0,70,,9616,23,,,0,30,,9636,23,,,0,22,,9638,23,,,0,50,,9633,23,,,0,30,,9622,23,,,0,12,,9639,23,,,0,58,,9623,23,,,0,29,,9620,23,,,0,67,,9630,23,,,0,29,,9617,23,,,0,67,,9631,23,,,0,56,,9632,23,,,0,95,,9628,23,,,0,97,,9627,23,,,0,100,,9629,23,,,0,157,,9634,23,,,0
400,'5526',838,,9641,23,,,0,66,,9642,23,,,0,25,,9640,23,,,0,26,,9643,23,,,0,67,,9644,23,,,0,26,,9645,23,,,0,65,,9646,23,,,0,26,,9647,23,,,0,66,,9648,23,,,0,27,,9649,23,,,0,27,,9650,23,,,0,68,,9651,23,,,0,27,,9652,23,,,0,68,,9653,23,,,0,27,,9656,23,,,0,69,,9658,23,,,0,27,,9654,23,,,0,69,,9660,23,,,0,27,,9655,23,,,0,66,,9657,23,,,0,27,,9659,23,,,0,67,,9661,23,,,0,27,,9662,23,,,0,24,,9663,23,,,0,74,,9665,23,,,0,99,,9664,23,,,0,100,,9666,23,,,0,99,,9667,23,,,0,99,,9668,23,,,0
500,'5475',718,,9773,20,,,0,17,,9784,17,,,0,15,,9775,17,,,0,74,,9776,20,,,0,33,,9774,17,,,0,73,,9782,20,,,0,73,,9783,17,,,0,33,,9785,17,,,0,73,,9777,20,,,0,33,,9778,17,,,0,73,,9786,20,,,0,36,,9780,17,,,0,75,,9781,20,,,0,77,,9779,17,,,0,35,,9787,20,,,0,77,,9797,17,,,0,36,,9790,20,,,0,76,,9792,20,,,0,77,,9798,17,,,0,34,,9793,20,,,0,76,,9794,17,,,0,31,,9791,20,,,0,76,,9795,17,,,0,84,,9796,17,,,0,100,,9788,17,,,0,99,,9789,17,,,0,116,,9799,20,,,0,20,,9801,20,,,0,110,,9800,20,,,0
500,'5518',923,,9804,20,,,0,120,,9803,20,,,0,160,,9802,20,,,0,122,,9805,20,,,0,96,,9806,20,,,0,127,,9807,20,,,0,167,,9808,20,,,0,120,,9809,20,,,0
500,'5520',718,,9810,20,,,0,17,,9821,17,,,0,15,,9812,17,,,0,74,,9813,20,,,0,33,,9811,17,,,0,73,,9819,20,,,0,73,,9820,17,,,0,33,,9822,17,,,0,73,,9814,20,,,0,33,,9815,17,,,0,73,,9823,20,,,0,36,,9817,17,,,0,75,,9818,20,,,0,77,,9816,17,,,0,35,,9824,20,,,0,77,,9834,17,,,0,36,,9827,20,,,0,76,,9829,20,,,0,77,,9835,17,,,0,34,,9830,20,,,0,76,,9831,17,,,0,31,,9828,20,,,0,76,,9832,17,,,0,84,,9833,17,,,0,100,,9825,17,,,0,99,,9826,17,,,0,116,,9836,20,,,0
500,'5526',808,,9838,17,,,0,30,,9839,20,,,0,70,,9840,20,,,0,30,,9861,17,,,0,71,,9837,20,,,0,29,,9842,17,,,0,71,,9843,20,,,0,29,,9841,17,,,0,71,,9846,20,,,0,29,,9847,17,,,0,72,,9845,20,,,0,30,,9844,17,,,0,71,,9848,20,,,0,29,,9849,17,,,0,71,,9850,20,,,0,30,,9853,17,,,0,71,,9854,20,,,0,28,,9851,17,,,0,70,,9852,20,,,0,29,,9855,17,,,0,71,,9856,20,,,0,29,,9859,17,,,0,120,,9860,20,,,0,94,,9857,17,,,0,103,,9858,20,,,0,100,,9862,20,,,0
701,'5475',617,,10199,16,,,0,17,,10200,19,,,0,14,,10201,16,,,0,56,,10202,19,,,0,6,,10203,16,,,0,10,,10204,19,,,0,14,,10205,16,,,0,19,,10206,19,,,0,52,,10207,16,,,0,19,,10208,19,,,0,11,,10209,16,,,0,16,,10210,19,,,0,52,,10211,16,,,0,18,,10212,19,,,0,13,,10248,16,,,0,17,,10213,19,,,0,53,,10253,16,,,0,17,,10214,19,,,0,29,,10215,16,,,0,73,,10216,19,,,0,27,,10217,16,,,0,72,,10218,19,,,0,28,,10219,16,,,0,72,,10220,19,,,0,28,,10221,16,,,0,74,,10222,19,,,0,11,,10223,16,,,0,15,,10224,16,,,0,58,,10225,19,,,0,13,,10226,16,,,0,17,,10227,19,,,0,12,,10228,16,,,0,58,,10229,19,,,0,12,,10230,16,,,0,18,,10231,19,,,0,12,,10232,16,,,0,58,,10233,19,,,0,12,,10234,16,,,0,18,,10235,19,,,0,11,,10249,16,,,0,56,,10250,19,,,0,14,,10236,16,,,0,31,,10237,19,,,0,68,,10238,16,,,0,32,,10239,19,,,0,68,,10240,16,,,0,31,,10241,19,,,0,69,,10242,16,,,0,31,,10243,19,,,0,69,,10244,16,,,0,30,,10245,19,,,0,69,,10246,16,,,0,33,,10247,19,,,0,72,,10251,16,,,0,30,,10252,19,,,0,95,,10254,19,,,0
701,'5518',712,,10255,16,,,0,27,,10256,19,,,0,99,,10257,16,,,0,96,,10258,19,,,0,74,,10261,16,,,0,30,,10259,16,,,0,66,,10260,19,,,0,34,,10268,16,,,0,66,,10263,19,,,0,29,,10262,16,,,0,71,,10265,19,,,0,29,,10275,16,,,0,71,,10267,19,,,0,29,,10271,16,,,0,71,,10266,19,,,0,29,,10264,16,,,0,71,,10270,19,,,0,29,,10274,16,,,0,71,,10269,19,,,0,29,,10276,16,,,0,71,,10272,19,,,0,29,,10278,16,,,0,101,,10273,19,,,0,99,,10281,16,,,0,104,,10277,19,,,0,96,,10279,16,,,0,101,,10280,19,,,0
701,'5520',617,,10283,16,,,0,17,,10284,19,,,0,14,,10285,16,,,0,56,,10286,19,,,0,6,,10287,16,,,0,10,,10288,19,,,0,14,,10289,16,,,0,19,,10290,19,,,0,52,,10291,16,,,0,19,,10292,19,,,0,11,,10293,16,,,0,16,,10294,19,,,0,52,,10295,16,,,0,18,,10296,19,,,0,13,,10332,16,,,0,17,,10297,19,,,0,53,,10337,16,,,0,17,,10298,19,,,0,29,,10299,16,,,0,73,,10300,19,,,0,27,,10301,16,,,0,72,,10302,19,,,0,28,,10303,16,,,0,72,,10304,19,,,0,28,,10305,16,,,0,74,,10306,19,,,0,11,,10307,16,,,0,15,,10308,16,,,0,58,,10309,19,,,0,13,,10310,16,,,0,17,,10311,19,,,0,12,,10312,16,,,0,58,,10313,19,,,0,12,,10314,16,,,0,18,,10315,19,,,0,12,,10316,16,,,0,58,,10317,19,,,0,12,,10318,16,,,0,18,,10319,19,,,0,11,,10333,16,,,0,56,,10334,19,,,0,14,,10320,16,,,0,31,,10321,19,,,0,68,,10322,16,,,0,32,,10323,19,,,0,68,,10324,16,,,0,31,,10325,19,,,0,69,,10326,16,,,0,31,,10327,19,,,0,69,,10328,16,,,0,30,,10329,19,,,0,69,,10330,16,,,0,33,,10331,19,,,0,72,,10335,16,,,0,30,,10336,19,,,0
701,'5526',627,,10376,19,,,0,30,,10375,16,,,0,71,,10363,19,,,0,30,,10338,16,,,0,70,,10339,16,,,0,31,,10340,19,,,0,69,,10341,16,,,0,30,,10349,16,,,0,71,,10354,19,,,0,14,,10367,16,,,0,16,,10353,19,,,0,55,,10368,16,,,0,22,,10356,16,,,0,71,,10352,19,,,0,29,,10355,16,,,0,70,,10348,16,,,0,31,,10358,19,,,0,69,,10351,16,,,0,29,,10371,19,,,0,14,,10359,16,,,0,55,,10372,16,,,0,16,,10360,19,,,0,14,,10370,16,,,0,15,,10347,16,,,0,56,,10373,19,,,0,14,,10357,16,,,0,15,,10369,16,,,0,24,,10350,19,,,0,69,,10361,16,,,0,30,,10342,16,,,0,76,,10345,19,,,0,74,,10346,16,,,0,36,,10364,19,,,0,74,,10365,16,,,0,105,,10344,16,,,0,97,,10343,19,,,0,102,,10362,16,,,0,99,,10366,16,,,0,26,,10374,19,,,0,69,,10377,16,,,0
901,'5475',609,,10589,11,,,0,30,,10590,11,,,0,71,,10591,11,,,0,15,,10592,11,,,0,15,,10593,11,,,0,16,,10594,11,,,0,55,,10595,11,,,0,15,,10596,11,,,0,7,,10597,11,,,0,9,,10598,11,,,0,13,,10599,11,,,0,55,,10600,11,,,0,15,,10601,11,,,0,15,,10602,11,,,0,15,,10603,11,,,0,55,,10604,11,,,0,15,,10605,11,,,0,15,,10606,11,,,0,15,,10607,11,,,0,56,,10608,11,,,0,15,,10609,11,,,0,15,,10610,11,,,0,15,,10611,11,,,0,55,,10612,11,,,0,15,,10613,11,,,0,14,,10614,11,,,0,16,,10615,11,,,0,55,,10616,11,,,0,15,,10617,11,,,0,15,,10618,11,,,0,15,,10619,11,,,0,54,,10620,11,,,0,16,,10621,11,,,0,14,,10622,11,,,0,15,,10623,11,,,0,56,,10624,11,,,0,7,,10625,11,,,0,8,,10626,11,,,0,16,,10627,11,,,0,14,,10628,11,,,0,55,,10629,11,,,0,16,,10630,11,,,0,15,,10631,11,,,0,15,,10632,11,,,0,48,,10633,11,,,0,7,,10634,11,,,0,14,,10635,11,,,0,15,,10636,11,,,0,15,,10637,11,,,0,54,,10638,11,,,0,15,,10639,11,,,0,15,,10640,11,,,0,15,,10641,11,,,0,54,,10642,11,,,0,15,,10643,11,,,0,16,,10644,11,,,0,14,,10645,11,,,0,55,,10646,11,,,0,20,,10647,11,,,0,20,,10648,11,,,0,74,,10649,11,,,0,30,,10650,11,,,0,67,,10651,11,,,0,33,,10652,11,,,0,67,,10653,11,,,0,33,,10654,11,,,0,67,,10655,11,,,0,30,,10656,11,,,0
901,'5518',709,,10657,11,,,0,30,,10660,11,,,0,70,,10658,11,,,0,30,,10659,11,,,0,70,,10664,11,,,0,30,,10661,11,,,0,70,,10663,11,,,0,30,,10662,11,,,0,70,,10667,11,,,0,30,,10665,11,,,0,70,,10666,11,,,0,30,,10671,11,,,0,70,,10669,11,,,0,30,,10672,11,,,0,70,,10668,11,,,0,30,,10670,11,,,0,71,,10684,11,,,0,30,,10674,11,,,0,70,,10675,11,,,0,29,,10673,11,,,0,70,,10676,11,,,0,30,,10677,11,,,0,70,,10689,11,,,0,30,,10681,11,,,0,70,,10678,11,,,0,30,,10680,11,,,0,70,,10679,11,,,0,30,,10682,11,,,0,70,,10688,11,,,0,30,,10683,11,,,0,70,,10685,11,,,0,29,,10686,11,,,0,70,,10687,11,,,0,30,,10690,11,,,0
901,'5520',609,,10691,11,,,0,30,,10692,11,,,0,71,,10693,11,,,0,15,,10694,11,,,0,15,,10695,11,,,0,16,,10696,11,,,0,55,,10697,11,,,0,15,,10698,11,,,0,7,,10699,11,,,0,9,,10700,11,,,0,13,,10701,11,,,0,55,,10702,11,,,0,15,,10703,11,,,0,15,,10704,11,,,0,15,,10705,11,,,0,55,,10706,11,,,0,15,,10707,11,,,0,15,,10708,11,,,0,15,,10709,11,,,0,56,,10710,11,,,0,15,,10711,11,,,0,15,,10712,11,,,0,15,,10713,11,,,0,55,,10714,11,,,0,15,,10715,11,,,0,14,,10716,11,,,0,16,,10717,11,,,0,55,,10718,11,,,0,15,,10719,11,,,0,15,,10720,11,,,0,15,,10721,11,,,0,54,,10722,11,,,0,16,,10723,11,,,0,14,,10724,11,,,0,15,,10725,11,,,0,56,,10726,11,,,0,7,,10727,11,,,0,8,,10728,11,,,0,16,,10729,11,,,0,14,,10730,11,,,0,55,,10731,11,,,0,16,,10732,11,,,0,15,,10733,11,,,0,15,,10734,11,,,0,48,,10735,11,,,0,7,,10736,11,,,0,14,,10737,11,,,0,15,,10738,11,,,0,15,,10739,11,,,0,54,,10740,11,,,0,15,,10741,11,,,0,15,,10742,11,,,0,15,,10743,11,,,0,54,,10744,11,,,0,15,,10745,11,,,0,16,,10746,11,,,0,14,,10747,11,,,0,55,,10748,11,,,0,20,,10749,11,,,0,20,,10750,11,,,0,74,,10751,11,,,0,30,,10752,11,,,0,67,,10753,11,,,0,33,,10754,11,,,0,67,,10755,11,,,0,33,,10756,11,,,0,67,,10757,11,,,0,30,,10758,11,,,0
901,'5526',608,,10797,11,,,0,30,,10798,11,,,0,71,,10785,11,,,0,30,,10781,11,,,0,70,,10759,11,,,0,30,,10763,11,,,0,71,,10761,11,,,0,30,,10760,11,,,0,70,,10762,11,,,0,30,,10764,11,,,0,15,,10791,11,,,0,55,,10765,11,,,0,15,,10789,11,,,0,15,,10767,11,,,0,71,,10768,11,,,0,30,,10769,11,,,0,70,,10766,11,,,0,30,,10770,11,,,0,70,,10771,11,,,0,14,,10796,11,,,0,15,,10773,11,,,0,15,,10793,11,,,0,55,,10775,11,,,0,15,,10795,11,,,0,15,,10777,11,,,0,15,,10790,11,,,0,55,,10778,11,,,0,15,,10792,11,,,0,15,,10774,11,,,0,15,,10794,11,,,0,55,,10772,11,,,0,30,,10776,11,,,0,75,,10779,11,,,0,40,,10787,11,,,0,70,,10782,11,,,0,100,,10783,11,,,0,100,,10784,11,,,0,100,,10780,11,,,0,105,,10786,11,,,0,104,,10788,11,,,0,104,,10799,11,,,0
1600,'5475',711,,11105,34,,,0
1600,'5520',711,,11134,34,,,0
