1400,'5475',615,,11006,9,,,0,31,,11005,9,,,0,87,,10998,9,,,0,67,,11000,9,0,7 8 2 9 2 10,0,43,,11003,9,,,0,91,,11001,9,,,0,114,,10999,9,,,0,185,,11007,9,,,0,217,,11002,9,0,9,0,155,,11008,9,,,0,39,,11009,9,,,0,75,,11010,9,,,0,39,,11011,9,,,0,145,,11004,9,,,0,114,,11012,9,,,0,30,,11013,9,,,0,365,,11015,9,,,0,29,,11014,9,,,0
1400,'5518',907,,11017,9,,,0,200,,11016,9,,,0,130,,11021,9,,,0,95,,11018,9,,,0,100,,11019,9,,,0,170,,11020,9,,,0,225,,11022,9,,,0
1400,'5520',615,,11031,9,,,0,31,,11030,9,,,0,87,,11023,9,,,0,67,,11025,9,0,7 8 2 9 2 10,0,43,,11028,9,,,0,91,,11026,9,,,0,114,,11024,9,,,0,185,,11032,9,,,0,217,,11027,9,0,9,0,155,,11033,9,,,0,39,,11034,9,,,0,75,,11035,9,,,0,39,,11036,9,,,0,145,,11029,9,,,0,114,,11037,9,,,0,30,,11038,9,,,0
1400,'5526',802,,11039,9,,,0,135,,11042,9,,,0,95,,11048,9,,,0,101,,11045,9,,,0,100,,11041,9,,,0,100,,11046,9,,,0,105,,11043,9,,,0,212,,11044,9,,,0,207,,11040,9,,,0,100,,11047,9,,,0
8001,'5475',1501,,11486,20,,,0
8001,'5522',1501,,11487,20,,,0
8001,'5525',1506,,11488,20,,,0
8100,'5475',750,,11489,18,,,0
8100,'5520',750,,11490,18,,,0
8101,'5475',1543,,11491,45,,,0
8101,'5522',1543,,11492,45,,,0
8101,'5525',1437,,11493,45,,,0
