101,'5475',601,,8926,2,,,0,30,,8927,2,,,0,70,,8928,2,,,0,15,,8933,2,,,0,15,,8930,2,,,0,15,,8929,2,,,0,55,,8932,2,,,0,15,,8931,2,,,0,15,,8934,2,,,0,15,,8935,2,,,0,55,,8972,2,,,0,20,,8936,2,,,0,20,,8976,2,,,0,60,,8970,2,,,0,30,,8939,2,,,0,70,,8969,2,,,0,30,,8937,2,,,0,70,,8938,2,,,0,30,,8940,2,,,0,70,,8942,2,,,0,30,,8943,2,,,0,70,,8968,2,,,0,20,,8944,2,,,0,20,,8971,2,,,0,60,,8941,2,,,0,15,,8947,2,,,0,15,,8948,2,,,0,15,,8946,2,,,0,55,,8973,2,,,0,15,,8945,2,,,0,15,,8950,2,,,0,15,,8951,2,,,0,55,,8949,2,,,0,15,,8953,2,,,0,15,,8974,2,,,0,15,,8954,2,,,0,55,,8952,2,,,0,20,,8955,2,,,0,20,,8956,2,,,0,65,,8975,2,,,0,30,,8957,2,,,0,70,,8958,2,,,0,30,,8959,2,,,0,70,,8960,2,,,0,30,,8961,2,,,0,70,,8963,2,,,0,30,,8962,2,,,0,70,,8964,2,,,0,30,,8965,2,,,0,70,,8966,2,,,0,30,,8967,2,,,0,98,,8977,2,,,0
101,'5518',701,,8978,2,,,0,30,,8979,2,,,0,70,,8982,2,,,0,30,,8981,2,,,0,70,,8980,2,,,0,30,,8986,2,,,0,70,,8983,2,,,0,30,,8985,2,,,0,70,,8984,2,,,0,30,,8997,2,,,0,70,,8987,2,,,0,30,,8988,2,,,0,70,,8989,2,,,0,30,,8990,2,,,0,70,,8991,2,,,0,30,,8996,2,,,0,70,,8992,2,,,0,30,,8993,2,,,0,70,,8995,2,,,0,30,,9006,2,,,0,70,,8994,2,,,0,30,,9008,2,,,0,75,,8999,2,,,0,25,,8998,2,,,0,70,,9000,2,,,0,30,,9009,2,,,0,70,,9004,2,,,0,30,,9001,2,,,0,70,,9003,2,,,0,30,,9002,2,,,0,70,,9005,2,,,0,30,,9010,2,,,0,78,,9007,2,,,0,22,,9011,2,,,0
101,'5520',601,,9012,2,,,0,30,,9013,2,,,0,70,,9014,2,,,0,15,,9019,2,,,0,15,,9016,2,,,0,15,,9015,2,,,0,55,,9018,2,,,0,15,,9017,2,,,0,15,,9020,2,,,0,15,,9021,2,,,0,55,,9058,2,,,0,20,,9022,2,,,0,20,,9062,2,,,0,60,,9056,2,,,0,30,,9025,2,,,0,70,,9055,2,,,0,30,,9023,2,,,0,70,,9024,2,,,0,30,,9026,2,,,0,70,,9028,2,,,0,30,,9029,2,,,0,70,,9054,2,,,0,20,,9030,2,,,0,20,,9057,2,,,0,60,,9027,2,,,0,15,,9033,2,,,0,15,,9034,2,,,0,15,,9032,2,,,0,55,,9059,2,,,0,15,,9031,2,,,0,15,,9036,2,,,0,15,,9037,2,,,0,55,,9035,2,,,0,15,,9039,2,,,0,15,,9060,2,,,0,15,,9040,2,,,0,55,,9038,2,,,0,20,,9041,2,,,0,20,,9042,2,,,0,65,,9061,2,,,0,30,,9043,2,,,0,70,,9044,2,,,0,30,,9045,2,,,0,70,,9046,2,,,0,30,,9047,2,,,0,70,,9049,2,,,0,30,,9048,2,,,0,70,,9050,2,,,0,30,,9051,2,,,0,70,,9052,2,,,0,30,,9053,2,,,0
101,'5526',621,,9091,2,,,0,30,,9092,2,,,0,70,,9089,2,,,0,25,,9094,2,,,0,60,,9088,2,,,0,15,,9095,2,,,0,15,,9063,2,,,0,15,,9096,2,,,0,55,,9064,2,,,0,30,,9065,2,,,0,70,,9066,2,,,0,30,,9067,2,,,0,70,,9068,2,,,0,30,,9069,2,,,0,70,,9070,2,,,0,30,,9071,2,,,0,70,,9072,2,,,0,30,,9073,2,,,0,70,,9074,2,,,0,30,,9075,2,,,0,70,,9076,2,,,0,30,,9078,2,,,0,15,,9097,2,,,0,55,,9079,2,,,0,15,,9098,2,,,0,15,,9080,2,,,0,15,,9099,2,,,0,55,,9081,2,,,0,15,,9100,2,,,0,15,,9082,2,,,0,15,,9101,2,,,0,55,,9083,2,,,0,30,,9077,2,,,0,85,,9084,2,,,0,100,,9085,2,,,0,105,,9086,2,,,0,105,,9087,2,,,0,105,,9090,2,,,0,100,,9093,2,,,0
201,'5475',731,,9219,2,,,0,15,,9218,2,,,0,55,,9221,2,,,0,30,,9217,2,,,0,70,,9223,2,,,0,30,,9224,2,,,0,70,,9220,2,,,0,30,,9225,2,,,0,70,,9226,2,,,0,30,,9227,2,,,0,70,,9228,2,,,0,30,,9229,2,,,0,70,,9230,2,,,0,29,,9233,2,,,0,70,,9231,2,,,0,31,,9232,2,,,0,70,,9234,2,,,0,40,,9207,2,,,0,70,,9203,2,,,0,30,,9211,2,,,0,70,,9205,2,,,0,30,,9202,2,,,0,75,,9212,2,,,0,40,,9206,2,,,0,70,,9209,2,,,0,75,,9213,2,,,0,25,,9210,2,,,0,30,,9204,2,,,0,70,,9208,2,,,0,225,,9235,2,,,0,100,,9236,2,,,0
201,'5518',821,,9237,2,,,0,110,,9238,2,,,0,100,,9239,2,,,0,100,,9241,2,,,0,105,,9240,2,,,0,95,,9243,2,,,0,100,,9242,2,,,0,100,,9246,2,,,0,105,,9248,2,,,0,100,,9247,2,,,0,166,,9244,2,,,0,100,,9245,2,,,0
201,'5520',731,,9266,2,,,0,15,,9265,2,,,0,55,,9268,2,,,0,30,,9264,2,,,0,70,,9270,2,,,0,30,,9271,2,,,0,70,,9267,2,,,0,30,,9272,2,,,0,70,,9273,2,,,0,30,,9274,2,,,0,70,,9275,2,,,0,30,,9276,2,,,0,70,,9277,2,,,0,29,,9280,2,,,0,70,,9278,2,,,0,31,,9279,2,,,0,70,,9281,2,,,0,40,,9254,2,,,0,70,,9250,2,,,0,30,,9258,2,,,0,70,,9252,2,,,0,30,,9249,2,,,0,75,,9259,2,,,0,40,,9253,2,,,0,70,,9256,2,,,0,75,,9260,2,,,0,25,,9257,2,,,0,30,,9251,2,,,0,70,,9255,2,,,0
201,'5526',836,,9282,2,,,0,100,,9284,2,,,0,100,,9287,2,,,0,100,,9288,2,,,0,100,,9289,2,,,0,100,,9286,2,,,0,100,,9283,2,,,0,70,,9294,2,,,0,30,,9290,2,,,0,70,,9293,2,,,0,30,,9285,2,,,0,70,,9291,2,,,0,30,,9292,2,,,0,90,,9295,2,,,0,80,,9297,2,,,0,51,,9298,2,,,0,94,,9296,2,,,0,100,,9299,2,,,0
301,'5475',640,,9450,2,,,0,9,,9449,2,,,0,70,,9442,2,,,0,16,,9451,2,,,0,16,,9461,2,,,0,60,,9445,2,,,0,20,,9452,2,,,0,70,,9460,2,,,0,30,,9457,2,,,0,70,,9475,2,,,0,30,,9439,2,,,0,70,,9436,2,,,0,30,,9462,2,,,0,70,,9446,2,,,0,30,,9474,2,,,0,70,,9468,2,,,0,30,,9467,2,,,0,70,,9473,2,,,0,15,,9466,2,,,0,15,,9471,2,,,0,10,,9476,2,,,0,60,,9469,2,,,0,15,,9464,2,,,0,15,,9444,2,,,0,15,,9443,2,,,0,55,,9440,2,,,0,15,,9472,2,,,0,15,,9441,2,,,0,15,,9455,2,,,0,55,,9454,2,,,0,15,,9447,2,,,0,15,,9448,2,,,0,70,,9470,2,,,0,30,,9459,2,,,0,70,,9477,2,,,0,30,,9437,2,,,0,100,,9465,2,,,0,100,,9456,2,,,0,100,,9463,2,,,0,100,,9435,2,,,0,99,,9478,2,,,0
301,'5518',828,,9479,2,,,0,100,,9480,2,,,0,100,,9485,2,,,0,103,,9481,2,,,0,97,,9486,2,,,0,100,,9482,2,,,0,100,,9483,2,,,0,100,,9488,2,,,0,100,,9484,2,,,0,98,,9490,2,,,0,100,,9487,2,,,0,106,,9489,2,,,0,100,,9491,2,,,0,100,,9492,2,,,0
301,'5520',640,,9508,2,,,0,9,,9507,2,,,0,70,,9500,2,,,0,16,,9509,2,,,0,16,,9519,2,,,0,60,,9503,2,,,0,20,,9510,2,,,0,70,,9518,2,,,0,30,,9515,2,,,0,70,,9533,2,,,0,30,,9497,2,,,0,70,,9494,2,,,0,30,,9520,2,,,0,70,,9504,2,,,0,30,,9532,2,,,0,70,,9526,2,,,0,30,,9525,2,,,0,70,,9531,2,,,0,15,,9524,2,,,0,15,,9529,2,,,0,10,,9534,2,,,0,60,,9527,2,,,0,15,,9522,2,,,0,15,,9502,2,,,0,15,,9501,2,,,0,55,,9498,2,,,0,15,,9530,2,,,0,15,,9499,2,,,0,15,,9513,2,,,0,55,,9512,2,,,0,15,,9505,2,,,0,15,,9506,2,,,0,70,,9528,2,,,0,30,,9517,2,,,0,70,,9535,2,,,0,30,,9495,2,,,0,100,,9523,2,,,0,100,,9514,2,,,0,100,,9521,2,,,0,100,,9493,2,,,0
301,'5526',831,,9538,2,,,0,70,,9541,2,,,0,30,,9546,2,,,0,70,,9544,2,,,0,30,,9543,2,,,0,70,,9542,2,,,0,30,,9545,2,,,0,70,,9537,2,,,0,30,,9547,2,,,0,70,,9549,2,,,0,30,,9550,2,,,0,70,,9551,2,,,0,30,,9548,2,,,0,70,,9552,2,,,0,30,,9554,2,,,0,70,,9555,2,,,0,30,,9558,2,,,0,70,,9553,2,,,0,30,,9560,2,,,0,75,,9556,2,,,0,25,,9557,2,,,0,85,,9559,2,,,0,105,,9561,2,,,0,105,,9562,2,,,0,105,,9563,2,,,0,100,,9564,2,,,0
