1400,'5475',617,,11006,10,,,0,31,,11005,10,,,0,87,,10998,10,,,0,67,,11000,10,0,7 8 2 9 2 10,0,43,,11003,10,,,0,91,,11001,10,,,0,114,,10999,10,,,0,185,,11007,10,,,0,217,,11002,10,0,9,0,155,,11008,10,,,0,39,,11009,10,,,0,75,,11010,10,,,0,79,,11011,10,,,0,105,,11004,10,,,0,114,,11012,10,,,0,30,,11013,10,,,0,365,,11015,10,,,0,29,,11014,10,,,0
1400,'5518',909,,11017,10,,,0,200,,11016,10,,,0,130,,11021,10,,,0,95,,11018,10,,,0,100,,11019,10,,,0,170,,11020,10,,,0,225,,11022,10,,,0
1400,'5520',617,,11031,10,,,0,31,,11030,10,,,0,87,,11023,10,,,0,67,,11025,10,0,7 8 2 9 2 10,0,43,,11028,10,,,0,91,,11026,10,,,0,114,,11024,10,,,0,185,,11032,10,,,0,217,,11027,10,0,9,0,155,,11033,10,,,0,39,,11034,10,,,0,75,,11035,10,,,0,79,,11036,10,,,0,105,,11029,10,,,0,114,,11037,10,,,0,30,,11038,10,,,0
1400,'5526',804,,11039,10,,,0,135,,11042,10,,,0,95,,11048,10,,,0,101,,11045,10,,,0,100,,11041,10,,,0,100,,11046,10,,,0,105,,11043,10,,,0,212,,11044,10,,,0,207,,11040,10,,,0,100,,11047,10,,,0
8001,'5475',1507,,11486,25,,,0
8001,'5522',1507,,11487,25,,,0
8001,'5525',1512,,11488,25,,,0
8100,'5475',751,,11489,19,,,0
8100,'5520',751,,11490,19,,,0
8101,'5475',1544,,11491,46,,,0
8101,'5522',1544,,11492,46,,,0
8101,'5525',1438,,11493,46,,,0
