700,'5475',617,,10018,10,,,0,18,,10019,10,,,0,17,,10020,10,,,0,54,,10021,10,,,0,16,,10022,10,,,0,7,,10023,10,,,0,10,,10024,10,,,0,17,,10025,10,,,0,60,,10026,10,,,0,11,,10027,10,,,0,19,,10028,10,,,0,10,,10029,10,,,0,56,,10030,10,,,0,12,,10031,10,,,0,18,,10032,10,,,0,13,,10048,10,,,0,57,,10033,10,,,0,13,,10073,10,,,0,17,,10034,10,,,0,70,,10035,10,,,0,33,,10036,10,,,0,68,,10037,10,,,0,32,,10038,10,,,0,68,,10039,10,,,0,32,,10040,10,,,0,69,,10041,10,,,0,34,,10042,10,,,0,11,,10043,10,,,0,55,,10044,10,,,0,18,,10045,10,,,0,13,,10046,10,,,0,57,,10047,10,,,0,12,,10049,10,,,0,18,,10052,10,,,0,11,,10064,10,,,0,59,,10053,10,,,0,11,,10050,10,,,0,18,,10054,10,,,0,11,,10065,10,,,0,58,,10055,10,,,0,10,,10051,10,,,0,16,,10056,10,,,0,13,,10067,10,,,0,72,,10057,10,,,0,27,,10066,10,,,0,73,,10058,10,,,0,27,,10069,10,,,0,71,,10059,10,,,0,29,,10068,10,,,0,70,,10060,10,,,0,28,,10070,10,,,0,70,,10061,10,,,0,28,,10071,10,,,0,73,,10062,10,,,0,31,,10072,10,,,0,70,,10063,10,,,0,95,,10074,10,,,0
700,'5518',730,,10075,10,,,0,27,,10076,10,,,0,100,,10077,10,,,0,97,,10078,10,,,0,73,,10080,10,,,0,30,,10079,10,,,0,67,,10082,10,,,0,33,,10088,10,,,0,67,,10083,10,,,0,29,,10081,10,,,0,72,,10084,10,,,0,28,,10095,10,,,0,72,,10086,10,,,0,29,,10090,10,,,0,71,,10085,10,,,0,29,,10087,10,,,0,71,,10089,10,,,0,27,,10093,10,,,0,72,,10091,10,,,0,27,,10096,10,,,0,71,,10092,10,,,0,29,,10098,10,,,0,101,,10094,10,,,0,99,,10100,10,,,0,104,,10097,10,,,0,95,,10099,10,,,0,101,,10101,10,,,0
700,'5520',617,,10102,10,,,0,18,,10103,10,,,0,17,,10104,10,,,0,54,,10105,10,,,0,16,,10106,10,,,0,7,,10107,10,,,0,10,,10108,10,,,0,17,,10109,10,,,0,60,,10110,10,,,0,11,,10111,10,,,0,19,,10112,10,,,0,10,,10113,10,,,0,56,,10114,10,,,0,12,,10115,10,,,0,18,,10116,10,,,0,13,,10132,10,,,0,57,,10117,10,,,0,13,,10157,10,,,0,17,,10118,10,,,0,70,,10119,10,,,0,33,,10120,10,,,0,68,,10121,10,,,0,32,,10122,10,,,0,68,,10123,10,,,0,32,,10124,10,,,0,69,,10125,10,,,0,34,,10126,10,,,0,11,,10127,10,,,0,55,,10128,10,,,0,18,,10129,10,,,0,13,,10130,10,,,0,57,,10131,10,,,0,12,,10133,10,,,0,18,,10136,10,,,0,11,,10148,10,,,0,59,,10137,10,,,0,11,,10134,10,,,0,18,,10138,10,,,0,11,,10149,10,,,0,58,,10139,10,,,0,10,,10135,10,,,0,16,,10140,10,,,0,13,,10151,10,,,0,72,,10141,10,,,0,27,,10150,10,,,0,73,,10142,10,,,0,27,,10153,10,,,0,71,,10143,10,,,0,29,,10152,10,,,0,70,,10144,10,,,0,28,,10154,10,,,0,70,,10145,10,,,0,28,,10155,10,,,0,73,,10146,10,,,0,31,,10156,10,,,0,70,,10147,10,,,0
700,'5526',645,,10197,10,,,0,70,,10195,10,,,0,31,,10183,10,,,0,70,,10158,10,,,0,31,,10159,10,,,0,71,,10161,10,,,0,29,,10160,10,,,0,71,,10167,10,,,0,31,,10172,10,,,0,54,,10187,10,,,0,16,,10173,10,,,0,15,,10188,10,,,0,22,,10175,10,,,0,73,,10170,10,,,0,28,,10176,10,,,0,70,,10169,10,,,0,32,,10177,10,,,0,68,,10171,10,,,0,30,,10189,10,,,0,53,,10178,10,,,0,14,,10190,10,,,0,16,,10179,10,,,0,14,,10193,10,,,0,55,,10168,10,,,0,16,,10192,10,,,0,14,,10180,10,,,0,15,,10191,10,,,0,64,,10174,10,,,0,29,,10181,10,,,0,70,,10162,10,,,0,36,,10163,10,,,0,73,,10164,10,,,0,76,,10185,10,,,0,34,,10184,10,,,0,105,,10165,10,,,0,96,,10166,10,,,0,101,,10182,10,,,0,98,,10186,10,,,0,66,,10194,10,,,0,29,,10196,10,,,0
7300,'5475',744,,11464,18,,,0
7300,'5520',744,,11465,18,,,0
7301,'5475',1533,,11466,32,,,0
7301,'5520',1533,,11467,32,,,0
7701,'5475',1555,,11475,30,,,0
7701,'5520',1555,,11476,30,,,0
7900,'5475',757,,11481,23,0,6,0
7900,'5520',757,,11482,23,0,6,0
7901,'5475',1521,,11483,24,0,6,0
7901,'5522',1521,,11484,24,0,6,0
7901,'5525',1521,,11485,24,0,6,0
