1400,'5475',618,,11006,12,,,0,31,,11005,12,,,0,87,,10998,12,,,0,67,,11000,12,0,7 8 2 9 2 10,0,43,,11003,12,,,0,91,,11001,12,,,0,114,,10999,12,,,0,185,,11007,12,,,0,217,,11002,12,0,9,0,155,,11008,12,,,0,39,,11009,12,,,0,75,,11010,12,,,0,79,,11011,12,,,0,105,,11004,12,,,0,114,,11012,12,,,0,30,,11013,12,,,0,365,,11015,12,,,0,29,,11014,12,,,0
1400,'5518',910,,11017,12,,,0,200,,11016,12,,,0,130,,11021,12,,,0,95,,11018,12,,,0,100,,11019,12,,,0,170,,11020,12,,,0,225,,11022,12,,,0
1400,'5520',618,,11031,12,,,0,31,,11030,12,,,0,87,,11023,12,,,0,67,,11025,12,0,7 8 2 9 2 10,0,43,,11028,12,,,0,91,,11026,12,,,0,114,,11024,12,,,0,185,,11032,12,,,0,217,,11027,12,0,9,0,155,,11033,12,,,0,39,,11034,12,,,0,75,,11035,12,,,0,79,,11036,12,,,0,105,,11029,12,,,0,114,,11037,12,,,0,30,,11038,12,,,0
1400,'5526',805,,11039,12,,,0,135,,11042,12,,,0,95,,11048,12,,,0,101,,11045,12,,,0,100,,11041,12,,,0,100,,11046,12,,,0,105,,11043,12,,,0,212,,11044,12,,,0,247,,11040,12,,,0,100,,11047,12,,,0
8001,'5475',1508,,11486,27,,,0
8001,'5522',1508,,11487,27,,,0
8001,'5525',1513,,11488,27,,,0
8100,'5475',752,,11489,21,,,0
8100,'5520',752,,11490,21,,,0
8101,'5475',1545,,11491,48,,,0
8101,'5522',1545,,11492,48,,,0
8101,'5525',1439,,11493,48,,,0
