300,'5475',626,,9331,11,,,0,22,,9318,11,,,0,60,,9311,11,,,0,9,,9312,11,,,0,15,,9306,11,,,0,18,,9334,11,,,0,58,,9320,11,,,0,16,,9323,11,,,0,19,,9324,11,,,0,59,,9316,11,,,0,30,,9317,11,,,0,70,,9319,11,,,0,31,,9341,11,,,0,70,,9326,11,,,0,30,,9314,11,,,0,71,,9328,11,,,0,30,,9340,11,,,0,70,,9302,11,,,0,31,,9325,11,,,0,70,,9303,11,,,0,33,,9335,11,,,0,15,,9313,11,,,0,55,,9321,11,,,0,10,,9342,11,,,0,5,,9344,11,,,0,15,,9305,11,,,0,13,,9304,11,,,0,55,,9332,11,,,0,15,,9308,11,,,0,15,,9310,11,,,0,15,,9339,11,,,0,55,,9322,11,,,0,14,,9301,11,,,0,14,,9307,11,,,0,15,,9330,11,,,0,55,,9309,11,,,0,29,,9338,11,,,0,69,,9329,11,,,0,30,,9343,11,,,0,70,,9327,11,,,0,99,,9337,11,,,0,99,,9333,11,,,0,100,,9336,11,,,0,56,,9300,11,0,17 18 19,0,100,,9345,11,,,0
300,'5518',802,,9346,11,,,0,53,,9348,11,,,0,100,,9347,11,,,0,101,,9353,11,,,0,103,,9349,11,,,0,100,,9355,11,,,0,100,,9350,11,,,0,100,,9351,11,,,0,100,,9356,11,,,0,100,,9352,11,,,0,98,,9358,11,,,0,98,,9354,11,,,0,146,,9357,11,,,0,99,,9359,11,,,0,100,,9360,11,0,17 18 19,0
300,'5520',626,,9392,11,,,0,22,,9379,11,,,0,60,,9372,11,,,0,9,,9373,11,,,0,15,,9367,11,,,0,18,,9395,11,,,0,58,,9381,11,,,0,16,,9384,11,,,0,19,,9385,11,,,0,59,,9377,11,,,0,30,,9378,11,,,0,70,,9380,11,,,0,31,,9402,11,,,0,70,,9387,11,,,0,30,,9375,11,,,0,71,,9389,11,,,0,30,,9401,11,,,0,70,,9363,11,,,0,31,,9386,11,,,0,70,,9364,11,,,0,33,,9396,11,,,0,15,,9374,11,,,0,55,,9382,11,,,0,10,,9403,11,,,0,5,,9405,11,,,0,15,,9366,11,,,0,13,,9365,11,,,0,55,,9393,11,,,0,15,,9369,11,,,0,15,,9371,11,,,0,15,,9400,11,,,0,55,,9383,11,,,0,14,,9362,11,,,0,14,,9368,11,,,0,15,,9391,11,,,0,55,,9370,11,,,0,29,,9399,11,,,0,69,,9390,11,,,0,30,,9404,11,,,0,70,,9388,11,,,0,99,,9398,11,,,0,99,,9394,11,,,0,100,,9397,11,,,0,56,,9361,11,0,17 18 19,0
300,'5526',717,,9407,11,,,0,30,,9406,11,,,0,76,,9408,11,,,0,36,,9411,11,,,0,70,,9412,11,,,0,71,,9410,11,,,0,30,,9409,11,,,0,70,,9413,11,,,0,30,,9414,11,,,0,70,,9416,11,,,0,31,,9415,11,,,0,70,,9419,11,,,0,30,,9420,11,,,0,70,,9418,11,,,0,30,,9422,11,,,0,71,,9423,11,,,0,30,,9421,11,,,0,70,,9425,11,,,0,30,,9417,11,,,0,70,,9426,11,,,0,30,,9424,11,,,0,70,,9428,11,,,0,35,,9429,11,,,0,64,,9430,11,,,0,45,,9431,11,,,0,105,,9433,11,,,0,105,,9434,11,,,0,103,,9427,11,,,0,98,,9432,11,,,0
1400,'5475',819,,11000,44,0,7 8 2 9 2 10,0
1400,'5520',819,,11025,44,0,7 8 2 9 2 10,0
8100,'5475',814,,11489,54,,,0
8100,'5520',814,,11490,54,,,0
8101,'5475',1523,,11491,16,,,0
8101,'5522',1523,,11492,16,,,0
8101,'5525',1417,,11493,16,,,0
