700,'5475',616,,10018,8,,,0,18,,10019,8,,,0,17,,10020,8,,,0,54,,10021,8,,,0,16,,10022,8,,,0,7,,10023,8,,,0,10,,10024,8,,,0,17,,10025,8,,,0,60,,10026,8,,,0,11,,10027,8,,,0,19,,10028,8,,,0,10,,10029,8,,,0,56,,10030,8,,,0,12,,10031,8,,,0,18,,10032,8,,,0,13,,10048,8,,,0,57,,10033,8,,,0,13,,10073,8,,,0,17,,10034,8,,,0,70,,10035,8,,,0,33,,10036,8,,,0,68,,10037,8,,,0,32,,10038,8,,,0,68,,10039,8,,,0,32,,10040,8,,,0,69,,10041,8,,,0,34,,10042,8,,,0,11,,10043,8,,,0,55,,10044,8,,,0,18,,10045,8,,,0,13,,10046,8,,,0,57,,10047,8,,,0,12,,10049,8,,,0,18,,10052,8,,,0,11,,10064,8,,,0,59,,10053,8,,,0,11,,10050,8,,,0,18,,10054,8,,,0,11,,10065,8,,,0,18,,10055,8,,,0,50,,10051,8,,,0,16,,10056,8,,,0,13,,10067,8,,,0,72,,10057,8,,,0,27,,10066,8,,,0,73,,10058,8,,,0,27,,10069,8,,,0,71,,10059,8,,,0,29,,10068,8,,,0,70,,10060,8,,,0,28,,10070,8,,,0,70,,10061,8,,,0,28,,10071,8,,,0,73,,10062,8,,,0,31,,10072,8,,,0,70,,10063,8,,,0,95,,10074,8,,,0
700,'5518',729,,10075,8,,,0,27,,10076,8,,,0,100,,10077,8,,,0,97,,10078,8,,,0,73,,10080,8,,,0,30,,10079,8,,,0,67,,10082,8,,,0,33,,10088,8,,,0,67,,10083,8,,,0,29,,10081,8,,,0,72,,10084,8,,,0,28,,10095,8,,,0,72,,10086,8,,,0,29,,10090,8,,,0,71,,10085,8,,,0,29,,10087,8,,,0,71,,10089,8,,,0,27,,10093,8,,,0,72,,10091,8,,,0,27,,10096,8,,,0,71,,10092,8,,,0,29,,10098,8,,,0,101,,10094,8,,,0,99,,10100,8,,,0,104,,10097,8,,,0,95,,10099,8,,,0,101,,10101,8,,,0
700,'5520',616,,10102,8,,,0,18,,10103,8,,,0,17,,10104,8,,,0,54,,10105,8,,,0,16,,10106,8,,,0,7,,10107,8,,,0,10,,10108,8,,,0,17,,10109,8,,,0,60,,10110,8,,,0,11,,10111,8,,,0,19,,10112,8,,,0,10,,10113,8,,,0,56,,10114,8,,,0,12,,10115,8,,,0,18,,10116,8,,,0,13,,10132,8,,,0,57,,10117,8,,,0,13,,10157,8,,,0,17,,10118,8,,,0,70,,10119,8,,,0,33,,10120,8,,,0,68,,10121,8,,,0,32,,10122,8,,,0,68,,10123,8,,,0,32,,10124,8,,,0,69,,10125,8,,,0,34,,10126,8,,,0,11,,10127,8,,,0,55,,10128,8,,,0,18,,10129,8,,,0,13,,10130,8,,,0,57,,10131,8,,,0,12,,10133,8,,,0,18,,10136,8,,,0,11,,10148,8,,,0,59,,10137,8,,,0,11,,10134,8,,,0,18,,10138,8,,,0,11,,10149,8,,,0,18,,10139,8,,,0,50,,10135,8,,,0,16,,10140,8,,,0,13,,10151,8,,,0,72,,10141,8,,,0,27,,10150,8,,,0,73,,10142,8,,,0,27,,10153,8,,,0,71,,10143,8,,,0,29,,10152,8,,,0,70,,10144,8,,,0,28,,10154,8,,,0,70,,10145,8,,,0,28,,10155,8,,,0,73,,10146,8,,,0,31,,10156,8,,,0,70,,10147,8,,,0
700,'5526',644,,10197,8,,,0,70,,10195,8,,,0,31,,10183,8,,,0,70,,10158,8,,,0,31,,10159,8,,,0,71,,10161,8,,,0,29,,10160,8,,,0,71,,10167,8,,,0,31,,10172,8,,,0,54,,10187,8,,,0,16,,10173,8,,,0,15,,10188,8,,,0,22,,10175,8,,,0,73,,10170,8,,,0,28,,10176,8,,,0,70,,10169,8,,,0,32,,10177,8,,,0,68,,10171,8,,,0,30,,10189,8,,,0,53,,10178,8,,,0,14,,10190,8,,,0,16,,10179,8,,,0,14,,10193,8,,,0,55,,10168,8,,,0,16,,10192,8,,,0,14,,10180,8,,,0,15,,10191,8,,,0,64,,10174,8,,,0,29,,10181,8,,,0,70,,10162,8,,,0,36,,10163,8,,,0,73,,10164,8,,,0,76,,10185,8,,,0,34,,10184,8,,,0,105,,10165,8,,,0,96,,10166,8,,,0,101,,10182,8,,,0,98,,10186,8,,,0,66,,10194,8,,,0,29,,10196,8,,,0
7300,'5475',743,,11464,16,,,0
7300,'5520',743,,11465,16,,,0
7301,'5475',1532,,11466,30,,,0
7301,'5520',1532,,11467,30,,,0
7701,'5475',1554,,11475,28,,,0
7701,'5520',1554,,11476,28,,,0
7901,'5475',1519,,11483,22,0,6,0
7901,'5522',1519,,11484,22,0,6,0
7901,'5525',1519,,11485,22,0,6,0
