601,'5475',702,,9953,4,,,0,101,,9954,4,,,0,104,,9955,4,,,0,95,,9957,4,,,0,25,,9956,4,,,0,75,,9958,4,,,0,120,,9959,4,,,0,80,,9960,4,,,0,100,,9961,4,,,0,101,,9962,4,,,0,40,,9963,4,,,0,80,,9964,4,,,0,16,,9965,4,,,0,76,,9968,4,,,0,27,,9966,4,,,0,70,,9967,4,,,0,100,,9969,4,,,0,235,,9970,4,,,0,275,,9971,4,,,0
601,'5518',807,,9972,4,,,0,120,,9973,4,,,0,95,,9976,4,,,0,110,,9975,4,,,0,100,,9974,4,,,0,100,,9979,4,,,0,100,,9977,4,,,0,100,,9978,4,,,0,105,,9980,4,,,0,95,,9981,4,,,0,105,,9983,4,,,0,100,,9982,4,,,0
601,'5520',702,,9984,4,,,0,101,,9985,4,,,0,104,,9986,4,,,0,95,,9988,4,,,0,25,,9987,4,,,0,75,,9989,4,,,0,120,,9990,4,,,0,80,,9991,4,,,0,100,,9992,4,,,0,101,,9993,4,,,0,40,,9994,4,,,0,80,,9995,4,,,0,16,,9996,4,,,0,76,,9999,4,,,0,27,,9997,4,,,0,70,,9998,4,,,0,100,,10000,4,,,0,235,,10001,4,,,0
601,'5526',802,,10003,4,,,0,105,,10004,4,,,0,95,,10006,4,,,0,100,,10007,4,,,0,100,,10002,4,,,0,100,,10005,4,,,0,100,,10008,4,,,0,100,,10009,4,,,0,30,,10011,4,,,0,70,,10013,4,,,0,30,,10017,4,,,0,70,,10014,4,,,0,30,,10016,4,,,0,70,,10012,4,,,0,146,,10010,4,,,0,164,,10015,4,,,0
901,'5475',602,,10589,4,,,0,30,,10590,4,,,0,71,,10591,4,,,0,15,,10592,4,,,0,15,,10593,4,,,0,15,,10594,4,,,0,55,,10595,4,,,0,15,,10596,4,,,0,7,,10597,4,,,0,10,,10598,4,,,0,13,,10599,4,,,0,55,,10600,4,,,0,15,,10601,4,,,0,15,,10602,4,,,0,15,,10603,4,,,0,55,,10604,4,,,0,15,,10605,4,,,0,15,,10606,4,,,0,15,,10607,4,,,0,55,,10608,4,,,0,15,,10609,4,,,0,15,,10610,4,,,0,15,,10611,4,,,0,55,,10612,4,,,0,15,,10613,4,,,0,14,,10614,4,,,0,16,,10615,4,,,0,55,,10616,4,,,0,15,,10617,4,,,0,15,,10618,4,,,0,15,,10619,4,,,0,54,,10620,4,,,0,16,,10621,4,,,0,14,,10622,4,,,0,15,,10623,4,,,0,56,,10624,4,,,0,7,,10625,4,,,0,8,,10626,4,,,0,15,,10627,4,,,0,14,,10628,4,,,0,55,,10629,4,,,0,16,,10630,4,,,0,15,,10631,4,,,0,15,,10632,4,,,0,8,,10633,4,,,0,47,,10634,4,,,0,15,,10635,4,,,0,15,,10636,4,,,0,15,,10637,4,,,0,55,,10638,4,,,0,15,,10639,4,,,0,15,,10640,4,,,0,15,,10641,4,,,0,54,,10642,4,,,0,15,,10643,4,,,0,16,,10644,4,,,0,14,,10645,4,,,0,55,,10646,4,,,0,20,,10647,4,,,0,20,,10648,4,,,0,74,,10649,4,,,0,30,,10650,4,,,0,67,,10651,4,,,0,33,,10652,4,,,0,67,,10653,4,,,0,33,,10654,4,,,0,68,,10655,4,,,0,30,,10656,4,,,0
901,'5518',702,,10657,4,,,0,30,,10660,4,,,0,70,,10658,4,,,0,30,,10659,4,,,0,70,,10664,4,,,0,30,,10661,4,,,0,70,,10663,4,,,0,30,,10662,4,,,0,70,,10667,4,,,0,30,,10665,4,,,0,70,,10666,4,,,0,30,,10671,4,,,0,70,,10669,4,,,0,30,,10672,4,,,0,70,,10668,4,,,0,30,,10670,4,,,0,71,,10684,4,,,0,30,,10674,4,,,0,70,,10675,4,,,0,29,,10673,4,,,0,70,,10676,4,,,0,30,,10677,4,,,0,70,,10689,4,,,0,30,,10681,4,,,0,70,,10678,4,,,0,30,,10680,4,,,0,70,,10679,4,,,0,30,,10682,4,,,0,70,,10688,4,,,0,30,,10683,4,,,0,70,,10685,4,,,0,30,,10686,4,,,0,70,,10687,4,,,0,30,,10690,4,,,0
901,'5520',602,,10691,4,,,0,30,,10692,4,,,0,71,,10693,4,,,0,15,,10694,4,,,0,15,,10695,4,,,0,15,,10696,4,,,0,55,,10697,4,,,0,15,,10698,4,,,0,7,,10699,4,,,0,10,,10700,4,,,0,13,,10701,4,,,0,55,,10702,4,,,0,15,,10703,4,,,0,15,,10704,4,,,0,15,,10705,4,,,0,55,,10706,4,,,0,15,,10707,4,,,0,15,,10708,4,,,0,15,,10709,4,,,0,55,,10710,4,,,0,15,,10711,4,,,0,15,,10712,4,,,0,15,,10713,4,,,0,55,,10714,4,,,0,15,,10715,4,,,0,14,,10716,4,,,0,16,,10717,4,,,0,55,,10718,4,,,0,15,,10719,4,,,0,15,,10720,4,,,0,15,,10721,4,,,0,54,,10722,4,,,0,16,,10723,4,,,0,14,,10724,4,,,0,15,,10725,4,,,0,56,,10726,4,,,0,7,,10727,4,,,0,8,,10728,4,,,0,15,,10729,4,,,0,14,,10730,4,,,0,55,,10731,4,,,0,16,,10732,4,,,0,15,,10733,4,,,0,15,,10734,4,,,0,8,,10735,4,,,0,47,,10736,4,,,0,15,,10737,4,,,0,15,,10738,4,,,0,15,,10739,4,,,0,55,,10740,4,,,0,15,,10741,4,,,0,15,,10742,4,,,0,15,,10743,4,,,0,54,,10744,4,,,0,15,,10745,4,,,0,16,,10746,4,,,0,14,,10747,4,,,0,55,,10748,4,,,0,20,,10749,4,,,0,20,,10750,4,,,0,74,,10751,4,,,0,30,,10752,4,,,0,67,,10753,4,,,0,33,,10754,4,,,0,67,,10755,4,,,0,33,,10756,4,,,0,68,,10757,4,,,0,30,,10758,4,,,0
901,'5526',602,,10797,4,,,0,30,,10798,4,,,0,70,,10785,4,,,0,30,,10781,4,,,0,70,,10759,4,,,0,30,,10763,4,,,0,71,,10761,4,,,0,30,,10760,4,,,0,70,,10762,4,,,0,30,,10764,4,,,0,15,,10791,4,,,0,55,,10765,4,,,0,15,,10789,4,,,0,15,,10767,4,,,0,70,,10768,4,,,0,30,,10769,4,,,0,70,,10766,4,,,0,30,,10770,4,,,0,70,,10771,4,,,0,15,,10796,4,,,0,15,,10773,4,,,0,15,,10793,4,,,0,55,,10775,4,,,0,15,,10795,4,,,0,15,,10777,4,,,0,15,,10790,4,,,0,55,,10778,4,,,0,15,,10792,4,,,0,15,,10774,4,,,0,15,,10794,4,,,0,55,,10772,4,,,0,30,,10776,4,,,0,75,,10779,4,,,0,40,,10787,4,,,0,70,,10782,4,,,0,100,,10783,4,,,0,100,,10784,4,,,0,100,,10780,4,,,0,105,,10786,4,,,0,104,,10788,4,,,0,105,,10799,4,,,0
7801,'5475',813,,11477,4,,,0,10,,11478,4,,,0
7801,'5520',813,,11479,4,,,0,10,,11480,4,,,0
