700,'5475',614,,10018,3,,,0,18,,10019,3,,,0,17,,10020,3,,,0,54,,10021,3,,,0,16,,10022,3,,,0,6,,10023,3,,,0,10,,10024,3,,,0,17,,10025,3,,,0,60,,10026,3,,,0,11,,10027,3,,,0,19,,10028,3,,,0,11,,10029,3,,,0,56,,10030,3,,,0,12,,10031,3,,,0,18,,10032,3,,,0,13,,10048,3,,,0,57,,10033,3,,,0,13,,10073,3,,,0,17,,10034,3,,,0,69,,10035,3,,,0,34,,10036,3,,,0,67,,10037,3,,,0,32,,10038,3,,,0,68,,10039,3,,,0,32,,10040,3,,,0,69,,10041,3,,,0,34,,10042,3,,,0,11,,10043,3,,,0,55,,10044,3,,,0,18,,10045,3,,,0,13,,10046,3,,,0,17,,10047,3,,,0,52,,10049,3,,,0,18,,10052,3,,,0,12,,10064,3,,,0,18,,10053,3,,,0,52,,10050,3,,,0,18,,10054,3,,,0,11,,10065,3,,,0,18,,10055,3,,,0,50,,10051,3,,,0,16,,10056,3,,,0,13,,10067,3,,,0,72,,10057,3,,,0,27,,10066,3,,,0,73,,10058,3,,,0,27,,10069,3,,,0,71,,10059,3,,,0,29,,10068,3,,,0,70,,10060,3,,,0,28,,10070,3,,,0,70,,10061,3,,,0,28,,10071,3,,,0,73,,10062,3,,,0,31,,10072,3,,,0,70,,10063,3,,,0,95,,10074,3,,,0
700,'5518',727,,10075,3,,,0,27,,10076,3,,,0,100,,10077,3,,,0,97,,10078,3,,,0,73,,10080,3,,,0,30,,10079,3,,,0,67,,10082,3,,,0,33,,10088,3,,,0,67,,10083,3,,,0,29,,10081,3,,,0,72,,10084,3,,,0,28,,10095,3,,,0,72,,10086,3,,,0,29,,10090,3,,,0,71,,10085,3,,,0,29,,10087,3,,,0,71,,10089,3,,,0,27,,10093,3,,,0,72,,10091,3,,,0,27,,10096,3,,,0,71,,10092,3,,,0,29,,10098,3,,,0,101,,10094,3,,,0,99,,10100,3,,,0,104,,10097,3,,,0,95,,10099,3,,,0,101,,10101,3,,,0
700,'5520',614,,10102,3,,,0,18,,10103,3,,,0,17,,10104,3,,,0,54,,10105,3,,,0,16,,10106,3,,,0,6,,10107,3,,,0,10,,10108,3,,,0,17,,10109,3,,,0,60,,10110,3,,,0,11,,10111,3,,,0,19,,10112,3,,,0,11,,10113,3,,,0,56,,10114,3,,,0,12,,10115,3,,,0,18,,10116,3,,,0,13,,10132,3,,,0,57,,10117,3,,,0,13,,10157,3,,,0,17,,10118,3,,,0,69,,10119,3,,,0,34,,10120,3,,,0,67,,10121,3,,,0,32,,10122,3,,,0,68,,10123,3,,,0,32,,10124,3,,,0,69,,10125,3,,,0,34,,10126,3,,,0,11,,10127,3,,,0,55,,10128,3,,,0,18,,10129,3,,,0,13,,10130,3,,,0,17,,10131,3,,,0,52,,10133,3,,,0,18,,10136,3,,,0,12,,10148,3,,,0,18,,10137,3,,,0,52,,10134,3,,,0,18,,10138,3,,,0,11,,10149,3,,,0,18,,10139,3,,,0,50,,10135,3,,,0,16,,10140,3,,,0,13,,10151,3,,,0,72,,10141,3,,,0,27,,10150,3,,,0,73,,10142,3,,,0,27,,10153,3,,,0,71,,10143,3,,,0,29,,10152,3,,,0,70,,10144,3,,,0,28,,10154,3,,,0,70,,10145,3,,,0,28,,10155,3,,,0,73,,10146,3,,,0,31,,10156,3,,,0,70,,10147,3,,,0
700,'5526',642,,10197,3,,,0,70,,10195,3,,,0,31,,10183,3,,,0,70,,10158,3,,,0,31,,10159,3,,,0,71,,10161,3,,,0,29,,10160,3,,,0,71,,10167,3,,,0,31,,10172,3,,,0,54,,10187,3,,,0,16,,10173,3,,,0,15,,10188,3,,,0,22,,10175,3,,,0,73,,10170,3,,,0,28,,10176,3,,,0,70,,10169,3,,,0,32,,10177,3,,,0,68,,10171,3,,,0,30,,10189,3,,,0,53,,10178,3,,,0,14,,10190,3,,,0,16,,10179,3,,,0,14,,10193,3,,,0,55,,10168,3,,,0,16,,10192,3,,,0,14,,10180,3,,,0,15,,10191,3,,,0,64,,10174,3,,,0,29,,10181,3,,,0,70,,10162,3,,,0,36,,10163,3,,,0,73,,10164,3,,,0,36,,10185,3,,,0,74,,10184,3,,,0,105,,10165,3,,,0,96,,10166,3,,,0,101,,10182,3,,,0,98,,10186,3,,,0,26,,10194,3,,,0,69,,10196,3,,,0
7300,'5475',741,,11464,11,,,0
7300,'5520',741,,11465,11,,,0
7301,'5475',1529,,11466,25,,,0
7301,'5520',1529,,11467,25,,,0
7900,'5475',746,,11481,11,0,6,0
7900,'5520',746,,11482,11,0,6,0
7901,'5475',1510,,11483,11,0,6,0
7901,'5522',1510,,11484,11,0,6,0
7901,'5525',1510,,11485,11,0,6,0
