301,'5475',650,,9450,19,,,0,9,,9449,19,,,0,71,,9442,19,,,0,17,,9451,19,,,0,56,,9461,19,,,0,20,,9445,19,,,0,20,,9452,19,,,0,70,,9460,19,,,0,30,,9457,19,,,0,71,,9475,19,,,0,30,,9439,19,,,0,70,,9436,19,,,0,31,,9462,19,,,0,70,,9446,19,,,0,30,,9474,19,,,0,71,,9468,19,,,0,30,,9467,19,,,0,71,,9473,19,,,0,15,,9466,19,,,0,15,,9471,19,,,0,10,,9476,19,,,0,60,,9469,19,,,0,15,,9464,19,,,0,15,,9444,19,,,0,55,,9443,19,,,0,15,,9440,19,,,0,15,,9472,19,,,0,15,,9441,19,,,0,54,,9455,19,,,0,14,,9454,19,,,0,15,,9447,19,,,0,15,,9448,19,,,0,70,,9470,19,,,0,29,,9459,19,,,0,70,,9477,19,,,0,30,,9437,19,,,0,99,,9465,19,,,0,100,,9456,19,,,0,100,,9463,19,,,0,98,,9435,19,,,0,100,,9478,19,,,0
301,'5518',839,,9479,19,,,0,100,,9480,19,,,0,101,,9485,19,,,0,103,,9481,19,,,0,98,,9486,19,,,0,100,,9482,19,,,0,100,,9483,19,,,0,100,,9488,19,,,0,100,,9484,19,,,0,98,,9490,19,,,0,99,,9487,19,,,0,106,,9489,19,,,0,99,,9491,19,,,0,100,,9492,19,,,0
301,'5520',650,,9508,19,,,0,9,,9507,19,,,0,71,,9500,19,,,0,17,,9509,19,,,0,56,,9519,19,,,0,20,,9503,19,,,0,20,,9510,19,,,0,70,,9518,19,,,0,30,,9515,19,,,0,71,,9533,19,,,0,30,,9497,19,,,0,70,,9494,19,,,0,31,,9520,19,,,0,70,,9504,19,,,0,30,,9532,19,,,0,71,,9526,19,,,0,30,,9525,19,,,0,71,,9531,19,,,0,15,,9524,19,,,0,15,,9529,19,,,0,10,,9534,19,,,0,60,,9527,19,,,0,15,,9522,19,,,0,15,,9502,19,,,0,55,,9501,19,,,0,15,,9498,19,,,0,15,,9530,19,,,0,15,,9499,19,,,0,54,,9513,19,,,0,14,,9512,19,,,0,15,,9505,19,,,0,15,,9506,19,,,0,70,,9528,19,,,0,29,,9517,19,,,0,70,,9535,19,,,0,30,,9495,19,,,0,99,,9523,19,,,0,100,,9514,19,,,0,100,,9521,19,,,0,98,,9493,19,,,0
301,'5526',842,,9538,19,,,0,70,,9541,19,,,0,31,,9546,19,,,0,70,,9544,19,,,0,30,,9543,19,,,0,70,,9542,19,,,0,30,,9545,19,,,0,71,,9537,19,,,0,30,,9547,19,,,0,70,,9549,19,,,0,30,,9550,19,,,0,70,,9551,19,,,0,30,,9548,19,,,0,70,,9552,19,,,0,30,,9554,19,,,0,70,,9555,19,,,0,30,,9558,19,,,0,70,,9553,19,,,0,30,,9560,19,,,0,75,,9556,19,,,0,24,,9557,19,,,0,85,,9559,19,,,0,105,,9561,19,,,0,105,,9562,19,,,0,104,,9563,19,,,0,100,,9564,19,,,0
1400,'5475',804,,11000,16,0,7 8 2 9 2 10,0,650,,11002,16,0,9,0
1400,'5520',804,,11025,16,0,7 8 2 9 2 10,0,650,,11027,16,0,9,0
8001,'5475',1450,,11486,1,,,0
8001,'5522',1450,,11487,1,,,0
8001,'5525',1455,,11488,1,,,0
8100,'5475',755,,11489,25,,,0
8100,'5520',755,,11490,25,,,0
