300,'5475',630,,9331,16,,,0,22,,9318,16,,,0,60,,9311,16,,,0,9,,9312,16,,,0,15,,9306,16,,,0,18,,9334,16,,,0,58,,9320,16,,,0,16,,9323,16,,,0,19,,9324,16,,,0,59,,9316,16,,,0,30,,9317,16,,,0,70,,9319,16,,,0,31,,9341,16,,,0,70,,9326,16,,,0,30,,9314,16,,,0,71,,9328,16,,,0,30,,9340,16,,,0,70,,9302,16,,,0,31,,9325,16,,,0,71,,9303,16,,,0,33,,9335,16,,,0,15,,9313,16,,,0,55,,9321,16,,,0,10,,9342,16,,,0,4,,9344,16,,,0,15,,9305,16,,,0,13,,9304,16,,,0,55,,9332,16,,,0,15,,9308,16,,,0,15,,9310,16,,,0,15,,9339,16,,,0,54,,9322,16,,,0,14,,9301,16,,,0,14,,9307,16,,,0,15,,9330,16,,,0,55,,9309,16,,,0,29,,9338,16,,,0,69,,9329,16,,,0,30,,9343,16,,,0,70,,9327,16,,,0,99,,9337,16,,,0,99,,9333,16,,,0,100,,9336,16,,,0,56,,9300,16,0,17 18 19,0,100,,9345,16,,,0
300,'5518',805,,9346,16,,,0,53,,9348,16,,,0,100,,9347,16,,,0,101,,9353,16,,,0,143,,9349,16,,,0,100,,9355,16,,,0,100,,9350,16,,,0,100,,9351,16,,,0,100,,9356,16,,,0,100,,9352,16,,,0,98,,9358,16,,,0,58,,9354,16,,,0,146,,9357,16,,,0,99,,9359,16,,,0,100,,9360,16,0,17 18 19,0
300,'5520',630,,9392,16,,,0,22,,9379,16,,,0,60,,9372,16,,,0,9,,9373,16,,,0,15,,9367,16,,,0,18,,9395,16,,,0,58,,9381,16,,,0,16,,9384,16,,,0,19,,9385,16,,,0,59,,9377,16,,,0,30,,9378,16,,,0,70,,9380,16,,,0,31,,9402,16,,,0,70,,9387,16,,,0,30,,9375,16,,,0,71,,9389,16,,,0,30,,9401,16,,,0,70,,9363,16,,,0,31,,9386,16,,,0,71,,9364,16,,,0,33,,9396,16,,,0,15,,9374,16,,,0,55,,9382,16,,,0,10,,9403,16,,,0,4,,9405,16,,,0,15,,9366,16,,,0,13,,9365,16,,,0,55,,9393,16,,,0,15,,9369,16,,,0,15,,9371,16,,,0,15,,9400,16,,,0,54,,9383,16,,,0,14,,9362,16,,,0,14,,9368,16,,,0,15,,9391,16,,,0,55,,9370,16,,,0,29,,9399,16,,,0,69,,9390,16,,,0,30,,9404,16,,,0,70,,9388,16,,,0,99,,9398,16,,,0,99,,9394,16,,,0,100,,9397,16,,,0,56,,9361,16,0,17 18 19,0
300,'5526',720,,9407,16,,,0,30,,9406,16,,,0,76,,9408,16,,,0,76,,9411,16,,,0,30,,9412,16,,,0,71,,9410,16,,,0,30,,9409,16,,,0,70,,9413,16,,,0,30,,9414,16,,,0,70,,9416,16,,,0,31,,9415,16,,,0,70,,9419,16,,,0,30,,9420,16,,,0,70,,9418,16,,,0,30,,9422,16,,,0,71,,9423,16,,,0,30,,9421,16,,,0,70,,9425,16,,,0,30,,9417,16,,,0,70,,9426,16,,,0,30,,9424,16,,,0,70,,9428,16,,,0,35,,9429,16,,,0,64,,9430,16,,,0,45,,9431,16,,,0,105,,9433,16,,,0,105,,9434,16,,,0,143,,9427,16,,,0,98,,9432,16,,,0
1400,'5475',822,,11000,49,0,7 8 2 9 2 10,0
1400,'5520',822,,11025,49,0,7 8 2 9 2 10,0
8100,'5475',817,,11489,59,,,0
8100,'5520',817,,11490,59,,,0
8101,'5475',1526,,11491,21,,,0
8101,'5522',1526,,11492,21,,,0
8101,'5525',1420,,11493,21,,,0
