300,'5475',624,,9331,6,,,0,22,,9318,6,,,0,60,,9311,6,,,0,9,,9312,6,,,0,15,,9306,6,,,0,18,,9334,6,,,0,58,,9320,6,,,0,16,,9323,6,,,0,19,,9324,6,,,0,59,,9316,6,,,0,30,,9317,6,,,0,70,,9319,6,,,0,31,,9341,6,,,0,70,,9326,6,,,0,30,,9314,6,,,0,71,,9328,6,,,0,30,,9340,6,,,0,70,,9302,6,,,0,31,,9325,6,,,0,70,,9303,6,,,0,33,,9335,6,,,0,15,,9313,6,,,0,55,,9321,6,,,0,10,,9342,6,,,0,5,,9344,6,,,0,15,,9305,6,,,0,13,,9304,6,,,0,55,,9332,6,,,0,15,,9308,6,,,0,15,,9310,6,,,0,15,,9339,6,,,0,54,,9322,6,,,0,14,,9301,6,,,0,14,,9307,6,,,0,15,,9330,6,,,0,55,,9309,6,,,0,29,,9338,6,,,0,29,,9329,6,,,0,70,,9343,6,,,0,30,,9327,6,,,0,99,,9337,6,,,0,99,,9333,6,,,0,100,,9336,6,,,0,96,,9300,6,0,17 18 19,0,100,,9345,6,,,0
300,'5518',759,,9346,6,,,0,93,,9348,6,,,0,100,,9347,6,,,0,101,,9353,6,,,0,103,,9349,6,,,0,100,,9355,6,,,0,100,,9350,6,,,0,100,,9351,6,,,0,100,,9356,6,,,0,100,,9352,6,,,0,98,,9358,6,,,0,98,,9354,6,,,0,106,,9357,6,,,0,99,,9359,6,,,0,100,,9360,6,0,17 18 19,0
300,'5520',624,,9392,6,,,0,22,,9379,6,,,0,60,,9372,6,,,0,9,,9373,6,,,0,15,,9367,6,,,0,18,,9395,6,,,0,58,,9381,6,,,0,16,,9384,6,,,0,19,,9385,6,,,0,59,,9377,6,,,0,30,,9378,6,,,0,70,,9380,6,,,0,31,,9402,6,,,0,70,,9387,6,,,0,30,,9375,6,,,0,71,,9389,6,,,0,30,,9401,6,,,0,70,,9363,6,,,0,31,,9386,6,,,0,70,,9364,6,,,0,33,,9396,6,,,0,15,,9374,6,,,0,55,,9382,6,,,0,10,,9403,6,,,0,5,,9405,6,,,0,15,,9366,6,,,0,13,,9365,6,,,0,55,,9393,6,,,0,15,,9369,6,,,0,15,,9371,6,,,0,15,,9400,6,,,0,54,,9383,6,,,0,14,,9362,6,,,0,14,,9368,6,,,0,15,,9391,6,,,0,55,,9370,6,,,0,29,,9399,6,,,0,29,,9390,6,,,0,70,,9404,6,,,0,30,,9388,6,,,0,99,,9398,6,,,0,99,,9394,6,,,0,100,,9397,6,,,0,96,,9361,6,0,17 18 19,0
300,'5526',714,,9407,6,,,0,30,,9406,6,,,0,76,,9408,6,,,0,36,,9411,6,,,0,70,,9412,6,,,0,31,,9410,6,,,0,70,,9409,6,,,0,30,,9413,6,,,0,70,,9414,6,,,0,30,,9416,6,,,0,71,,9415,6,,,0,30,,9419,6,,,0,70,,9420,6,,,0,30,,9418,6,,,0,70,,9422,6,,,0,31,,9423,6,,,0,70,,9421,6,,,0,30,,9425,6,,,0,70,,9417,6,,,0,30,,9426,6,,,0,70,,9424,6,,,0,30,,9428,6,,,0,75,,9429,6,,,0,24,,9430,6,,,0,85,,9431,6,,,0,105,,9433,6,,,0,105,,9434,6,,,0,103,,9427,6,,,0,99,,9432,6,,,0
1400,'5475',816,,11000,39,0,7 8 2 9 2 10,0
1400,'5520',816,,11025,39,0,7 8 2 9 2 10,0
8100,'5475',811,,11489,49,,,0
8100,'5520',811,,11490,49,,,0
8101,'5475',1521,,11491,11,,,0
8101,'5522',1521,,11492,11,,,0
8101,'5525',1415,,11493,11,,,0
