700,'5475',615,,10018,6,,,0,18,,10019,6,,,0,17,,10020,6,,,0,54,,10021,6,,,0,16,,10022,6,,,0,6,,10023,6,,,0,10,,10024,6,,,0,17,,10025,6,,,0,60,,10026,6,,,0,11,,10027,6,,,0,19,,10028,6,,,0,11,,10029,6,,,0,56,,10030,6,,,0,12,,10031,6,,,0,18,,10032,6,,,0,13,,10048,6,,,0,57,,10033,6,,,0,13,,10073,6,,,0,17,,10034,6,,,0,69,,10035,6,,,0,34,,10036,6,,,0,67,,10037,6,,,0,32,,10038,6,,,0,68,,10039,6,,,0,32,,10040,6,,,0,69,,10041,6,,,0,34,,10042,6,,,0,11,,10043,6,,,0,55,,10044,6,,,0,18,,10045,6,,,0,13,,10046,6,,,0,17,,10047,6,,,0,52,,10049,6,,,0,18,,10052,6,,,0,12,,10064,6,,,0,18,,10053,6,,,0,52,,10050,6,,,0,18,,10054,6,,,0,11,,10065,6,,,0,18,,10055,6,,,0,50,,10051,6,,,0,16,,10056,6,,,0,13,,10067,6,,,0,72,,10057,6,,,0,27,,10066,6,,,0,73,,10058,6,,,0,27,,10069,6,,,0,71,,10059,6,,,0,29,,10068,6,,,0,70,,10060,6,,,0,28,,10070,6,,,0,70,,10061,6,,,0,28,,10071,6,,,0,73,,10062,6,,,0,31,,10072,6,,,0,70,,10063,6,,,0,95,,10074,6,,,0
700,'5518',728,,10075,6,,,0,27,,10076,6,,,0,100,,10077,6,,,0,97,,10078,6,,,0,73,,10080,6,,,0,30,,10079,6,,,0,67,,10082,6,,,0,33,,10088,6,,,0,67,,10083,6,,,0,29,,10081,6,,,0,72,,10084,6,,,0,28,,10095,6,,,0,72,,10086,6,,,0,29,,10090,6,,,0,71,,10085,6,,,0,29,,10087,6,,,0,71,,10089,6,,,0,27,,10093,6,,,0,72,,10091,6,,,0,27,,10096,6,,,0,71,,10092,6,,,0,29,,10098,6,,,0,101,,10094,6,,,0,99,,10100,6,,,0,104,,10097,6,,,0,95,,10099,6,,,0,101,,10101,6,,,0
700,'5520',615,,10102,6,,,0,18,,10103,6,,,0,17,,10104,6,,,0,54,,10105,6,,,0,16,,10106,6,,,0,6,,10107,6,,,0,10,,10108,6,,,0,17,,10109,6,,,0,60,,10110,6,,,0,11,,10111,6,,,0,19,,10112,6,,,0,11,,10113,6,,,0,56,,10114,6,,,0,12,,10115,6,,,0,18,,10116,6,,,0,13,,10132,6,,,0,57,,10117,6,,,0,13,,10157,6,,,0,17,,10118,6,,,0,69,,10119,6,,,0,34,,10120,6,,,0,67,,10121,6,,,0,32,,10122,6,,,0,68,,10123,6,,,0,32,,10124,6,,,0,69,,10125,6,,,0,34,,10126,6,,,0,11,,10127,6,,,0,55,,10128,6,,,0,18,,10129,6,,,0,13,,10130,6,,,0,17,,10131,6,,,0,52,,10133,6,,,0,18,,10136,6,,,0,12,,10148,6,,,0,18,,10137,6,,,0,52,,10134,6,,,0,18,,10138,6,,,0,11,,10149,6,,,0,18,,10139,6,,,0,50,,10135,6,,,0,16,,10140,6,,,0,13,,10151,6,,,0,72,,10141,6,,,0,27,,10150,6,,,0,73,,10142,6,,,0,27,,10153,6,,,0,71,,10143,6,,,0,29,,10152,6,,,0,70,,10144,6,,,0,28,,10154,6,,,0,70,,10145,6,,,0,28,,10155,6,,,0,73,,10146,6,,,0,31,,10156,6,,,0,70,,10147,6,,,0
700,'5526',643,,10197,6,,,0,70,,10195,6,,,0,31,,10183,6,,,0,70,,10158,6,,,0,31,,10159,6,,,0,71,,10161,6,,,0,29,,10160,6,,,0,71,,10167,6,,,0,31,,10172,6,,,0,54,,10187,6,,,0,16,,10173,6,,,0,15,,10188,6,,,0,22,,10175,6,,,0,73,,10170,6,,,0,28,,10176,6,,,0,70,,10169,6,,,0,32,,10177,6,,,0,68,,10171,6,,,0,30,,10189,6,,,0,53,,10178,6,,,0,14,,10190,6,,,0,16,,10179,6,,,0,14,,10193,6,,,0,55,,10168,6,,,0,16,,10192,6,,,0,14,,10180,6,,,0,15,,10191,6,,,0,64,,10174,6,,,0,29,,10181,6,,,0,70,,10162,6,,,0,36,,10163,6,,,0,73,,10164,6,,,0,76,,10185,6,,,0,34,,10184,6,,,0,105,,10165,6,,,0,96,,10166,6,,,0,101,,10182,6,,,0,98,,10186,6,,,0,66,,10194,6,,,0,29,,10196,6,,,0
7001,'5475',1534,,11458,25,,,0
7001,'5520',1534,,11459,25,,,0
7200,'5475',743,,11462,12,,,0
7200,'5520',743,,11463,12,,,0
7300,'5475',742,,11464,14,,,0
7300,'5520',742,,11465,14,,,0
7301,'5475',1530,,11466,28,,,0
7301,'5520',1530,,11467,28,,,0
7401,'5475',1543,,11468,22,,,0
7401,'5522',1543,,11469,22,,,0
7401,'5525',1443,,11470,22,,,0
7701,'5475',1549,,11475,25,,,0
7701,'5520',1549,,11476,25,,,0
7900,'5475',754,,11481,20,0,6,0
7900,'5520',754,,11482,20,0,6,0
7901,'5475',1518,,11483,20,0,6,0
7901,'5522',1518,,11484,20,0,6,0
7901,'5525',1518,,11485,20,0,6,0
