300,'5475',623,,9331,5,,,0,22,,9318,5,,,0,60,,9311,5,,,0,9,,9312,5,,,0,15,,9306,5,,,0,18,,9334,5,,,0,58,,9320,5,,,0,16,,9323,5,,,0,19,,9324,5,,,0,19,,9316,5,,,0,70,,9317,5,,,0,30,,9319,5,,,0,71,,9341,5,,,0,70,,9326,5,,,0,30,,9314,5,,,0,71,,9328,5,,,0,30,,9340,5,,,0,70,,9302,5,,,0,31,,9325,5,,,0,70,,9303,5,,,0,33,,9335,5,,,0,15,,9313,5,,,0,55,,9321,5,,,0,10,,9342,5,,,0,5,,9344,5,,,0,15,,9305,5,,,0,13,,9304,5,,,0,55,,9332,5,,,0,15,,9308,5,,,0,15,,9310,5,,,0,15,,9339,5,,,0,55,,9322,5,,,0,14,,9301,5,,,0,14,,9307,5,,,0,15,,9330,5,,,0,55,,9309,5,,,0,29,,9338,5,,,0,29,,9329,5,,,0,70,,9343,5,,,0,30,,9327,5,,,0,99,,9337,5,,,0,99,,9333,5,,,0,100,,9336,5,,,0,96,,9300,5,0,17 18 19,0,100,,9345,5,,,0
300,'5518',759,,9346,5,,,0,93,,9348,5,,,0,100,,9347,5,,,0,101,,9353,5,,,0,103,,9349,5,,,0,100,,9355,5,,,0,100,,9350,5,,,0,100,,9351,5,,,0,100,,9356,5,,,0,100,,9352,5,,,0,98,,9358,5,,,0,98,,9354,5,,,0,106,,9357,5,,,0,99,,9359,5,,,0,100,,9360,5,0,17 18 19,0
300,'5520',623,,9392,5,,,0,22,,9379,5,,,0,60,,9372,5,,,0,9,,9373,5,,,0,15,,9367,5,,,0,18,,9395,5,,,0,58,,9381,5,,,0,16,,9384,5,,,0,19,,9385,5,,,0,19,,9377,5,,,0,70,,9378,5,,,0,30,,9380,5,,,0,71,,9402,5,,,0,70,,9387,5,,,0,30,,9375,5,,,0,71,,9389,5,,,0,30,,9401,5,,,0,70,,9363,5,,,0,31,,9386,5,,,0,70,,9364,5,,,0,33,,9396,5,,,0,15,,9374,5,,,0,55,,9382,5,,,0,10,,9403,5,,,0,5,,9405,5,,,0,15,,9366,5,,,0,13,,9365,5,,,0,55,,9393,5,,,0,15,,9369,5,,,0,15,,9371,5,,,0,15,,9400,5,,,0,55,,9383,5,,,0,14,,9362,5,,,0,14,,9368,5,,,0,15,,9391,5,,,0,55,,9370,5,,,0,29,,9399,5,,,0,29,,9390,5,,,0,70,,9404,5,,,0,30,,9388,5,,,0,99,,9398,5,,,0,99,,9394,5,,,0,100,,9397,5,,,0,96,,9361,5,0,17 18 19,0
300,'5526',714,,9407,5,,,0,30,,9406,5,,,0,76,,9408,5,,,0,36,,9411,5,,,0,70,,9412,5,,,0,31,,9410,5,,,0,70,,9409,5,,,0,30,,9413,5,,,0,70,,9414,5,,,0,30,,9416,5,,,0,71,,9415,5,,,0,30,,9419,5,,,0,70,,9420,5,,,0,30,,9418,5,,,0,70,,9422,5,,,0,31,,9423,5,,,0,70,,9421,5,,,0,30,,9425,5,,,0,70,,9417,5,,,0,30,,9426,5,,,0,70,,9424,5,,,0,30,,9428,5,,,0,75,,9429,5,,,0,24,,9430,5,,,0,85,,9431,5,,,0,105,,9433,5,,,0,105,,9434,5,,,0,103,,9427,5,,,0,99,,9432,5,,,0
1400,'5475',816,,11000,38,0,7 8 2 9 2 10,0
1400,'5520',816,,11025,38,0,7 8 2 9 2 10,0
8100,'5475',811,,11489,48,,,0
8100,'5520',811,,11490,48,,,0
8101,'5475',1520,,11491,10,,,0
8101,'5522',1520,,11492,10,,,0
8101,'5525',1414,,11493,10,,,0
