100,'5475',614,,8746,22,,,0,30,,8747,30,,,0,72,,8748,30,,,0,31,,8749,30,,,0,58,,8750,30,,,0,17,,8758,30,,,0,15,,8757,30,,,0,15,,8785,30,,,0,54,,8786,30,,,0,15,,8761,30,,,0,16,,8753,30,,,0,15,,8780,30,,,0,60,,8779,30,,,0,21,,8790,30,,,0,20,,8789,30,,,0,71,,8788,30,,,0,30,,8793,30,,,0,72,,8792,30,,,0,30,,8777,30,,,0,70,,8776,30,,,0,30,,8767,30,,,0,70,,8756,30,,,0,33,,8755,30,,,0,60,,8759,30,,,0,19,,8754,30,,,0,17,,8782,30,,,0,55,,8764,30,,,0,14,,8781,30,,,0,15,,8787,30,,,0,15,,8783,30,,,0,55,,8796,30,,,0,14,,8795,30,,,0,14,,8775,30,,,0,15,,8772,30,,,0,52,,8797,30,,,0,14,,8773,30,,,0,15,,8770,30,,,0,15,,8791,30,,,0,60,,8794,30,,,0,19,,8771,30,,,0,25,,8778,30,,,0,67,,8774,30,,,0,30,,8769,30,,,0,69,,8765,30,,,0,30,,8763,30,,,0,70,,8762,30,,,0,30,,8760,30,,,0,69,,8768,30,,,0,28,,8784,30,,,0,66,,8766,30,,,0,29,,8751,30,,,0,70,,8752,30,,,0,98,,8798,30,,,0
100,'5518',722,,8799,30,,,0,19,,8800,30,,,0,70,,8801,30,,,0,30,,8803,30,,,0,70,,8802,30,,,0,32,,8804,30,,,0,72,,8807,30,,,0,30,,8805,30,,,0,70,,8806,30,,,0,31,,8808,30,,,0,73,,8820,30,,,0,30,,8810,30,,,0,70,,8809,30,,,0,30,,8813,30,,,0,70,,8811,30,,,0,30,,8814,30,,,0,71,,8815,30,,,0,30,,8812,30,,,0,68,,8816,30,,,0,30,,8817,30,,,0,69,,8827,30,,,0,30,,8818,30,,,0,70,,8830,30,,,0,33,,8821,30,,,0,65,,8819,30,,,0,29,,8822,30,,,0,70,,8831,30,,,0,29,,8824,30,,,0,70,,8823,30,,,0,29,,8825,30,,,0,68,,8826,30,,,0,30,,8828,30,,,0,70,,8832,30,,,0,37,,8829,30,,,0,62,,8833,30,,,0
100,'5520',614,,8834,22,,,0,30,,8835,30,,,0,72,,8836,30,,,0,31,,8837,30,,,0,58,,8838,30,,,0,17,,8846,30,,,0,15,,8845,30,,,0,15,,8873,30,,,0,54,,8874,30,,,0,15,,8849,30,,,0,16,,8841,30,,,0,15,,8868,30,,,0,60,,8867,30,,,0,21,,8878,30,,,0,20,,8877,30,,,0,71,,8876,30,,,0,30,,8881,30,,,0,72,,8880,30,,,0,30,,8865,30,,,0,70,,8864,30,,,0,30,,8855,30,,,0,70,,8844,30,,,0,33,,8843,30,,,0,60,,8847,30,,,0,19,,8842,30,,,0,17,,8870,30,,,0,55,,8852,30,,,0,14,,8869,30,,,0,15,,8875,30,,,0,15,,8871,30,,,0,55,,8884,30,,,0,14,,8883,30,,,0,14,,8863,30,,,0,15,,8860,30,,,0,52,,8885,30,,,0,14,,8861,30,,,0,15,,8858,30,,,0,15,,8879,30,,,0,60,,8882,30,,,0,19,,8859,30,,,0,25,,8866,30,,,0,67,,8862,30,,,0,30,,8857,30,,,0,69,,8853,30,,,0,30,,8851,30,,,0,70,,8850,30,,,0,30,,8848,30,,,0,69,,8856,30,,,0,28,,8872,30,,,0,66,,8854,30,,,0,29,,8839,30,,,0,70,,8840,30,,,0
100,'5526',651,,8913,30,,,0,49,,8915,30,,,0,30,,8916,30,,,0,71,,8886,30,,,0,27,,8918,30,,,0,20,,8888,30,,,0,55,,8919,30,,,0,17,,8889,30,,,0,16,,8920,30,,,0,16,,8887,30,,,0,72,,8891,30,,,0,30,,8892,30,,,0,70,,8890,30,,,0,32,,8894,30,,,0,70,,8895,30,,,0,30,,8897,30,,,0,70,,8893,30,,,0,30,,8898,30,,,0,70,,8899,30,,,0,31,,8896,30,,,0,70,,8900,30,,,0,30,,8902,30,,,0,68,,8903,30,,,0,13,,8921,30,,,0,15,,8904,30,,,0,55,,8922,30,,,0,15,,8901,30,,,0,14,,8923,30,,,0,14,,8905,30,,,0,55,,8924,30,,,0,15,,8906,30,,,0,15,,8925,30,,,0,15,,8907,30,,,0,70,,8908,30,,,0,85,,8912,30,,,0,99,,8911,30,,,0,104,,8910,30,,,0,104,,8909,30,,,0,103,,8914,30,,,0,97,,8917,30,,,0
200,'5475',629,,9114,37,,,0,79,,9115,37,,,0,28,,9116,37,,,0,15,,9119,37,,,0,72,,9117,37,,,0,16,,9118,37,,,0,15,,9120,37,,,0,66,,9123,37,,,0,30,,9122,37,,,0,70,,9121,37,,,0,30,,9126,37,,,0,69,,9124,37,,,0,30,,9125,37,,,0,71,,9127,37,,,0,30,,9128,37,,,0,70,,9129,37,,,0,30,,9130,37,,,0,71,,9132,37,,,0,30,,9131,37,,,0,77,,9133,37,,,0,26,,9134,37,,,0,78,,9110,37,,,0,70,,9104,37,,,0,29,,9106,37,,,0,28,,9107,37,,,0,70,,9113,37,,,0,74,,9105,37,,,0,39,,9109,37,,,0,69,,9103,37,,,0,33,,9108,37,,,0,65,,9102,37,,,0,30,,9111,37,,,0,294,,9135,37,,,0,100,,9136,37,,,0
200,'5518',820,,9138,37,,,0,81,,9137,37,,,0,113,,9140,37,,,0,100,,9139,37,,,0,101,,9141,37,,,0,105,,9142,37,,,0,96,,9144,37,,,0,100,,9143,37,,,0,98,,9147,37,,,0,106,,9149,37,,,0,99,,9148,37,,,0,124,,9145,37,,,0,99,,9146,37,,,0
200,'5520',629,,9162,37,,,0,79,,9163,37,,,0,28,,9164,37,,,0,15,,9167,37,,,0,72,,9165,37,,,0,16,,9166,37,,,0,15,,9168,37,,,0,66,,9171,37,,,0,30,,9170,37,,,0,70,,9169,37,,,0,30,,9174,37,,,0,69,,9172,37,,,0,30,,9173,37,,,0,71,,9175,37,,,0,30,,9176,37,,,0,70,,9177,37,,,0,30,,9178,37,,,0,71,,9180,37,,,0,30,,9179,37,,,0,77,,9181,37,,,0,26,,9182,37,,,0,78,,9158,37,,,0,70,,9152,37,,,0,29,,9154,37,,,0,28,,9155,37,,,0,70,,9161,37,,,0,74,,9153,37,,,0,39,,9157,37,,,0,69,,9151,37,,,0,33,,9156,37,,,0,65,,9150,37,,,0,30,,9159,37,,,0
200,'5526',803,,9184,37,,,0,113,,9186,37,,,0,103,,9183,37,,,0,101,,9187,37,,,0,100,,9185,37,,,0,101,,9188,37,,,0,100,,9189,37,,,0,100,,9192,37,,,0,30,,9193,37,,,0,70,,9191,37,,,0,30,,9190,37,,,0,69,,9194,37,,,0,30,,9195,37,,,0,70,,9196,37,,,0,88,,9201,37,,,0,40,,9199,37,,,0,91,,9197,37,,,0,93,,9198,37,,,0,100,,9200,37,,,0
300,'5475',649,,9331,41,,,0,62,,9318,41,,,0,18,,9315,13,,,0,3,,9311,41,,,0,9,,9312,41,,,0,17,,9306,41,,,0,59,,9334,41,,,0,18,,9320,41,,,0,14,,9323,41,,,0,58,,9324,41,,,0,19,,9316,41,,,0,31,,9317,41,,,0,70,,9319,41,,,0,31,,9341,41,,,0,70,,9326,41,,,0,30,,9314,41,,,0,71,,9328,41,,,0,30,,9340,41,,,0,70,,9302,41,,,0,73,,9325,41,,,0,32,,9303,41,,,0,73,,9335,41,,,0,17,,9313,41,,,0,15,,9321,41,,,0,8,,9342,41,,,0,4,,9344,41,,,0,52,,9305,41,,,0,12,,9304,41,,,0,15,,9332,41,,,0,15,,9308,41,,,0,55,,9310,41,,,0,15,,9339,41,,,0,14,,9322,41,,,0,13,,9301,41,,,0,14,,9307,41,,,0,55,,9330,41,,,0,15,,9309,41,,,0,28,,9338,41,,,0,69,,9329,41,,,0,30,,9343,41,,,0,70,,9327,41,,,0,99,,9337,41,,,0,98,,9333,41,,,0,98,,9336,41,,,0,196,,9345,41,,,0
300,'5518',824,,9346,41,,,0,93,,9348,41,,,0,100,,9347,41,,,0,101,,9353,41,,,0,105,,9349,41,,,0,100,,9355,41,,,0,100,,9350,41,,,0,100,,9351,41,,,0,100,,9356,41,,,0,99,,9352,41,,,0,97,,9358,41,,,0,97,,9354,41,,,0,105,,9357,41,,,0,98,,9359,41,,,0
300,'5520',649,,9392,41,,,0,62,,9379,41,,,0,18,,9376,13,,,0,3,,9372,41,,,0,9,,9373,41,,,0,17,,9367,41,,,0,59,,9395,41,,,0,18,,9381,41,,,0,14,,9384,41,,,0,58,,9385,41,,,0,19,,9377,41,,,0,31,,9378,41,,,0,70,,9380,41,,,0,31,,9402,41,,,0,70,,9387,41,,,0,30,,9375,41,,,0,71,,9389,41,,,0,30,,9401,41,,,0,70,,9363,41,,,0,73,,9386,41,,,0,32,,9364,41,,,0,73,,9396,41,,,0,17,,9374,41,,,0,15,,9382,41,,,0,8,,9403,41,,,0,4,,9405,41,,,0,52,,9366,41,,,0,12,,9365,41,,,0,15,,9393,41,,,0,15,,9369,41,,,0,55,,9371,41,,,0,15,,9400,41,,,0,14,,9383,41,,,0,13,,9362,41,,,0,14,,9368,41,,,0,55,,9391,41,,,0,15,,9370,41,,,0,28,,9399,41,,,0,69,,9390,41,,,0,30,,9404,41,,,0,70,,9388,41,,,0,99,,9398,41,,,0,98,,9394,41,,,0,98,,9397,41,,,0
300,'5526',738,,9407,41,,,0,70,,9406,41,,,0,37,,9408,41,,,0,76,,9411,41,,,0,30,,9412,41,,,0,72,,9410,41,,,0,30,,9409,41,,,0,70,,9413,41,,,0,30,,9414,41,,,0,70,,9416,41,,,0,31,,9415,41,,,0,70,,9419,41,,,0,30,,9420,41,,,0,70,,9418,41,,,0,30,,9422,41,,,0,71,,9423,41,,,0,30,,9421,41,,,0,70,,9425,41,,,0,30,,9417,41,,,0,69,,9426,41,,,0,30,,9424,41,,,0,70,,9428,41,,,0,33,,9429,41,,,0,64,,9430,41,,,0,85,,9431,41,,,0,105,,9433,41,,,0,105,,9434,41,,,0,102,,9427,41,,,0,97,,9432,41,,,0
601,'5475',723,,9953,31,,,0,104,,9954,31,,,0,101,,9955,31,,,0,96,,9957,31,,,0,25,,9956,31,,,0,75,,9958,31,,,0,120,,9959,31,,,0,80,,9960,31,,,0,100,,9961,31,,,0,100,,9962,31,,,0,81,,9963,31,,,0,41,,9964,31,,,0,56,,9965,31,,,0,35,,9968,31,,,0,66,,9966,31,,,0,28,,9967,31,,,0,100,,9969,31,,,0,509,,9971,31,,,0
601,'5518',1150,,9975,31,,,0,100,,9974,31,,,0,100,,9979,31,,,0,101,,9977,31,,,0,100,,9978,31,,,0,105,,9980,31,,,0
601,'5520',723,,9984,31,,,0,104,,9985,31,,,0,101,,9986,31,,,0,96,,9988,31,,,0,25,,9987,31,,,0,75,,9989,31,,,0,120,,9990,31,,,0,80,,9991,31,,,0,100,,9992,31,,,0,100,,9993,31,,,0,81,,9994,31,,,0,41,,9995,31,,,0,56,,9996,31,,,0,35,,9999,31,,,0,66,,9997,31,,,0,28,,9998,31,,,0,100,,10000,31,,,0
601,'5526',821,,10003,31,,,0,104,,10004,31,,,0,97,,10006,31,,,0,100,,10007,31,,,0,100,,10002,31,,,0,100,,10005,31,,,0,99,,10008,31,,,0,100,,10009,31,,,0,30,,10011,31,,,0,70,,10013,31,,,0,30,,10017,31,,,0,70,,10014,31,,,0,30,,10016,31,,,0,70,,10012,31,,,0,184,,10010,31,,,0
700,'5475',640,,10018,37,,,0,18,,10019,38,,,0,59,,10020,37,,,0,12,,10021,38,,,0,18,,10022,37,,,0,7,,10023,38,,,0,50,,10024,37,,,0,21,,10025,38,,,0,17,,10026,37,,,0,10,,10027,38,,,0,59,,10028,37,,,0,10,,10029,38,,,0,16,,10030,37,,,0,12,,10031,38,,,0,58,,10032,37,,,0,13,,10048,38,,,0,18,,10033,37,,,0,12,,10073,38,,,0,58,,10034,37,,,0,32,,10035,38,,,0,71,,10036,37,,,0,30,,10037,38,,,0,71,,10038,37,,,0,29,,10039,38,,,0,71,,10040,37,,,0,32,,10041,38,,,0,72,,10042,37,,,0,12,,10043,38,,,0,15,,10044,38,,,0,16,,10045,37,,,0,55,,10046,38,,,0,15,,10047,37,,,0,14,,10049,38,,,0,16,,10052,37,,,0,53,,10064,38,,,0,17,,10053,37,,,0,14,,10050,38,,,0,15,,10054,37,,,0,50,,10065,38,,,0,17,,10055,37,,,0,11,,10051,38,,,0,15,,10056,37,,,0,54,,10067,38,,,0,31,,10057,37,,,0,68,,10066,38,,,0,32,,10058,37,,,0,66,,10069,38,,,0,32,,10059,37,,,0,67,,10068,38,,,0,30,,10060,37,,,0,26,,10070,38,,,0,72,,10061,37,,,0,24,,10071,38,,,0,74,,10062,37,,,0,30,,10072,38,,,0,70,,10063,37,,,0,97,,10074,37,,,0
700,'5518',753,,10075,38,,,0,67,,10076,37,,,0,100,,10077,38,,,0,98,,10078,37,,,0,32,,10080,38,,,0,70,,10079,38,,,0,28,,10082,37,,,0,72,,10088,38,,,0,30,,10083,37,,,0,67,,10081,38,,,0,34,,10084,37,,,0,67,,10095,38,,,0,33,,10086,37,,,0,69,,10090,38,,,0,32,,10085,37,,,0,68,,10087,38,,,0,33,,10089,37,,,0,66,,10093,38,,,0,33,,10091,37,,,0,64,,10096,38,,,0,32,,10092,37,,,0,67,,10098,38,,,0,102,,10094,37,,,0,98,,10100,38,,,0,104,,10097,37,,,0,93,,10099,38,,,0,100,,10101,37,,,0
700,'5520',640,,10102,37,,,0,18,,10103,38,,,0,59,,10104,37,,,0,12,,10105,38,,,0,18,,10106,37,,,0,7,,10107,38,,,0,50,,10108,37,,,0,21,,10109,38,,,0,17,,10110,37,,,0,10,,10111,38,,,0,59,,10112,37,,,0,10,,10113,38,,,0,16,,10114,37,,,0,12,,10115,38,,,0,58,,10116,37,,,0,13,,10132,38,,,0,18,,10117,37,,,0,12,,10157,38,,,0,58,,10118,37,,,0,32,,10119,38,,,0,71,,10120,37,,,0,30,,10121,38,,,0,71,,10122,37,,,0,29,,10123,38,,,0,71,,10124,37,,,0,32,,10125,38,,,0,72,,10126,37,,,0,12,,10127,38,,,0,15,,10128,38,,,0,16,,10129,37,,,0,55,,10130,38,,,0,15,,10131,37,,,0,14,,10133,38,,,0,16,,10136,37,,,0,53,,10148,38,,,0,17,,10137,37,,,0,14,,10134,38,,,0,15,,10138,37,,,0,50,,10149,38,,,0,17,,10139,37,,,0,11,,10135,38,,,0,15,,10140,37,,,0,54,,10151,38,,,0,31,,10141,37,,,0,68,,10150,38,,,0,32,,10142,37,,,0,66,,10153,38,,,0,32,,10143,37,,,0,67,,10152,38,,,0,30,,10144,37,,,0,26,,10154,38,,,0,72,,10145,37,,,0,24,,10155,38,,,0,74,,10146,37,,,0,30,,10156,38,,,0,70,,10147,37,,,0
700,'5526',709,,10197,37,,,0,28,,10195,38,,,0,73,,10183,37,,,0,28,,10158,38,,,0,71,,10159,38,,,0,33,,10161,37,,,0,67,,10160,38,,,0,31,,10167,38,,,0,73,,10172,37,,,0,12,,10187,38,,,0,18,,10173,37,,,0,13,,10188,38,,,0,64,,10175,38,,,0,36,,10170,37,,,0,67,,10176,38,,,0,30,,10169,38,,,0,73,,10177,37,,,0,27,,10171,38,,,0,71,,10189,37,,,0,12,,10178,38,,,0,14,,10190,38,,,0,57,,10179,37,,,0,13,,10193,38,,,0,15,,10168,38,,,0,17,,10192,37,,,0,53,,10180,38,,,0,15,,10191,38,,,0,25,,10174,37,,,0,68,,10181,38,,,0,30,,10162,38,,,0,77,,10163,37,,,0,30,,10164,38,,,0,78,,10185,37,,,0,72,,10184,38,,,0,105,,10165,38,,,0,96,,10166,37,,,0,57,,10182,38,,,0,96,,10186,38,,,0,69,,10194,37,,,0,26,,10196,38,,,0
900,'5475',652,,10379,37,,,0,73,,10380,37,,,0,34,,10381,37,,,0,60,,10382,37,,,0,16,,10383,37,,,0,15,,10384,37,,,0,53,,10385,37,,,0,10,,10386,37,,,0,7,,10387,37,,,0,10,,10388,37,,,0,14,,10389,37,,,0,15,,10390,37,,,0,55,,10391,37,,,0,15,,10392,37,,,0,15,,10393,37,,,0,56,,10394,37,,,0,15,,10395,37,,,0,16,,10396,37,,,0,16,,10397,37,,,0,56,,10398,37,,,0,14,,10399,37,,,0,15,,10400,37,,,0,15,,10401,37,,,0,56,,10402,37,,,0,14,,10403,37,,,0,15,,10404,37,,,0,16,,10405,37,,,0,55,,10406,37,,,0,15,,10407,37,,,0,16,,10408,37,,,0,17,,10409,37,,,0,54,,10410,37,,,0,18,,10411,37,,,0,14,,10412,37,,,0,15,,10413,37,,,0,57,,10414,37,,,0,6,,10415,37,,,0,8,,10416,37,,,0,16,,10417,37,,,0,14,,10418,37,,,0,55,,10419,37,,,0,17,,10420,37,,,0,15,,10421,37,,,0,11,,10422,37,,,0,7,,10423,37,,,0,46,,10424,37,,,0,13,,10425,37,,,0,15,,10426,37,,,0,12,,10427,37,,,0,12,,10428,37,,,0,55,,10429,37,,,0,15,,10430,37,,,0,15,,10431,37,,,0,14,,10432,37,,,0,55,,10433,37,,,0,15,,10434,37,,,0,14,,10435,37,,,0,15,,10436,37,,,0,60,,10437,37,,,0,20,,10438,37,,,0,73,,10439,37,,,0,30,,10440,37,,,0,64,,10441,37,,,0,32,,10442,37,,,0,25,,10443,37,,,0,71,,10444,37,,,0,26,,10445,37,,,0,70,,10378,37,,,0
900,'5518',750,,10446,37,,,0,70,,10448,37,,,0,31,,10447,37,,,0,70,,10449,37,,,0,30,,10451,37,,,0,71,,10450,37,,,0,31,,10452,37,,,0,70,,10454,37,,,0,30,,10455,37,,,0,71,,10453,37,,,0,31,,10456,37,,,0,71,,10457,37,,,0,30,,10460,37,,,0,71,,10459,37,,,0,30,,10461,37,,,0,70,,10458,37,,,0,31,,10472,37,,,0,70,,10462,37,,,0,30,,10464,37,,,0,69,,10463,37,,,0,30,,10465,37,,,0,68,,10466,37,,,0,30,,10477,37,,,0,70,,10471,37,,,0,29,,10467,37,,,0,68,,10468,37,,,0,30,,10469,37,,,0,70,,10470,37,,,0,29,,10476,37,,,0,70,,10473,37,,,0,29,,10474,37,,,0,68,,10475,37,,,0,30,,10478,37,,,0,70,,10479,37,,,0
900,'5520',652,,10481,37,,,0,73,,10482,37,,,0,34,,10483,37,,,0,60,,10484,37,,,0,16,,10485,37,,,0,15,,10486,37,,,0,53,,10487,37,,,0,10,,10488,37,,,0,7,,10489,37,,,0,10,,10490,37,,,0,14,,10491,37,,,0,15,,10492,37,,,0,55,,10493,37,,,0,15,,10494,37,,,0,15,,10495,37,,,0,56,,10496,37,,,0,15,,10497,37,,,0,16,,10498,37,,,0,16,,10499,37,,,0,56,,10500,37,,,0,14,,10501,37,,,0,15,,10502,37,,,0,15,,10503,37,,,0,56,,10504,37,,,0,14,,10505,37,,,0,15,,10506,37,,,0,16,,10507,37,,,0,55,,10508,37,,,0,15,,10509,37,,,0,16,,10510,37,,,0,17,,10511,37,,,0,54,,10512,37,,,0,18,,10513,37,,,0,14,,10514,37,,,0,15,,10515,37,,,0,57,,10516,37,,,0,6,,10517,37,,,0,8,,10518,37,,,0,16,,10519,37,,,0,14,,10520,37,,,0,55,,10521,37,,,0,17,,10522,37,,,0,15,,10523,37,,,0,11,,10524,37,,,0,7,,10525,37,,,0,46,,10526,37,,,0,13,,10527,37,,,0,15,,10528,37,,,0,12,,10529,37,,,0,12,,10530,37,,,0,55,,10531,37,,,0,15,,10532,37,,,0,15,,10533,37,,,0,14,,10534,37,,,0,55,,10535,37,,,0,15,,10536,37,,,0,14,,10537,37,,,0,15,,10538,37,,,0,60,,10539,37,,,0,20,,10540,37,,,0,73,,10541,37,,,0,30,,10542,37,,,0,64,,10543,37,,,0,32,,10544,37,,,0,25,,10545,37,,,0,71,,10546,37,,,0,26,,10547,37,,,0,70,,10480,37,,,0
900,'5526',649,,10587,37,,,0,70,,10588,37,,,0,33,,10576,37,,,0,70,,10549,37,,,0,33,,10550,37,,,0,70,,10551,37,,,0,32,,10548,37,,,0,72,,10553,37,,,0,29,,10555,37,,,0,69,,10552,37,,,0,15,,10580,37,,,0,15,,10556,37,,,0,55,,10584,37,,,0,15,,10554,37,,,0,73,,10558,37,,,0,31,,10559,37,,,0,70,,10557,37,,,0,32,,10560,37,,,0,70,,10561,37,,,0,11,,10578,37,,,0,15,,10563,37,,,0,15,,10582,37,,,0,15,,10564,37,,,0,55,,10579,37,,,0,15,,10562,37,,,0,15,,10581,37,,,0,15,,10566,37,,,0,55,,10585,37,,,0,15,,10567,37,,,0,15,,10583,37,,,0,15,,10568,37,,,0,70,,10565,37,,,0,75,,10570,37,,,0,39,,10574,37,,,0,70,,10571,37,,,0,100,,10572,37,,,0,100,,10569,37,,,0,97,,10573,37,,,0,100,,10575,37,,,0,102,,10577,37,,,0,103,,10586,37,,,0
1600,'5475',746,,11114,29,0,5,0,72,,11106,29,0,5,0,97,,11101,29,0,5,0,100,,11102,29,0,5,0,100,,11103,29,0,5,0,100,,11109,29,0,5,0,100,,11104,29,0,5,0,103,,11100,29,0,5,0,105,,11107,29,0,5,0,108,,11108,29,0,5,0,100,,11111,29,0,5,0,93,,11113,29,0,5,0,98,,11112,29,0,5,0,99,,11110,29,0,5,0,400,,11115,29,0,5,0,102,,11116,29,0,5,0
1600,'5518',914,,11117,29,0,5,0,100,,11120,29,0,5,0,100,,11118,29,0,5,0,101,,11119,29,0,5,0,102,,11121,29,0,5,0,100,,11124,29,0,5,0,99,,11127,29,0,5,0,100,,11125,29,0,5,0,105,,11122,29,0,5,0,99,,11123,29,0,5,0,97,,11126,29,0,5,0,100,,11128,29,0,5,0
1600,'5520',746,,11143,29,0,5,0,72,,11135,29,0,5,0,97,,11130,29,0,5,0,100,,11131,29,0,5,0,100,,11132,29,0,5,0,100,,11138,29,0,5,0,100,,11133,29,0,5,0,103,,11129,29,0,5,0,105,,11136,29,0,5,0,108,,11137,29,0,5,0,100,,11140,29,0,5,0,93,,11142,29,0,5,0,98,,11141,29,0,5,0,99,,11139,29,0,5,0
1600,'5526',854,,11148,29,0,5,0,157,,11146,29,0,5,0,95,,11145,29,0,5,0,111,,11149,29,0,5,0,95,,11150,29,0,5,0,101,,11144,29,0,5,0,100,,11152,29,0,5,0,100,,11147,29,0,5,0,105,,11151,29,0,5,0,95,,11153,29,0,5,0,97,,11154,29,0,5,0,100,,11155,29,0,5,0
7601,'5475',1513,,11473,3,,,0
7601,'5520',1513,,11474,3,,,0
