400,'4532',840,,7037,25,4,,0,66,,7038,25,4,,0,25,,7036,25,4,,0,26,,7039,25,4,,0,67,,7040,25,4,,0,26,,7041,25,4,,0,65,,7042,25,4,,0,26,,7043,25,4,,0,66,,7044,25,4,,0,27,,7045,25,4,,0,67,,7046,25,4,,0,28,,8285,25,4,,0,27,,7048,25,4,,0,69,,8286,25,4,,0,27,,7052,25,4,,0,69,,8288,25,4,,0,27,,7050,25,4,,0,68,,8289,25,4,,0,27,,7051,25,4,,0,66,,8287,25,4,,0,27,,7055,25,4,,0,67,,8290,25,4,,0,27,,7058,25,4,,0,24,,8291,25,4,,0,74,,7061,25,4,,0,99,,7060,25,4,,0,100,,7062,25,4,,0,99,,7063,25,4,,0,99,,8292,25,4,,0
400,'5475',645,,9565,25,4,,0,66,,9570,25,4,,0,91,,9567,25,4,,0,34,,9572,25,4,,0,68,,9569,25,4,,0,28,,9575,25,4,,0,70,,9568,25,4,,0,30,,9566,25,4,,0,72,,9576,25,4,,0,30,,9581,25,4,,0,72,,9578,25,4,,0,30,,9571,25,4,,0,70,,9583,25,4,,0,30,,9592,25,4,,0,72,,9582,25,4,,0,30,,9594,25,4,,0,70,,9573,25,4,,0,30,,9593,25,4,,0,62,,9595,25,4,,0,10,,9590,25,4,,0,30,,9579,25,4,,0,12,,9596,25,4,,0,58,,9580,25,4,,0,29,,9577,25,4,,0,67,,9587,25,4,,0,29,,9574,25,4,,0,67,,9588,25,4,,0,56,,9589,25,4,,0,95,,9585,25,4,,0,97,,9584,25,4,,0,100,,9586,25,4,,0,157,,9591,25,4,,0,15,,9597,25,4,,0,109,,9598,25,4,,0
400,'5518',853,,9601,25,4,,0,159,,9602,25,4,,0,120,,9599,25,4,,0,122,,9600,25,4,,0,95,,9606,25,4,,0,167,,9604,25,4,,0,127,,9605,25,4,,0,162,,9603,25,4,,0,120,,9607,25,4,,0
400,'5520',645,,9608,25,4,,0,66,,9613,25,4,,0,91,,9610,25,4,,0,34,,9615,25,4,,0,68,,9612,25,4,,0,28,,9618,25,4,,0,70,,9611,25,4,,0,30,,9609,25,4,,0,72,,9619,25,4,,0,30,,9624,25,4,,0,72,,9621,25,4,,0,30,,9614,25,4,,0,70,,9626,25,4,,0,30,,9635,25,4,,0,72,,9625,25,4,,0,30,,9637,25,4,,0,70,,9616,25,4,,0,30,,9636,25,4,,0,62,,9638,25,4,,0,10,,9633,25,4,,0,30,,9622,25,4,,0,12,,9639,25,4,,0,58,,9623,25,4,,0,29,,9620,25,4,,0,67,,9630,25,4,,0,29,,9617,25,4,,0,67,,9631,25,4,,0,56,,9632,25,4,,0,95,,9628,25,4,,0,97,,9627,25,4,,0,100,,9629,25,4,,0,157,,9634,25,4,,0
400,'5526',840,,9641,25,4,,0,66,,9642,25,4,,0,25,,9640,25,4,,0,26,,9643,25,4,,0,67,,9644,25,4,,0,26,,9645,25,4,,0,65,,9646,25,4,,0,26,,9647,25,4,,0,66,,9648,25,4,,0,27,,9649,25,4,,0,67,,9650,25,4,,0,28,,9651,25,4,,0,27,,9652,25,4,,0,69,,9653,25,4,,0,27,,9656,25,4,,0,69,,9658,25,4,,0,27,,9654,25,4,,0,68,,9660,25,4,,0,27,,9655,25,4,,0,66,,9657,25,4,,0,27,,9659,25,4,,0,67,,9661,25,4,,0,27,,9662,25,4,,0,24,,9663,25,4,,0,74,,9665,25,4,,0,99,,9664,25,4,,0,100,,9666,25,4,,0,99,,9667,25,4,,0,99,,9668,25,4,,0
401,'4532',800,,7104,1,,,0,25,,7105,1,,,0,25,,7107,1,,,0,65,,7106,1,,,0,25,,7108,1,,,0,65,,7110,1,,,0,25,,7111,1,,,0,26,,7112,1,,,0,65,,7109,1,,,0,26,,7114,1,,,0,65,,7116,1,,,0,28,,8295,1,,,0,67,,7115,1,,,0,28,,8296,1,,,0,67,,7119,1,,,0,30,,8299,1,,,0,27,,7123,1,,,0,69,,8298,1,,,0,27,,7124,1,,,0,67,,8300,1,,,0,27,,7120,1,,,0,67,,8297,1,,,0,27,,7126,1,,,0,67,,8301,1,,,0,35,,7127,1,,,0,100,,7129,1,,,0,100,,7130,1,,,0,100,,7131,1,,,0,100,,8302,1,,,0
401,'5475',606,,9669,1,,,0,25,,9673,1,,,0,87,,9671,1,,,0,30,,9675,1,,,0,70,,9672,1,,,0,30,,9676,1,,,0,70,,9697,1,,,0,30,,9670,1,,,0,70,,9679,1,,,0,30,,9680,1,,,0,70,,9678,1,,,0,30,,9677,1,,,0,70,,9686,1,,,0,30,,9698,1,,,0,70,,9685,1,,,0,30,,9674,1,,,0,70,,9695,1,,,0,30,,9684,1,,,0,60,,9699,1,,,0,10,,9694,1,,,0,30,,9691,1,,,0,52,,9700,1,,,0,18,,9682,1,,,0,30,,9681,1,,,0,70,,9690,1,,,0,30,,9683,1,,,0,70,,9692,1,,,0,97,,9693,1,,,0,97,,9688,1,,,0,100,,9687,1,,,0,100,,9689,1,,,0,118,,9696,1,,,0,15,,9701,1,,,0,110,,9702,1,,,0
401,'5518',813,,9706,1,,,0,117,,9703,1,,,0,120,,9704,1,,,0,160,,9705,1,,,0,94,,9709,1,,,0,125,,9707,1,,,0,127,,9708,1,,,0,166,,9710,1,,,0,120,,9711,1,,,0
401,'5520',606,,9712,1,,,0,25,,9716,1,,,0,87,,9714,1,,,0,30,,9718,1,,,0,70,,9715,1,,,0,30,,9719,1,,,0,70,,9740,1,,,0,30,,9713,1,,,0,70,,9722,1,,,0,30,,9723,1,,,0,70,,9721,1,,,0,30,,9720,1,,,0,70,,9729,1,,,0,30,,9741,1,,,0,70,,9728,1,,,0,30,,9717,1,,,0,70,,9738,1,,,0,30,,9727,1,,,0,60,,9742,1,,,0,10,,9737,1,,,0,30,,9734,1,,,0,52,,9743,1,,,0,18,,9725,1,,,0,30,,9724,1,,,0,70,,9733,1,,,0,30,,9726,1,,,0,70,,9735,1,,,0,97,,9736,1,,,0,97,,9731,1,,,0,100,,9730,1,,,0,100,,9732,1,,,0,118,,9739,1,,,0
401,'5526',800,,9744,1,,,0,25,,9745,1,,,0,25,,9747,1,,,0,65,,9746,1,,,0,25,,9748,1,,,0,65,,9750,1,,,0,25,,9751,1,,,0,26,,9752,1,,,0,65,,9749,1,,,0,26,,9754,1,,,0,65,,9756,1,,,0,28,,9753,1,,,0,67,,9755,1,,,0,28,,9757,1,,,0,67,,9759,1,,,0,30,,9762,1,,,0,27,,9763,1,,,0,69,,9761,1,,,0,27,,9764,1,,,0,67,,9765,1,,,0,27,,9760,1,,,0,67,,9758,1,,,0,27,,9766,1,,,0,67,,9768,1,,,0,35,,9767,1,,,0,100,,9769,1,,,0,100,,9770,1,,,0,100,,9771,1,,,0,100,,9772,1,,,0
