1400,'4532',806,,8658,13,,,0,135,,8660,13,,,0,95,,7811,13,,,0,101,,7808,13,,,0,100,,6289,13,,,0,100,,8661,13,,,0,105,,6291,13,,,0,212,,6292,13,,,0,247,,8659,13,,,0,100,,7810,13,,,0
1400,'5475',619,,11006,13,,,0,31,,11005,13,,,0,87,,10998,13,,,0,66,,11000,13,0,7 8 2 9 2 10,0,44,,11003,13,,,0,91,,11001,13,,,0,114,,10999,13,,,0,185,,11007,13,,,0,216,,11002,13,0,9,0,156,,11008,13,,,0,39,,11009,13,,,0,75,,11010,13,,,0,79,,11011,13,,,0,105,,11004,13,,,0,114,,11012,13,,,0,30,,11013,13,,,0,365,,11015,13,,,0,29,,11014,13,,,0
1400,'5518',911,,11017,13,,,0,200,,11016,13,,,0,130,,11021,13,,,0,95,,11018,13,,,0,100,,11019,13,,,0,170,,11020,13,,,0,225,,11022,13,,,0
1400,'5520',619,,11031,13,,,0,31,,11030,13,,,0,87,,11023,13,,,0,66,,11025,13,0,7 8 2 9 2 10,0,44,,11028,13,,,0,91,,11026,13,,,0,114,,11024,13,,,0,185,,11032,13,,,0,216,,11027,13,0,9,0,156,,11033,13,,,0,39,,11034,13,,,0,75,,11035,13,,,0,79,,11036,13,,,0,105,,11029,13,,,0,114,,11037,13,,,0,30,,11038,13,,,0
1400,'5526',806,,11039,13,,,0,135,,11042,13,,,0,95,,11048,13,,,0,101,,11045,13,,,0,100,,11041,13,,,0,100,,11046,13,,,0,105,,11043,13,,,0,212,,11044,13,,,0,247,,11040,13,,,0,100,,11047,13,,,0
8001,'5475',1508,,11486,28,4,,0
8001,'5522',1508,,11487,28,4,,0
8001,'5525',1513,,11488,28,4,,0
8100,'5475',753,,11489,22,,,0
8100,'5520',753,,11490,22,,,0
8101,'5475',1546,,11491,49,,,0
8101,'5522',1546,,11492,49,,,0
8101,'5525',1440,,11493,49,,,0
