401,'4532',803,,7104,4,,,0,25,,7105,4,,,0,25,,7107,4,,,0,65,,7106,4,,,0,25,,7108,4,,,0,65,,7110,4,,,0,25,,7111,4,,,0,26,,7112,4,,,0,65,,7109,4,,,0,26,,7114,4,,,0,66,,7116,4,,,0,28,,8295,4,,,0,67,,7115,4,,,0,28,,8296,4,,,0,67,,7119,4,,,0,30,,8299,4,,,0,67,,7123,4,,,0,29,,8298,4,,,0,27,,7124,4,,,0,66,,8300,4,,,0,27,,7120,4,,,0,67,,8297,4,,,0,27,,7126,4,,,0,67,,8301,4,,,0,35,,7127,4,,,0,100,,7129,4,,,0,100,,7130,4,,,0,100,,7131,4,,,0,100,,8302,4,,,0
401,'5475',609,,9669,4,,,0,25,,9673,4,,,0,87,,9671,4,,,0,30,,9675,4,,,0,70,,9672,4,,,0,30,,9676,4,,,0,70,,9697,4,,,0,30,,9670,4,,,0,70,,9679,4,,,0,30,,9680,4,,,0,71,,9678,4,,,0,30,,9677,4,,,0,70,,9686,4,,,0,30,,9698,4,,,0,70,,9685,4,,,0,30,,9674,4,,,0,70,,9695,4,,,0,30,,9684,4,,,0,60,,9699,4,,,0,10,,9694,4,,,0,30,,9691,4,,,0,52,,9700,4,,,0,18,,9682,4,,,0,30,,9681,4,,,0,70,,9690,4,,,0,30,,9683,4,,,0,69,,9692,4,,,0,97,,9693,4,,,0,97,,9688,4,,,0,100,,9687,4,,,0,100,,9689,4,,,0,118,,9696,4,,,0,15,,9701,4,,,0,110,,9702,4,,,0
401,'5518',816,,9706,4,,,0,117,,9703,4,,,0,120,,9704,4,,,0,160,,9705,4,,,0,94,,9709,4,,,0,126,,9707,4,,,0,167,,9708,4,,,0,125,,9710,4,,,0,120,,9711,4,,,0
401,'5520',609,,9712,4,,,0,25,,9716,4,,,0,87,,9714,4,,,0,30,,9718,4,,,0,70,,9715,4,,,0,30,,9719,4,,,0,70,,9740,4,,,0,30,,9713,4,,,0,70,,9722,4,,,0,30,,9723,4,,,0,71,,9721,4,,,0,30,,9720,4,,,0,70,,9729,4,,,0,30,,9741,4,,,0,70,,9728,4,,,0,30,,9717,4,,,0,70,,9738,4,,,0,30,,9727,4,,,0,60,,9742,4,,,0,10,,9737,4,,,0,30,,9734,4,,,0,52,,9743,4,,,0,18,,9725,4,,,0,30,,9724,4,,,0,70,,9733,4,,,0,30,,9726,4,,,0,69,,9735,4,,,0,97,,9736,4,,,0,97,,9731,4,,,0,100,,9730,4,,,0,100,,9732,4,,,0,118,,9739,4,,,0
401,'5526',803,,9744,4,,,0,25,,9745,4,,,0,25,,9747,4,,,0,65,,9746,4,,,0,25,,9748,4,,,0,65,,9750,4,,,0,25,,9751,4,,,0,26,,9752,4,,,0,65,,9749,4,,,0,26,,9754,4,,,0,66,,9756,4,,,0,28,,9753,4,,,0,67,,9755,4,,,0,28,,9757,4,,,0,67,,9759,4,,,0,30,,9762,4,,,0,67,,9763,4,,,0,29,,9761,4,,,0,27,,9764,4,,,0,66,,9765,4,,,0,27,,9760,4,,,0,67,,9758,4,,,0,27,,9766,4,,,0,67,,9768,4,,,0,35,,9767,4,,,0,100,,9769,4,,,0,100,,9770,4,,,0,100,,9771,4,,,0,100,,9772,4,,,0
901,'4532',612,,7750,16,,,0,30,,6173,16,,,0,72,,7743,16,,,0,30,,6156,16,,,0,71,,7724,16,,,0,30,,8579,16,,,0,71,,8577,16,,,0,30,,6135,16,,,0,70,,8578,16,,,0,29,,8580,16,,,0,55,,6166,16,,,0,15,,7729,16,,,0,15,,8588,16,,,0,15,,8582,16,,,0,72,,6143,16,,,0,30,,7732,16,,,0,70,,8581,16,,,0,31,,6145,16,,,0,70,,6146,16,,,0,13,,6171,16,,,0,15,,8583,16,,,0,55,,6168,16,,,0,15,,7735,16,,,0,15,,6170,16,,,0,15,,8584,16,,,0,55,,6165,16,,,0,15,,6153,16,,,0,15,,7748,16,,,0,15,,7734,16,,,0,55,,7749,16,,,0,15,,6147,16,,,0,30,,7736,16,,,0,75,,7738,16,,,0,80,,7745,16,,,0,30,,8585,16,,,0,100,,8586,16,,,0,100,,8587,16,,,0,99,,7739,16,,,0,105,,7744,16,,,0,103,,7746,16,,,0,103,,7751,16,,,0
901,'5475',612,,10589,16,,,0,31,,10590,16,,,0,71,,10591,16,,,0,16,,10592,16,,,0,16,,10593,16,,,0,56,,10594,16,,,0,15,,10595,16,,,0,15,,10596,16,,,0,7,,10597,16,,,0,9,,10598,16,,,0,53,,10599,16,,,0,15,,10600,16,,,0,15,,10601,16,,,0,15,,10602,16,,,0,55,,10603,16,,,0,15,,10604,16,,,0,15,,10605,16,,,0,15,,10606,16,,,0,55,,10607,16,,,0,16,,10608,16,,,0,15,,10609,16,,,0,15,,10610,16,,,0,55,,10611,16,,,0,15,,10612,16,,,0,15,,10613,16,,,0,14,,10614,16,,,0,56,,10615,16,,,0,15,,10616,16,,,0,15,,10617,16,,,0,15,,10618,16,,,0,55,,10619,16,,,0,14,,10620,16,,,0,16,,10621,16,,,0,14,,10622,16,,,0,55,,10623,16,,,0,17,,10624,16,,,0,7,,10625,16,,,0,8,,10626,16,,,0,16,,10627,16,,,0,54,,10628,16,,,0,15,,10629,16,,,0,17,,10630,16,,,0,15,,10631,16,,,0,55,,10632,16,,,0,7,,10633,16,,,0,6,,10634,16,,,0,14,,10635,16,,,0,15,,10636,16,,,0,55,,10637,16,,,0,14,,10638,16,,,0,15,,10639,16,,,0,15,,10640,16,,,0,55,,10641,16,,,0,14,,10642,16,,,0,15,,10643,16,,,0,16,,10644,16,,,0,54,,10645,16,,,0,15,,10646,16,,,0,20,,10647,16,,,0,20,,10648,16,,,0,74,,10649,16,,,0,30,,10650,16,,,0,66,,10651,16,,,0,33,,10652,16,,,0,67,,10653,16,,,0,32,,10654,16,,,0,66,,10655,16,,,0,30,,10656,16,,,0
901,'5518',713,,10657,16,,,0,30,,10660,16,,,0,70,,10658,16,,,0,30,,10659,16,,,0,70,,10664,16,,,0,31,,10661,16,,,0,70,,10663,16,,,0,30,,10662,16,,,0,70,,10667,16,,,0,30,,10665,16,,,0,70,,10666,16,,,0,31,,10671,16,,,0,70,,10669,16,,,0,30,,10672,16,,,0,70,,10668,16,,,0,30,,10670,16,,,0,71,,10684,16,,,0,30,,10674,16,,,0,70,,10675,16,,,0,29,,10673,16,,,0,70,,10676,16,,,0,30,,10677,16,,,0,70,,10689,16,,,0,30,,10681,16,,,0,70,,10678,16,,,0,29,,10680,16,,,0,70,,10679,16,,,0,30,,10682,16,,,0,70,,10688,16,,,0,30,,10683,16,,,0,70,,10685,16,,,0,29,,10686,16,,,0,70,,10687,16,,,0,30,,10690,16,,,0
901,'5520',612,,10691,16,,,0,31,,10692,16,,,0,71,,10693,16,,,0,16,,10694,16,,,0,16,,10695,16,,,0,56,,10696,16,,,0,15,,10697,16,,,0,15,,10698,16,,,0,7,,10699,16,,,0,9,,10700,16,,,0,53,,10701,16,,,0,15,,10702,16,,,0,15,,10703,16,,,0,15,,10704,16,,,0,55,,10705,16,,,0,15,,10706,16,,,0,15,,10707,16,,,0,15,,10708,16,,,0,55,,10709,16,,,0,16,,10710,16,,,0,15,,10711,16,,,0,15,,10712,16,,,0,55,,10713,16,,,0,15,,10714,16,,,0,15,,10715,16,,,0,14,,10716,16,,,0,56,,10717,16,,,0,15,,10718,16,,,0,15,,10719,16,,,0,15,,10720,16,,,0,55,,10721,16,,,0,14,,10722,16,,,0,16,,10723,16,,,0,14,,10724,16,,,0,55,,10725,16,,,0,17,,10726,16,,,0,7,,10727,16,,,0,8,,10728,16,,,0,16,,10729,16,,,0,54,,10730,16,,,0,15,,10731,16,,,0,17,,10732,16,,,0,15,,10733,16,,,0,55,,10734,16,,,0,7,,10735,16,,,0,6,,10736,16,,,0,14,,10737,16,,,0,15,,10738,16,,,0,55,,10739,16,,,0,14,,10740,16,,,0,15,,10741,16,,,0,15,,10742,16,,,0,55,,10743,16,,,0,14,,10744,16,,,0,15,,10745,16,,,0,16,,10746,16,,,0,54,,10747,16,,,0,15,,10748,16,,,0,20,,10749,16,,,0,20,,10750,16,,,0,74,,10751,16,,,0,30,,10752,16,,,0,66,,10753,16,,,0,33,,10754,16,,,0,67,,10755,16,,,0,32,,10756,16,,,0,66,,10757,16,,,0,30,,10758,16,,,0
901,'5526',612,,10797,16,,,0,30,,10798,16,,,0,72,,10785,16,,,0,30,,10781,16,,,0,71,,10759,16,,,0,30,,10763,16,,,0,71,,10761,16,,,0,30,,10760,16,,,0,70,,10762,16,,,0,29,,10764,16,,,0,55,,10791,16,,,0,15,,10765,16,,,0,15,,10789,16,,,0,15,,10767,16,,,0,72,,10768,16,,,0,30,,10769,16,,,0,70,,10766,16,,,0,31,,10770,16,,,0,70,,10771,16,,,0,13,,10796,16,,,0,15,,10773,16,,,0,55,,10793,16,,,0,15,,10775,16,,,0,15,,10795,16,,,0,15,,10777,16,,,0,55,,10790,16,,,0,15,,10778,16,,,0,15,,10792,16,,,0,15,,10774,16,,,0,55,,10794,16,,,0,15,,10772,16,,,0,30,,10776,16,,,0,75,,10779,16,,,0,80,,10787,16,,,0,30,,10782,16,,,0,100,,10783,16,,,0,100,,10784,16,,,0,99,,10780,16,,,0,105,,10786,16,,,0,103,,10788,16,,,0,103,,10799,16,,,0
