101,'4532',625,,8128,6,,,0,30,,6729,6,,,0,70,,8126,6,,,0,25,,6731,6,,,0,60,,6725,6,,,0,15,,8130,6,,,0,16,,6705,6,,,0,15,,6733,6,,,0,55,,5016,6,,,0,30,,8117,6,,,0,70,,5018,6,,,0,30,,8118,6,,,0,70,,5020,6,,,0,30,,6708,6,,,0,70,,5022,6,,,0,30,,6709,6,,,0,70,,5024,6,,,0,30,,6710,6,,,0,70,,8119,6,,,0,30,,6712,6,,,0,70,,6713,6,,,0,30,,8120,6,,,0,15,,8131,6,,,0,55,,6716,6,,,0,15,,8132,6,,,0,15,,8121,6,,,0,15,,8133,6,,,0,55,,6718,6,,,0,15,,8134,6,,,0,15,,8122,6,,,0,15,,8135,6,,,0,55,,6720,6,,,0,30,,6714,6,,,0,85,,6721,6,,,0,100,,8123,6,,,0,105,,8124,6,,,0,105,,8125,6,,,0,105,,8127,6,,,0,100,,8129,6,,,0
101,'5475',605,,8926,6,,,0,31,,8927,6,,,0,70,,8928,6,,,0,15,,8933,6,,,0,15,,8930,6,,,0,15,,8929,6,,,0,55,,8932,6,,,0,15,,8931,6,,,0,15,,8934,6,,,0,15,,8935,6,,,0,55,,8972,6,,,0,20,,8936,6,,,0,21,,8976,6,,,0,60,,8970,6,,,0,30,,8939,6,,,0,70,,8969,6,,,0,30,,8937,6,,,0,70,,8938,6,,,0,30,,8940,6,,,0,70,,8942,6,,,0,30,,8943,6,,,0,70,,8968,6,,,0,20,,8944,6,,,0,20,,8971,6,,,0,60,,8941,6,,,0,15,,8947,6,,,0,15,,8948,6,,,0,15,,8946,6,,,0,55,,8973,6,,,0,15,,8945,6,,,0,15,,8950,6,,,0,15,,8951,6,,,0,55,,8949,6,,,0,15,,8953,6,,,0,15,,8974,6,,,0,15,,8954,6,,,0,55,,8952,6,,,0,20,,8955,6,,,0,19,,8956,6,,,0,65,,8975,6,,,0,30,,8957,6,,,0,70,,8958,6,,,0,30,,8959,6,,,0,70,,8960,6,,,0,30,,8961,6,,,0,70,,8963,6,,,0,30,,8962,6,,,0,70,,8964,6,,,0,30,,8965,6,,,0,70,,8966,6,,,0,30,,8967,6,,,0,98,,8977,6,,,0
101,'5518',705,,8978,6,,,0,30,,8979,6,,,0,70,,8982,6,,,0,30,,8981,6,,,0,70,,8980,6,,,0,30,,8986,6,,,0,70,,8983,6,,,0,30,,8985,6,,,0,71,,8984,6,,,0,30,,8997,6,,,0,70,,8987,6,,,0,30,,8988,6,,,0,70,,8989,6,,,0,30,,8990,6,,,0,70,,8991,6,,,0,30,,8996,6,,,0,70,,8992,6,,,0,30,,8993,6,,,0,70,,8995,6,,,0,30,,9006,6,,,0,70,,8994,6,,,0,30,,9008,6,,,0,75,,8999,6,,,0,25,,8998,6,,,0,70,,9000,6,,,0,30,,9009,6,,,0,70,,9004,6,,,0,30,,9001,6,,,0,70,,9003,6,,,0,30,,9002,6,,,0,70,,9005,6,,,0,30,,9010,6,,,0,78,,9007,6,,,0,22,,9011,6,,,0
101,'5520',605,,9012,6,,,0,31,,9013,6,,,0,70,,9014,6,,,0,15,,9019,6,,,0,15,,9016,6,,,0,15,,9015,6,,,0,55,,9018,6,,,0,15,,9017,6,,,0,15,,9020,6,,,0,15,,9021,6,,,0,55,,9058,6,,,0,20,,9022,6,,,0,21,,9062,6,,,0,60,,9056,6,,,0,30,,9025,6,,,0,70,,9055,6,,,0,30,,9023,6,,,0,70,,9024,6,,,0,30,,9026,6,,,0,70,,9028,6,,,0,30,,9029,6,,,0,70,,9054,6,,,0,20,,9030,6,,,0,20,,9057,6,,,0,60,,9027,6,,,0,15,,9033,6,,,0,15,,9034,6,,,0,15,,9032,6,,,0,55,,9059,6,,,0,15,,9031,6,,,0,15,,9036,6,,,0,15,,9037,6,,,0,55,,9035,6,,,0,15,,9039,6,,,0,15,,9060,6,,,0,15,,9040,6,,,0,55,,9038,6,,,0,20,,9041,6,,,0,19,,9042,6,,,0,65,,9061,6,,,0,30,,9043,6,,,0,70,,9044,6,,,0,30,,9045,6,,,0,70,,9046,6,,,0,30,,9047,6,,,0,70,,9049,6,,,0,30,,9048,6,,,0,70,,9050,6,,,0,30,,9051,6,,,0,70,,9052,6,,,0,30,,9053,6,,,0
101,'5526',625,,9091,6,,,0,30,,9092,6,,,0,70,,9089,6,,,0,25,,9094,6,,,0,60,,9088,6,,,0,15,,9095,6,,,0,16,,9063,6,,,0,15,,9096,6,,,0,55,,9064,6,,,0,30,,9065,6,,,0,70,,9066,6,,,0,30,,9067,6,,,0,70,,9068,6,,,0,30,,9069,6,,,0,70,,9070,6,,,0,30,,9071,6,,,0,70,,9072,6,,,0,30,,9073,6,,,0,70,,9074,6,,,0,30,,9075,6,,,0,70,,9076,6,,,0,30,,9078,6,,,0,15,,9097,6,,,0,55,,9079,6,,,0,15,,9098,6,,,0,15,,9080,6,,,0,15,,9099,6,,,0,55,,9081,6,,,0,15,,9100,6,,,0,15,,9082,6,,,0,15,,9101,6,,,0,55,,9083,6,,,0,30,,9077,6,,,0,85,,9084,6,,,0,100,,9085,6,,,0,105,,9086,6,,,0,105,,9087,6,,,0,105,,9090,6,,,0,100,,9093,6,,,0
201,'4532',840,,5164,6,,,0,100,,6841,6,,,0,100,,6844,6,,,0,100,,8192,6,,,0,100,,8193,6,,,0,100,,8191,6,,,0,100,,8189,6,,,0,70,,6851,6,,,0,30,,8194,6,,,0,70,,6850,6,,,0,30,,8190,6,,,0,70,,8195,6,,,0,30,,8196,6,,,0,90,,6852,6,,,0,80,,6854,6,,,0,91,,6855,6,,,0,54,,6853,6,,,0,100,,6856,6,,,0
201,'5475',735,,9219,6,,,0,15,,9218,6,,,0,55,,9221,6,,,0,30,,9217,6,,,0,70,,9223,6,,,0,30,,9224,6,,,0,70,,9220,6,,,0,30,,9225,6,,,0,70,,9226,6,,,0,31,,9227,6,,,0,70,,9228,6,,,0,30,,9229,6,,,0,70,,9230,6,,,0,29,,9233,6,,,0,70,,9231,6,,,0,31,,9232,6,,,0,70,,9234,6,,,0,41,,9207,6,,,0,70,,9203,6,,,0,30,,9211,6,,,0,69,,9205,6,,,0,30,,9202,6,,,0,75,,9212,6,,,0,80,,9206,6,,,0,30,,9209,6,,,0,75,,9213,6,,,0,25,,9210,6,,,0,70,,9204,6,,,0,30,,9208,6,,,0,225,,9235,6,,,0,100,,9236,6,,,0
201,'5518',825,,9237,6,,,0,110,,9238,6,,,0,100,,9239,6,,,0,100,,9241,6,,,0,105,,9240,6,,,0,95,,9243,6,,,0,100,,9242,6,,,0,100,,9246,6,,,0,105,,9248,6,,,0,100,,9247,6,,,0,166,,9244,6,,,0,100,,9245,6,,,0
201,'5520',735,,9266,6,,,0,15,,9265,6,,,0,55,,9268,6,,,0,30,,9264,6,,,0,70,,9270,6,,,0,30,,9271,6,,,0,70,,9267,6,,,0,30,,9272,6,,,0,70,,9273,6,,,0,31,,9274,6,,,0,70,,9275,6,,,0,30,,9276,6,,,0,70,,9277,6,,,0,29,,9280,6,,,0,70,,9278,6,,,0,31,,9279,6,,,0,70,,9281,6,,,0,41,,9254,6,,,0,70,,9250,6,,,0,30,,9258,6,,,0,69,,9252,6,,,0,30,,9249,6,,,0,75,,9259,6,,,0,80,,9253,6,,,0,30,,9256,6,,,0,75,,9260,6,,,0,25,,9257,6,,,0,70,,9251,6,,,0,30,,9255,6,,,0
201,'5526',840,,9282,6,,,0,100,,9284,6,,,0,100,,9287,6,,,0,100,,9288,6,,,0,100,,9289,6,,,0,100,,9286,6,,,0,100,,9283,6,,,0,70,,9294,6,,,0,30,,9290,6,,,0,70,,9293,6,,,0,30,,9285,6,,,0,70,,9291,6,,,0,30,,9292,6,,,0,90,,9295,6,,,0,80,,9297,6,,,0,91,,9298,6,,,0,54,,9296,6,,,0,100,,9299,6,,,0
