1700,'4532',751,,7915,17,,,0,103,,8714,17,,,0,90,,7917,17,,,0,171,,7918,17,,,0
1700,'5475',642,,11214,17,,,0,65,,11222,17,,,0,99,,11221,17,,,0,50,,11226,17,,,0,99,,11213,17,,,0,100,,11217,17,,,0,100,,11212,17,,,0,768,,11227,17,,,0
1700,'5518',858,,11232,17,,,0,100,,11233,17,,,0,198,,11235,16,,,0
1700,'5520',642,,11244,17,,,0,65,,11252,17,,,0,99,,11251,17,,,0,50,,11256,17,,,0,99,,11243,17,,,0,100,,11247,17,,,0,100,,11242,17,,,0,768,,11257,17,,,0
1700,'5526',751,,11260,17,,,0,103,,11261,17,,,0,90,,11262,17,,,0,171,,11263,17,,,0
1701,'4532',1224,,7960,29,0,15 1 16,0,100,,7961,29,0,15 1 16,0,130,,7958,29,0,15 1 16,0,170,,7962,29,0,15 1 16,0,105,,8731,29,0,15 1 16,0,99,,8733,29,0,13 14,0,105,,8734,29,0,13 14,0,105,,8735,29,0,13 14,0,110,,8732,29,0,13 14,0,159,,7968,29,0,13 14,0
1701,'5475',1225,,11276,29,0,15 1 16,0,102,,11279,29,0,15 1 16,0,110,,11281,29,0,15 1 16,0,93,,11284,29,0,15 1 16,0,109,,11289,29,0,15 1 16,0,98,,11285,29,0,15 1 16,0,104,,11288,29,0,15 1 16,0,159,,11286,29,0,13 14,0,58,,11280,29,0,13 14,0,155,,11277,29,0,13 14,0,114,,11290,29,0,13 14,0,79,,11291,29,0,13 14,0,108,,11292,29,0,13 14,0
1701,'5518',1554,,11297,29,0,13 14,0,200,,11299,29,0,15 1 16,0,100,,11301,29,0,13 14,0,170,,11302,29,0,13 14,0
1701,'5520',1225,,11305,29,0,15 1 16,0,102,,11308,29,0,15 1 16,0,110,,11310,29,0,15 1 16,0,93,,11313,29,0,15 1 16,0,109,,11318,29,0,15 1 16,0,98,,11314,29,0,15 1 16,0,104,,11317,29,0,15 1 16,0,159,,11315,29,0,13 14,0,58,,11309,29,0,13 14,0,155,,11306,29,0,13 14,0,114,,11319,29,0,13 14,0
1701,'5526',1224,,11325,29,0,15 1 16,0,100,,11326,29,0,15 1 16,0,130,,11323,29,0,15 1 16,0,170,,11327,29,0,15 1 16,0,105,,11328,29,0,15 1 16,0,99,,11330,29,0,13 14,0,105,,11331,29,0,13 14,0,105,,11332,29,0,13 14,0,110,,11329,29,0,13 14,0,159,,11333,29,0,13 14,0
