400,'4532',818,,7037,1,,,0,25,,7038,1,,,0,65,,7036,1,,,0,25,,7039,1,,,0,67,,7040,1,,,0,25,,7041,1,,,0,25,,7042,1,,,0,66,,7043,1,,,0,25,,7044,1,,,0,67,,7045,1,,,0,27,,7046,1,,,0,68,,8285,1,,,0,27,,7048,1,,,0,28,,8286,1,,,0,67,,7052,1,,,0,29,,8288,1,,,0,67,,7050,1,,,0,29,,8289,1,,,0,67,,7051,1,,,0,26,,8287,1,,,0,67,,7055,1,,,0,27,,8290,1,,,0,67,,7058,1,,,0,26,,8291,1,,,0,74,,7061,1,,,0,100,,7060,1,,,0,100,,7062,1,,,0,99,,7063,1,,,0,99,,8292,1,,,0
400,'5475',623,,9565,1,,,0,26,,9570,1,,,0,87,,9567,1,,,0,73,,9572,1,,,0,30,,9569,1,,,0,69,,9575,1,,,0,30,,9568,1,,,0,70,,9566,1,,,0,31,,9576,1,,,0,70,,9581,1,,,0,32,,9578,1,,,0,70,,9571,1,,,0,30,,9583,1,,,0,70,,9592,1,,,0,30,,9582,1,,,0,70,,9594,1,,,0,30,,9573,1,,,0,70,,9593,1,,,0,22,,9595,1,,,0,10,,9590,1,,,0,70,,9579,1,,,0,12,,9596,1,,,0,18,,9580,1,,,0,70,,9577,1,,,0,28,,9587,1,,,0,69,,9574,1,,,0,28,,9588,1,,,0,97,,9589,1,,,0,96,,9585,1,,,0,98,,9584,1,,,0,100,,9586,1,,,0,117,,9591,1,,,0
400,'5518',831,,9601,1,,,0,119,,9602,1,,,0,160,,9599,1,,,0,120,,9600,1,,,0,95,,9606,1,,,0,126,,9604,1,,,0,167,,9605,1,,,0,124,,9603,1,,,0,160,,9607,1,,,0
400,'5520',623,,9608,1,,,0,26,,9613,1,,,0,87,,9610,1,,,0,73,,9615,1,,,0,30,,9612,1,,,0,69,,9618,1,,,0,30,,9611,1,,,0,70,,9609,1,,,0,31,,9619,1,,,0,70,,9624,1,,,0,32,,9621,1,,,0,70,,9614,1,,,0,30,,9626,1,,,0,70,,9635,1,,,0,30,,9625,1,,,0,70,,9637,1,,,0,30,,9616,1,,,0,70,,9636,1,,,0,22,,9638,1,,,0,10,,9633,1,,,0,70,,9622,1,,,0,12,,9639,1,,,0,18,,9623,1,,,0,70,,9620,1,,,0,28,,9630,1,,,0,69,,9617,1,,,0,28,,9631,1,,,0,97,,9632,1,,,0,96,,9628,1,,,0,98,,9627,1,,,0,100,,9629,1,,,0,117,,9634,1,,,0
400,'5526',818,,9641,1,,,0,25,,9642,1,,,0,65,,9640,1,,,0,25,,9643,1,,,0,67,,9644,1,,,0,25,,9645,1,,,0,25,,9646,1,,,0,66,,9647,1,,,0,25,,9648,1,,,0,67,,9649,1,,,0,27,,9650,1,,,0,68,,9651,1,,,0,27,,9652,1,,,0,28,,9653,1,,,0,67,,9656,1,,,0,29,,9658,1,,,0,67,,9654,1,,,0,29,,9660,1,,,0,67,,9655,1,,,0,26,,9657,1,,,0,67,,9659,1,,,0,27,,9661,1,,,0,67,,9662,1,,,0,26,,9663,1,,,0,74,,9665,1,,,0,100,,9664,1,,,0,100,,9666,1,,,0,99,,9667,1,,,0,99,,9668,1,,,0
7001,'5475',1529,,11458,19,,,0
7001,'5520',1529,,11459,19,,,0
7100,'5475',732,,11460,6,,,0
7100,'5520',732,,11461,6,,,0
7200,'5475',739,,11462,6,,,0
7200,'5520',739,,11463,6,,,0
7401,'5475',1538,,11468,16,,,0
7401,'5522',1538,,11469,16,,,0
7401,'5525',1438,,11470,16,,,0
7900,'5475',749,,11481,14,0,6,0
7900,'5520',749,,11482,14,0,6,0
7901,'5475',1513,,11483,14,0,6,0
7901,'5522',1513,,11484,14,0,6,0
7901,'5525',1513,,11485,14,0,6,0
