700,'4532',653,,8357,20,,,0,70,,7391,20,,,0,31,,8348,20,,,0,70,,8333,20,,,0,31,,7355,20,,,0,71,,8335,20,,,0,29,,8334,20,,,0,71,,7363,20,,,0,31,,8340,20,,,0,54,,7383,20,,,0,16,,8341,20,,,0,15,,7384,20,,,0,63,,8343,20,,,0,33,,8339,20,,,0,68,,7372,20,,,0,30,,8338,20,,,0,72,,8344,20,,,0,28,,7367,20,,,0,70,,8351,20,,,0,13,,8345,20,,,0,14,,8352,20,,,0,16,,8346,20,,,0,54,,7389,20,,,0,15,,7364,20,,,0,16,,8354,20,,,0,14,,7376,20,,,0,55,,8353,20,,,0,24,,8342,20,,,0,29,,7377,20,,,0,70,,7358,20,,,0,76,,8336,20,,,0,32,,7360,20,,,0,76,,8349,20,,,0,34,,7380,20,,,0,105,,7361,20,,,0,96,,8337,20,,,0,100,,8347,20,,,0,97,,8350,20,,,0,66,,8355,20,,,0,29,,8356,20,,,0
700,'5475',625,,10018,20,,,0,18,,10019,20,,,0,57,,10020,20,,,0,14,,10021,20,,,0,16,,10022,20,,,0,7,,10023,20,,,0,10,,10024,20,,,0,57,,10025,20,,,0,21,,10026,20,,,0,11,,10027,20,,,0,18,,10028,20,,,0,51,,10029,20,,,0,15,,10030,20,,,0,13,,10031,20,,,0,17,,10032,20,,,0,54,,10048,20,,,0,17,,10033,20,,,0,13,,10073,20,,,0,17,,10034,20,,,0,70,,10035,20,,,0,33,,10036,20,,,0,68,,10037,20,,,0,32,,10038,20,,,0,68,,10039,20,,,0,32,,10040,20,,,0,70,,10041,20,,,0,34,,10042,20,,,0,51,,10043,20,,,0,15,,10044,20,,,0,17,,10045,20,,,0,14,,10046,20,,,0,56,,10047,20,,,0,13,,10049,20,,,0,17,,10052,20,,,0,11,,10064,20,,,0,59,,10053,20,,,0,11,,10050,20,,,0,18,,10054,20,,,0,11,,10065,20,,,0,58,,10055,20,,,0,10,,10051,20,,,0,16,,10056,20,,,0,13,,10067,20,,,0,72,,10057,20,,,0,27,,10066,20,,,0,73,,10058,20,,,0,26,,10069,20,,,0,72,,10059,20,,,0,28,,10068,20,,,0,70,,10060,20,,,0,28,,10070,20,,,0,70,,10061,20,,,0,27,,10071,20,,,0,73,,10062,20,,,0,31,,10072,20,,,0,70,,10063,20,,,0,96,,10074,20,,,0
700,'5518',738,,10075,20,,,0,67,,10076,20,,,0,100,,10077,20,,,0,97,,10078,20,,,0,33,,10080,20,,,0,70,,10079,20,,,0,27,,10082,20,,,0,73,,10088,20,,,0,28,,10083,20,,,0,69,,10081,20,,,0,32,,10084,20,,,0,68,,10095,20,,,0,32,,10086,20,,,0,70,,10090,20,,,0,31,,10085,20,,,0,69,,10087,20,,,0,31,,10089,20,,,0,67,,10093,20,,,0,32,,10091,20,,,0,67,,10096,20,,,0,31,,10092,20,,,0,68,,10098,20,,,0,101,,10094,20,,,0,99,,10100,20,,,0,103,,10097,20,,,0,55,,10099,20,,,0,100,,10101,20,,,0
700,'5520',625,,10102,20,,,0,18,,10103,20,,,0,57,,10104,20,,,0,14,,10105,20,,,0,16,,10106,20,,,0,7,,10107,20,,,0,10,,10108,20,,,0,57,,10109,20,,,0,21,,10110,20,,,0,11,,10111,20,,,0,18,,10112,20,,,0,51,,10113,20,,,0,15,,10114,20,,,0,13,,10115,20,,,0,17,,10116,20,,,0,54,,10132,20,,,0,17,,10117,20,,,0,13,,10157,20,,,0,17,,10118,20,,,0,70,,10119,20,,,0,33,,10120,20,,,0,68,,10121,20,,,0,32,,10122,20,,,0,68,,10123,20,,,0,32,,10124,20,,,0,70,,10125,20,,,0,34,,10126,20,,,0,51,,10127,20,,,0,15,,10128,20,,,0,17,,10129,20,,,0,14,,10130,20,,,0,56,,10131,20,,,0,13,,10133,20,,,0,17,,10136,20,,,0,11,,10148,20,,,0,59,,10137,20,,,0,11,,10134,20,,,0,18,,10138,20,,,0,11,,10149,20,,,0,58,,10139,20,,,0,10,,10135,20,,,0,16,,10140,20,,,0,13,,10151,20,,,0,72,,10141,20,,,0,27,,10150,20,,,0,73,,10142,20,,,0,26,,10153,20,,,0,72,,10143,20,,,0,28,,10152,20,,,0,70,,10144,20,,,0,28,,10154,20,,,0,70,,10145,20,,,0,27,,10155,20,,,0,73,,10146,20,,,0,31,,10156,20,,,0,70,,10147,20,,,0
700,'5526',653,,10197,20,,,0,70,,10195,20,,,0,31,,10183,20,,,0,70,,10158,20,,,0,31,,10159,20,,,0,71,,10161,20,,,0,29,,10160,20,,,0,71,,10167,20,,,0,31,,10172,20,,,0,54,,10187,20,,,0,16,,10173,20,,,0,15,,10188,20,,,0,63,,10175,20,,,0,33,,10170,20,,,0,68,,10176,20,,,0,30,,10169,20,,,0,72,,10177,20,,,0,28,,10171,20,,,0,70,,10189,20,,,0,13,,10178,20,,,0,14,,10190,20,,,0,16,,10179,20,,,0,54,,10193,20,,,0,15,,10168,20,,,0,16,,10192,20,,,0,14,,10180,20,,,0,55,,10191,20,,,0,24,,10174,20,,,0,29,,10181,20,,,0,70,,10162,20,,,0,76,,10163,20,,,0,32,,10164,20,,,0,76,,10185,20,,,0,34,,10184,20,,,0,105,,10165,20,,,0,96,,10166,20,,,0,100,,10182,20,,,0,97,,10186,20,,,0,66,,10194,20,,,0,29,,10196,20,,,0
900,'4532',637,,7630,27,,,0,70,,6034,27,,,0,33,,7624,27,,,0,70,,5995,27,,,0,31,,7604,27,,,0,70,,8506,27,,,0,32,,8505,27,,,0,72,,5999,27,,,0,29,,8509,27,,,0,69,,8507,27,,,0,15,,6026,27,,,0,15,,7609,27,,,0,15,,8516,27,,,0,55,,8508,27,,,0,32,,6004,27,,,0,71,,7611,27,,,0,30,,8510,27,,,0,72,,6006,27,,,0,30,,6007,27,,,0,52,,6024,27,,,0,15,,8512,27,,,0,15,,6028,27,,,0,15,,7614,27,,,0,55,,6025,27,,,0,15,,8511,27,,,0,15,,6027,27,,,0,15,,6012,27,,,0,55,,7628,27,,,0,15,,7616,27,,,0,15,,7626,27,,,0,15,,6014,27,,,0,70,,7615,27,,,0,35,,7618,27,,,0,79,,7622,27,,,0,30,,8514,27,,,0,100,,8515,27,,,0,100,,8513,27,,,0,99,,7621,27,,,0,101,,7623,27,,,0,142,,7625,27,,,0,103,,7629,27,,,0
900,'5475',639,,10379,27,,,0,72,,10380,27,,,0,33,,10381,27,,,0,56,,10382,27,,,0,16,,10383,27,,,0,17,,10384,27,,,0,14,,10385,27,,,0,53,,10386,27,,,0,7,,10387,27,,,0,9,,10388,27,,,0,13,,10389,27,,,0,15,,10390,27,,,0,15,,10391,27,,,0,55,,10392,27,,,0,15,,10393,27,,,0,15,,10394,27,,,0,15,,10395,27,,,0,55,,10396,27,,,0,16,,10397,27,,,0,16,,10398,27,,,0,55,,10399,27,,,0,15,,10400,27,,,0,15,,10401,27,,,0,16,,10402,27,,,0,54,,10403,27,,,0,15,,10404,27,,,0,16,,10405,27,,,0,15,,10406,27,,,0,55,,10407,27,,,0,15,,10408,27,,,0,15,,10409,27,,,0,14,,10410,27,,,0,59,,10411,27,,,0,14,,10412,27,,,0,15,,10413,27,,,0,17,,10414,27,,,0,7,,10415,27,,,0,48,,10416,27,,,0,16,,10417,27,,,0,14,,10418,27,,,0,15,,10419,27,,,0,57,,10420,27,,,0,15,,10421,27,,,0,13,,10422,27,,,0,7,,10423,27,,,0,6,,10424,27,,,0,53,,10425,27,,,0,15,,10426,27,,,0,13,,10427,27,,,0,12,,10428,27,,,0,15,,10429,27,,,0,55,,10430,27,,,0,15,,10431,27,,,0,14,,10432,27,,,0,15,,10433,27,,,0,56,,10434,27,,,0,14,,10435,27,,,0,15,,10436,27,,,0,60,,10437,27,,,0,20,,10438,27,,,0,34,,10439,27,,,0,70,,10440,27,,,0,24,,10441,27,,,0,73,,10442,27,,,0,25,,10443,27,,,0,71,,10444,27,,,0,26,,10445,27,,,0,70,,10378,27,,,0
900,'5518',737,,10446,27,,,0,70,,10448,27,,,0,31,,10447,27,,,0,70,,10449,27,,,0,30,,10451,27,,,0,71,,10450,27,,,0,31,,10452,27,,,0,70,,10454,27,,,0,30,,10455,27,,,0,71,,10453,27,,,0,30,,10456,27,,,0,71,,10457,27,,,0,30,,10460,27,,,0,71,,10459,27,,,0,30,,10461,27,,,0,70,,10458,27,,,0,31,,10472,27,,,0,70,,10462,27,,,0,30,,10464,27,,,0,69,,10463,27,,,0,30,,10465,27,,,0,70,,10466,27,,,0,30,,10477,27,,,0,70,,10471,27,,,0,29,,10467,27,,,0,68,,10468,27,,,0,30,,10469,27,,,0,70,,10470,27,,,0,29,,10476,27,,,0,70,,10473,27,,,0,29,,10474,27,,,0,68,,10475,27,,,0,30,,10478,27,,,0,70,,10479,27,,,0
900,'5520',639,,10481,27,,,0,72,,10482,27,,,0,33,,10483,27,,,0,56,,10484,27,,,0,16,,10485,27,,,0,17,,10486,27,,,0,14,,10487,27,,,0,53,,10488,27,,,0,7,,10489,27,,,0,9,,10490,27,,,0,13,,10491,27,,,0,15,,10492,27,,,0,15,,10493,27,,,0,55,,10494,27,,,0,15,,10495,27,,,0,15,,10496,27,,,0,15,,10497,27,,,0,55,,10498,27,,,0,16,,10499,27,,,0,16,,10500,27,,,0,55,,10501,27,,,0,15,,10502,27,,,0,15,,10503,27,,,0,16,,10504,27,,,0,54,,10505,27,,,0,15,,10506,27,,,0,16,,10507,27,,,0,15,,10508,27,,,0,55,,10509,27,,,0,15,,10510,27,,,0,15,,10511,27,,,0,14,,10512,27,,,0,59,,10513,27,,,0,14,,10514,27,,,0,15,,10515,27,,,0,17,,10516,27,,,0,7,,10517,27,,,0,48,,10518,27,,,0,16,,10519,27,,,0,14,,10520,27,,,0,15,,10521,27,,,0,57,,10522,27,,,0,15,,10523,27,,,0,13,,10524,27,,,0,7,,10525,27,,,0,6,,10526,27,,,0,53,,10527,27,,,0,15,,10528,27,,,0,13,,10529,27,,,0,12,,10530,27,,,0,15,,10531,27,,,0,55,,10532,27,,,0,15,,10533,27,,,0,14,,10534,27,,,0,15,,10535,27,,,0,56,,10536,27,,,0,14,,10537,27,,,0,15,,10538,27,,,0,60,,10539,27,,,0,20,,10540,27,,,0,34,,10541,27,,,0,70,,10542,27,,,0,24,,10543,27,,,0,73,,10544,27,,,0,25,,10545,27,,,0,71,,10546,27,,,0,26,,10547,27,,,0,70,,10480,27,,,0
900,'5526',637,,10587,27,,,0,70,,10588,27,,,0,33,,10576,27,,,0,70,,10549,27,,,0,31,,10550,27,,,0,70,,10551,27,,,0,32,,10548,27,,,0,72,,10553,27,,,0,29,,10555,27,,,0,69,,10552,27,,,0,15,,10580,27,,,0,15,,10556,27,,,0,15,,10584,27,,,0,55,,10554,27,,,0,32,,10558,27,,,0,71,,10559,27,,,0,30,,10557,27,,,0,72,,10560,27,,,0,30,,10561,27,,,0,52,,10578,27,,,0,15,,10563,27,,,0,15,,10582,27,,,0,15,,10564,27,,,0,55,,10579,27,,,0,15,,10562,27,,,0,15,,10581,27,,,0,15,,10566,27,,,0,55,,10585,27,,,0,15,,10567,27,,,0,15,,10583,27,,,0,15,,10568,27,,,0,70,,10565,27,,,0,35,,10570,27,,,0,79,,10574,27,,,0,30,,10571,27,,,0,100,,10572,27,,,0,100,,10569,27,,,0,99,,10573,27,,,0,101,,10575,27,,,0,142,,10577,27,,,0,103,,10586,27,,,0
1001,'5475',652,,10868,7,,,0,79,,10876,7,,,0,18,,10869,7,,,0,58,,10875,7,,,0,19,,10871,7,,,0,18,,10888,7,,,0,9,,10891,7,,,0,50,,10870,7,,,0,16,,10886,7,,,0,15,,10862,7,,,0,20,,10889,7,,,0,80,,10887,7,,,0,80,,10890,7,,,0,40,,10885,7,,,0,80,,10883,7,,,0,80,,10884,7,,,0,40,,10881,7,,,0,79,,10882,7,,,0,20,,10866,7,,,0,60,,10880,7,,,0,20,,10865,7,,,0,20,,10879,7,,,0,60,,10864,7,,,0,20,,10878,7,,,0,20,,10867,7,,,0,60,,10873,7,,,0,20,,10863,7,,,0,20,,10872,7,,,0,80,,10874,7,,,0,80,,10877,7,,,0,219,,10892,7,,,0
1001,'5520',652,,10899,7,,,0,79,,10907,7,,,0,18,,10900,7,,,0,58,,10906,7,,,0,19,,10902,7,,,0,18,,10919,7,,,0,9,,10922,7,,,0,50,,10901,7,,,0,16,,10917,7,,,0,15,,10893,7,,,0,20,,10920,7,,,0,80,,10918,7,,,0,80,,10921,7,,,0,40,,10916,7,,,0,80,,10914,7,,,0,80,,10915,7,,,0,40,,10912,7,,,0,79,,10913,7,,,0,20,,10897,7,,,0,60,,10911,7,,,0,20,,10896,7,,,0,20,,10910,7,,,0,60,,10895,7,,,0,20,,10909,7,,,0,20,,10898,7,,,0,60,,10904,7,,,0,20,,10894,7,,,0,20,,10903,7,,,0,80,,10905,7,,,0,80,,10908,7,,,0,219,,10923,7,,,0
