1700,'4532',759,,7915,32,,,0,143,,8714,32,,,0,50,,7917,32,,,0,172,,7918,32,,,0
1700,'5475',651,,11214,32,,,0,66,,11222,32,,,0,101,,11221,32,,,0,88,,11226,32,,,0,99,,11213,32,,,0,100,,11217,32,,,0,100,,11212,32,,,0,726,,11227,32,,,0
1700,'5518',908,,11232,32,,,0,100,,11233,32,,,0,198,,11235,31,,,0
1700,'5520',651,,11244,32,,,0,66,,11252,32,,,0,101,,11251,32,,,0,88,,11256,32,,,0,99,,11243,32,,,0,100,,11247,32,,,0,100,,11242,32,,,0,726,,11257,32,,,0
1700,'5526',759,,11260,32,,,0,143,,11261,32,,,0,50,,11262,32,,,0,172,,11263,32,,,0
1701,'4532',1232,,7960,44,0,15 1 16,0,100,,7961,44,0,15 1 16,0,170,,7958,44,0,15 1 16,0,131,,7962,44,0,15 1 16,0,105,,8731,44,0,15 1 16,0,98,,8733,44,0,13 14,0,105,,8734,44,0,13 14,0,105,,8735,44,0,13 14,0,110,,8732,44,0,13 14,0,159,,7968,44,0,13 14,0
1701,'5475',1233,,11276,44,0,15 1 16,0,102,,11279,44,0,15 1 16,0,112,,11281,44,0,15 1 16,0,92,,11284,44,0,15 1 16,0,108,,11289,44,0,15 1 16,0,98,,11285,44,0,15 1 16,0,104,,11288,44,0,15 1 16,0,159,,11286,44,0,13 14,0,98,,11280,44,0,13 14,0,115,,11277,44,0,13 14,0,114,,11290,44,0,13 14,0,80,,11291,44,0,13 14,0,108,,11292,44,0,13 14,0
1701,'5518',1602,,11297,44,0,13 14,0,200,,11299,44,0,15 1 16,0,100,,11301,44,0,13 14,0,130,,11302,44,0,13 14,0
1701,'5520',1233,,11305,44,0,15 1 16,0,102,,11308,44,0,15 1 16,0,112,,11310,44,0,15 1 16,0,92,,11313,44,0,15 1 16,0,108,,11318,44,0,15 1 16,0,98,,11314,44,0,15 1 16,0,104,,11317,44,0,15 1 16,0,159,,11315,44,0,13 14,0,98,,11309,44,0,13 14,0,115,,11306,44,0,13 14,0,114,,11319,44,0,13 14,0
1701,'5526',1232,,11325,44,0,15 1 16,0,100,,11326,44,0,15 1 16,0,170,,11323,44,0,15 1 16,0,131,,11327,44,0,15 1 16,0,105,,11328,44,0,15 1 16,0,98,,11330,44,0,13 14,0,105,,11331,44,0,13 14,0,105,,11332,44,0,13 14,0,110,,11329,44,0,13 14,0,159,,11333,44,0,13 14,0
