300,'4532',719,,8214,15,,,0,30,,8213,15,,,0,76,,5240,15,,,0,76,,6907,15,,,0,30,,6908,15,,,0,71,,6906,15,,,0,30,,6905,15,,,0,70,,8215,15,,,0,30,,6910,15,,,0,70,,6912,15,,,0,31,,8216,15,,,0,70,,8219,15,,,0,30,,5252,15,,,0,70,,8218,15,,,0,30,,6917,15,,,0,71,,5255,15,,,0,30,,6916,15,,,0,70,,5257,15,,,0,30,,8217,15,,,0,70,,5258,15,,,0,30,,6918,15,,,0,70,,6920,15,,,0,35,,8221,15,,,0,64,,8222,15,,,0,45,,8223,15,,,0,105,,8225,15,,,0,105,,8226,15,,,0,143,,8220,15,,,0,58,,8224,15,,,0
300,'5475',629,,9331,15,,,0,22,,9318,15,,,0,60,,9311,15,,,0,9,,9312,15,,,0,15,,9306,15,,,0,19,,9334,15,,,0,58,,9320,15,,,0,16,,9323,15,,,0,19,,9324,15,,,0,59,,9316,15,,,0,30,,9317,15,,,0,70,,9319,15,,,0,31,,9341,15,,,0,70,,9326,15,,,0,30,,9314,15,,,0,71,,9328,15,,,0,30,,9340,15,,,0,70,,9302,15,,,0,31,,9325,15,,,0,70,,9303,15,,,0,33,,9335,15,,,0,15,,9313,15,,,0,55,,9321,15,,,0,10,,9342,15,,,0,5,,9344,15,,,0,15,,9305,15,,,0,12,,9304,15,,,0,55,,9332,15,,,0,15,,9308,15,,,0,15,,9310,15,,,0,15,,9339,15,,,0,54,,9322,15,,,0,14,,9301,15,,,0,14,,9307,15,,,0,15,,9330,15,,,0,55,,9309,15,,,0,29,,9338,15,,,0,69,,9329,15,,,0,30,,9343,15,,,0,70,,9327,15,,,0,99,,9337,15,,,0,99,,9333,15,,,0,100,,9336,15,,,0,56,,9300,15,0,17 18 19,0,100,,9345,15,,,0
300,'5518',804,,9346,15,,,0,53,,9348,15,,,0,100,,9347,15,,,0,101,,9353,15,,,0,143,,9349,15,,,0,100,,9355,15,,,0,100,,9350,15,,,0,100,,9351,15,,,0,100,,9356,15,,,0,100,,9352,15,,,0,58,,9358,15,,,0,98,,9354,15,,,0,146,,9357,15,,,0,99,,9359,15,,,0,100,,9360,15,0,17 18 19,0
300,'5520',629,,9392,15,,,0,22,,9379,15,,,0,60,,9372,15,,,0,9,,9373,15,,,0,15,,9367,15,,,0,19,,9395,15,,,0,58,,9381,15,,,0,16,,9384,15,,,0,19,,9385,15,,,0,59,,9377,15,,,0,30,,9378,15,,,0,70,,9380,15,,,0,31,,9402,15,,,0,70,,9387,15,,,0,30,,9375,15,,,0,71,,9389,15,,,0,30,,9401,15,,,0,70,,9363,15,,,0,31,,9386,15,,,0,70,,9364,15,,,0,33,,9396,15,,,0,15,,9374,15,,,0,55,,9382,15,,,0,10,,9403,15,,,0,5,,9405,15,,,0,15,,9366,15,,,0,12,,9365,15,,,0,55,,9393,15,,,0,15,,9369,15,,,0,15,,9371,15,,,0,15,,9400,15,,,0,54,,9383,15,,,0,14,,9362,15,,,0,14,,9368,15,,,0,15,,9391,15,,,0,55,,9370,15,,,0,29,,9399,15,,,0,69,,9390,15,,,0,30,,9404,15,,,0,70,,9388,15,,,0,99,,9398,15,,,0,99,,9394,15,,,0,100,,9397,15,,,0,56,,9361,15,0,17 18 19,0
300,'5526',719,,9407,15,,,0,30,,9406,15,,,0,76,,9408,15,,,0,76,,9411,15,,,0,30,,9412,15,,,0,71,,9410,15,,,0,30,,9409,15,,,0,70,,9413,15,,,0,30,,9414,15,,,0,70,,9416,15,,,0,31,,9415,15,,,0,70,,9419,15,,,0,30,,9420,15,,,0,70,,9418,15,,,0,30,,9422,15,,,0,71,,9423,15,,,0,30,,9421,15,,,0,70,,9425,15,,,0,30,,9417,15,,,0,70,,9426,15,,,0,30,,9424,15,,,0,70,,9428,15,,,0,35,,9429,15,,,0,64,,9430,15,,,0,45,,9431,15,,,0,105,,9433,15,,,0,105,,9434,15,,,0,143,,9427,15,,,0,58,,9432,15,,,0
1400,'5475',821,,11000,48,0,7 8 2 9 2 10,0
1400,'5520',821,,11025,48,0,7 8 2 9 2 10,0
8100,'5475',816,,11489,58,,,0
8100,'5520',816,,11490,58,,,0
8101,'5475',1525,,11491,20,,,0
8101,'5522',1525,,11492,20,,,0
8101,'5525',1419,,11493,20,,,0
