700,'4532',657,,8357,24,,,0,70,,7391,24,,,0,31,,8348,24,,,0,70,,8333,24,,,0,31,,7355,24,,,0,71,,8335,24,,,0,29,,8334,24,,,0,71,,7363,24,,,0,71,,8340,24,,,0,14,,7383,24,,,0,16,,8341,24,,,0,15,,7384,24,,,0,63,,8343,24,,,0,33,,8339,24,,,0,68,,7372,24,,,0,30,,8338,24,,,0,72,,8344,24,,,0,28,,7367,24,,,0,70,,8351,24,,,0,13,,8345,24,,,0,14,,8352,24,,,0,16,,8346,24,,,0,54,,7389,24,,,0,15,,7364,24,,,0,16,,8354,24,,,0,14,,7376,24,,,0,55,,8353,24,,,0,24,,8342,24,,,0,69,,7377,24,,,0,30,,7358,24,,,0,76,,8336,24,,,0,32,,7360,24,,,0,76,,8349,24,,,0,34,,7380,24,,,0,105,,7361,24,,,0,96,,8337,24,,,0,100,,8347,24,,,0,96,,8350,24,,,0,67,,8355,24,,,0,28,,8356,24,,,0
700,'5475',629,,10018,24,,,0,18,,10019,24,,,0,57,,10020,24,,,0,14,,10021,24,,,0,16,,10022,24,,,0,7,,10023,24,,,0,10,,10024,24,,,0,58,,10025,24,,,0,20,,10026,24,,,0,11,,10027,24,,,0,18,,10028,24,,,0,51,,10029,24,,,0,15,,10030,24,,,0,13,,10031,24,,,0,17,,10032,24,,,0,54,,10048,24,,,0,17,,10033,24,,,0,13,,10073,24,,,0,17,,10034,24,,,0,70,,10035,24,,,0,33,,10036,24,,,0,68,,10037,24,,,0,32,,10038,24,,,0,68,,10039,24,,,0,32,,10040,24,,,0,71,,10041,24,,,0,73,,10042,24,,,0,11,,10043,24,,,0,15,,10044,24,,,0,17,,10045,24,,,0,14,,10046,24,,,0,56,,10047,24,,,0,13,,10049,24,,,0,17,,10052,24,,,0,12,,10064,24,,,0,58,,10053,24,,,0,12,,10050,24,,,0,17,,10054,24,,,0,11,,10065,24,,,0,58,,10055,24,,,0,10,,10051,24,,,0,16,,10056,24,,,0,13,,10067,24,,,0,72,,10057,24,,,0,27,,10066,24,,,0,73,,10058,24,,,0,26,,10069,24,,,0,72,,10059,24,,,0,28,,10068,24,,,0,70,,10060,24,,,0,28,,10070,24,,,0,70,,10061,24,,,0,26,,10071,24,,,0,73,,10062,24,,,0,31,,10072,24,,,0,70,,10063,24,,,0,96,,10074,24,,,0
700,'5518',742,,10075,24,,,0,67,,10076,24,,,0,100,,10077,24,,,0,97,,10078,24,,,0,33,,10080,24,,,0,70,,10079,24,,,0,27,,10082,24,,,0,73,,10088,24,,,0,28,,10083,24,,,0,69,,10081,24,,,0,32,,10084,24,,,0,68,,10095,24,,,0,32,,10086,24,,,0,70,,10090,24,,,0,31,,10085,24,,,0,69,,10087,24,,,0,31,,10089,24,,,0,67,,10093,24,,,0,32,,10091,24,,,0,67,,10096,24,,,0,31,,10092,24,,,0,68,,10098,24,,,0,101,,10094,24,,,0,99,,10100,24,,,0,103,,10097,24,,,0,95,,10099,24,,,0,99,,10101,24,,,0
700,'5520',629,,10102,24,,,0,18,,10103,24,,,0,57,,10104,24,,,0,14,,10105,24,,,0,16,,10106,24,,,0,7,,10107,24,,,0,10,,10108,24,,,0,58,,10109,24,,,0,20,,10110,24,,,0,11,,10111,24,,,0,18,,10112,24,,,0,51,,10113,24,,,0,15,,10114,24,,,0,13,,10115,24,,,0,17,,10116,24,,,0,54,,10132,24,,,0,17,,10117,24,,,0,13,,10157,24,,,0,17,,10118,24,,,0,70,,10119,24,,,0,33,,10120,24,,,0,68,,10121,24,,,0,32,,10122,24,,,0,68,,10123,24,,,0,32,,10124,24,,,0,71,,10125,24,,,0,73,,10126,24,,,0,11,,10127,24,,,0,15,,10128,24,,,0,17,,10129,24,,,0,14,,10130,24,,,0,56,,10131,24,,,0,13,,10133,24,,,0,17,,10136,24,,,0,12,,10148,24,,,0,58,,10137,24,,,0,12,,10134,24,,,0,17,,10138,24,,,0,11,,10149,24,,,0,58,,10139,24,,,0,10,,10135,24,,,0,16,,10140,24,,,0,13,,10151,24,,,0,72,,10141,24,,,0,27,,10150,24,,,0,73,,10142,24,,,0,26,,10153,24,,,0,72,,10143,24,,,0,28,,10152,24,,,0,70,,10144,24,,,0,28,,10154,24,,,0,70,,10145,24,,,0,26,,10155,24,,,0,73,,10146,24,,,0,31,,10156,24,,,0,70,,10147,24,,,0
700,'5526',657,,10197,24,,,0,70,,10195,24,,,0,31,,10183,24,,,0,70,,10158,24,,,0,31,,10159,24,,,0,71,,10161,24,,,0,29,,10160,24,,,0,71,,10167,24,,,0,71,,10172,24,,,0,14,,10187,24,,,0,16,,10173,24,,,0,15,,10188,24,,,0,63,,10175,24,,,0,33,,10170,24,,,0,68,,10176,24,,,0,30,,10169,24,,,0,72,,10177,24,,,0,28,,10171,24,,,0,70,,10189,24,,,0,13,,10178,24,,,0,14,,10190,24,,,0,16,,10179,24,,,0,54,,10193,24,,,0,15,,10168,24,,,0,16,,10192,24,,,0,14,,10180,24,,,0,55,,10191,24,,,0,24,,10174,24,,,0,69,,10181,24,,,0,30,,10162,24,,,0,76,,10163,24,,,0,32,,10164,24,,,0,76,,10185,24,,,0,34,,10184,24,,,0,105,,10165,24,,,0,96,,10166,24,,,0,100,,10182,24,,,0,96,,10186,24,,,0,67,,10194,24,,,0,28,,10196,24,,,0
900,'4532',642,,7630,31,,,0,70,,6034,31,,,0,33,,7624,31,,,0,70,,5995,31,,,0,31,,7604,31,,,0,70,,8506,31,,,0,32,,8505,31,,,0,72,,5999,31,,,0,29,,8509,31,,,0,69,,8507,31,,,0,15,,6026,31,,,0,15,,7609,31,,,0,55,,8516,31,,,0,15,,8508,31,,,0,32,,6004,31,,,0,71,,7611,31,,,0,30,,8510,31,,,0,72,,6006,31,,,0,30,,6007,31,,,0,52,,6024,31,,,0,15,,8512,31,,,0,15,,6028,31,,,0,15,,7614,31,,,0,55,,6025,31,,,0,15,,8511,31,,,0,15,,6027,31,,,0,15,,6012,31,,,0,55,,7628,31,,,0,15,,7616,31,,,0,15,,7626,31,,,0,15,,6014,31,,,0,70,,7615,31,,,0,35,,7618,31,,,0,79,,7622,31,,,0,70,,8514,31,,,0,100,,8515,31,,,0,100,,8513,31,,,0,98,,7621,31,,,0,101,,7623,31,,,0,102,,7625,31,,,0,103,,7629,31,,,0
900,'5475',644,,10379,31,,,0,72,,10380,31,,,0,33,,10381,31,,,0,56,,10382,31,,,0,17,,10383,31,,,0,17,,10384,31,,,0,13,,10385,31,,,0,52,,10386,31,,,0,7,,10387,31,,,0,9,,10388,31,,,0,14,,10389,31,,,0,15,,10390,31,,,0,55,,10391,31,,,0,15,,10392,31,,,0,15,,10393,31,,,0,15,,10394,31,,,0,55,,10395,31,,,0,15,,10396,31,,,0,16,,10397,31,,,0,16,,10398,31,,,0,55,,10399,31,,,0,15,,10400,31,,,0,15,,10401,31,,,0,16,,10402,31,,,0,54,,10403,31,,,0,15,,10404,31,,,0,16,,10405,31,,,0,15,,10406,31,,,0,55,,10407,31,,,0,15,,10408,31,,,0,15,,10409,31,,,0,14,,10410,31,,,0,59,,10411,31,,,0,14,,10412,31,,,0,15,,10413,31,,,0,17,,10414,31,,,0,47,,10415,31,,,0,8,,10416,31,,,0,16,,10417,31,,,0,14,,10418,31,,,0,15,,10419,31,,,0,57,,10420,31,,,0,15,,10421,31,,,0,13,,10422,31,,,0,7,,10423,31,,,0,6,,10424,31,,,0,53,,10425,31,,,0,15,,10426,31,,,0,13,,10427,31,,,0,12,,10428,31,,,0,55,,10429,31,,,0,15,,10430,31,,,0,15,,10431,31,,,0,14,,10432,31,,,0,55,,10433,31,,,0,16,,10434,31,,,0,14,,10435,31,,,0,15,,10436,31,,,0,60,,10437,31,,,0,20,,10438,31,,,0,33,,10439,31,,,0,70,,10440,31,,,0,24,,10441,31,,,0,73,,10442,31,,,0,25,,10443,31,,,0,71,,10444,31,,,0,26,,10445,31,,,0,70,,10378,31,,,0
900,'5518',742,,10446,31,,,0,70,,10448,31,,,0,31,,10447,31,,,0,70,,10449,31,,,0,30,,10451,31,,,0,71,,10450,31,,,0,31,,10452,31,,,0,70,,10454,31,,,0,30,,10455,31,,,0,71,,10453,31,,,0,30,,10456,31,,,0,71,,10457,31,,,0,30,,10460,31,,,0,71,,10459,31,,,0,30,,10461,31,,,0,70,,10458,31,,,0,31,,10472,31,,,0,70,,10462,31,,,0,30,,10464,31,,,0,69,,10463,31,,,0,30,,10465,31,,,0,69,,10466,31,,,0,30,,10477,31,,,0,70,,10471,31,,,0,29,,10467,31,,,0,68,,10468,31,,,0,30,,10469,31,,,0,70,,10470,31,,,0,29,,10476,31,,,0,70,,10473,31,,,0,29,,10474,31,,,0,68,,10475,31,,,0,30,,10478,31,,,0,70,,10479,31,,,0
900,'5520',644,,10481,31,,,0,72,,10482,31,,,0,33,,10483,31,,,0,56,,10484,31,,,0,17,,10485,31,,,0,17,,10486,31,,,0,13,,10487,31,,,0,52,,10488,31,,,0,7,,10489,31,,,0,9,,10490,31,,,0,14,,10491,31,,,0,15,,10492,31,,,0,55,,10493,31,,,0,15,,10494,31,,,0,15,,10495,31,,,0,15,,10496,31,,,0,55,,10497,31,,,0,15,,10498,31,,,0,16,,10499,31,,,0,16,,10500,31,,,0,55,,10501,31,,,0,15,,10502,31,,,0,15,,10503,31,,,0,16,,10504,31,,,0,54,,10505,31,,,0,15,,10506,31,,,0,16,,10507,31,,,0,15,,10508,31,,,0,55,,10509,31,,,0,15,,10510,31,,,0,15,,10511,31,,,0,14,,10512,31,,,0,59,,10513,31,,,0,14,,10514,31,,,0,15,,10515,31,,,0,17,,10516,31,,,0,47,,10517,31,,,0,8,,10518,31,,,0,16,,10519,31,,,0,14,,10520,31,,,0,15,,10521,31,,,0,57,,10522,31,,,0,15,,10523,31,,,0,13,,10524,31,,,0,7,,10525,31,,,0,6,,10526,31,,,0,53,,10527,31,,,0,15,,10528,31,,,0,13,,10529,31,,,0,12,,10530,31,,,0,55,,10531,31,,,0,15,,10532,31,,,0,15,,10533,31,,,0,14,,10534,31,,,0,55,,10535,31,,,0,16,,10536,31,,,0,14,,10537,31,,,0,15,,10538,31,,,0,60,,10539,31,,,0,20,,10540,31,,,0,33,,10541,31,,,0,70,,10542,31,,,0,24,,10543,31,,,0,73,,10544,31,,,0,25,,10545,31,,,0,71,,10546,31,,,0,26,,10547,31,,,0,70,,10480,31,,,0
900,'5526',642,,10587,31,,,0,70,,10588,31,,,0,33,,10576,31,,,0,70,,10549,31,,,0,31,,10550,31,,,0,70,,10551,31,,,0,32,,10548,31,,,0,72,,10553,31,,,0,29,,10555,31,,,0,69,,10552,31,,,0,15,,10580,31,,,0,15,,10556,31,,,0,55,,10584,31,,,0,15,,10554,31,,,0,32,,10558,31,,,0,71,,10559,31,,,0,30,,10557,31,,,0,72,,10560,31,,,0,30,,10561,31,,,0,52,,10578,31,,,0,15,,10563,31,,,0,15,,10582,31,,,0,15,,10564,31,,,0,55,,10579,31,,,0,15,,10562,31,,,0,15,,10581,31,,,0,15,,10566,31,,,0,55,,10585,31,,,0,15,,10567,31,,,0,15,,10583,31,,,0,15,,10568,31,,,0,70,,10565,31,,,0,35,,10570,31,,,0,79,,10574,31,,,0,70,,10571,31,,,0,100,,10572,31,,,0,100,,10569,31,,,0,98,,10573,31,,,0,101,,10575,31,,,0,102,,10577,31,,,0,103,,10586,31,,,0
