501,'4532',747,,7242,3,,,0,70,,7230,3,,,0,30,,7228,3,,,0,70,,7244,3,,,0,30,,7231,3,,,0,70,,7245,3,,,0,30,,7229,3,,,0,70,,7243,3,,,0,30,,7232,3,,,0,70,,7246,3,,,0,30,,7233,3,,,0,71,,7241,3,,,0,30,,7235,3,,,0,70,,7247,3,,,0,30,,7234,3,,,0,71,,7252,3,,,0,30,,7238,3,,,0,69,,7248,3,,,0,30,,7237,3,,,0,70,,7251,3,,,0,30,,7236,3,,,0,70,,7249,3,,,0,119,,7239,3,,,0,95,,7250,3,,,0,103,,7240,3,,,0,100,,7253,3,,,0
501,'5475',657,,9863,3,,,0,55,,9875,3,,,0,15,,9866,3,,,0,73,,9865,3,,,0,33,,9864,3,,,0,73,,9872,3,,,0,33,,9874,3,,,0,73,,9873,3,,,0,33,,9868,3,,,0,73,,9867,3,,,0,33,,9876,3,,,0,73,,9869,3,,,0,76,,9871,3,,,0,36,,9870,3,,,0,76,,9889,3,,,0,36,,9887,3,,,0,76,,9884,3,,,0,76,,9878,3,,,0,36,,9879,3,,,0,77,,9880,3,,,0,35,,9882,3,,,0,75,,9885,3,,,0,35,,9883,3,,,0,85,,9881,3,,,0,100,,9877,3,,,0,100,,9886,3,,,0,116,,9888,3,,,0,63,,9890,3,,,0,110,,9891,3,,,0
501,'5518',902,,9894,3,,,0,119,,9895,3,,,0,120,,9892,3,,,0,162,,9893,3,,,0,55,,9897,3,,,0,167,,9896,3,,,0,127,,9898,3,,,0,161,,9899,3,,,0
501,'5520',657,,9900,3,,,0,55,,9912,3,,,0,15,,9903,3,,,0,73,,9902,3,,,0,33,,9901,3,,,0,73,,9909,3,,,0,33,,9911,3,,,0,73,,9910,3,,,0,33,,9905,3,,,0,73,,9904,3,,,0,33,,9913,3,,,0,73,,9906,3,,,0,76,,9908,3,,,0,36,,9907,3,,,0,76,,9926,3,,,0,36,,9924,3,,,0,76,,9921,3,,,0,76,,9915,3,,,0,36,,9916,3,,,0,77,,9917,3,,,0,35,,9919,3,,,0,75,,9922,3,,,0,35,,9920,3,,,0,85,,9918,3,,,0,100,,9914,3,,,0,100,,9923,3,,,0,116,,9925,3,,,0
501,'5526',747,,9941,3,,,0,70,,9929,3,,,0,30,,9927,3,,,0,70,,9943,3,,,0,30,,9930,3,,,0,70,,9944,3,,,0,30,,9928,3,,,0,70,,9942,3,,,0,30,,9931,3,,,0,70,,9945,3,,,0,30,,9932,3,,,0,71,,9940,3,,,0,30,,9934,3,,,0,70,,9946,3,,,0,30,,9933,3,,,0,71,,9951,3,,,0,30,,9937,3,,,0,69,,9947,3,,,0,30,,9936,3,,,0,70,,9950,3,,,0,30,,9935,3,,,0,70,,9948,3,,,0,119,,9938,3,,,0,95,,9949,3,,,0,103,,9939,3,,,0,100,,9952,3,,,0
701,'4532',630,,8442,23,,,0,70,,7513,20,,,0,31,,8434,23,,,0,70,,8419,20,,,0,30,,7477,20,,,0,71,,8420,23,,,0,29,,8421,20,,,0,70,,7487,20,,,0,31,,8428,23,,,0,14,,7505,20,,,0,56,,8427,23,,,0,15,,7506,20,,,0,22,,8429,20,,,0,72,,8426,23,,,0,28,,7493,20,,,0,70,,8424,20,,,0,32,,8430,23,,,0,68,,7489,20,,,0,30,,8438,23,,,0,13,,8431,20,,,0,55,,8439,20,,,0,16,,8432,23,,,0,14,,7508,20,,,0,15,,7485,20,,,0,56,,8440,23,,,0,14,,7495,20,,,0,15,,8437,20,,,0,64,,8425,23,,,0,29,,7499,20,,,0,70,,7480,20,,,0,36,,8423,23,,,0,74,,7484,20,,,0,36,,8435,23,,,0,74,,7503,20,,,0,105,,7482,20,,,0,97,,8422,23,,,0,102,,8433,20,,,0,98,,8436,20,,,0,26,,8441,23,,,0,69,,8443,20,,,0
701,'5475',602,,10198,3,,,0,18,,10199,20,,,0,17,,10200,23,,,0,14,,10201,20,,,0,56,,10202,23,,,0,6,,10203,20,,,0,10,,10204,23,,,0,15,,10205,20,,,0,19,,10206,23,,,0,52,,10207,20,,,0,19,,10208,23,,,0,11,,10209,20,,,0,16,,10210,23,,,0,52,,10211,20,,,0,18,,10212,23,,,0,13,,10248,20,,,0,17,,10213,23,,,0,53,,10253,20,,,0,17,,10214,23,,,0,29,,10215,20,,,0,73,,10216,23,,,0,27,,10217,20,,,0,72,,10218,23,,,0,28,,10219,20,,,0,72,,10220,23,,,0,28,,10221,20,,,0,74,,10222,23,,,0,11,,10223,20,,,0,15,,10224,20,,,0,58,,10225,23,,,0,13,,10226,20,,,0,17,,10227,23,,,0,12,,10228,20,,,0,58,,10229,23,,,0,12,,10230,20,,,0,18,,10231,23,,,0,12,,10232,20,,,0,58,,10233,23,,,0,12,,10234,20,,,0,18,,10235,23,,,0,11,,10249,20,,,0,56,,10250,23,,,0,13,,10236,20,,,0,32,,10237,23,,,0,67,,10238,20,,,0,33,,10239,23,,,0,67,,10240,20,,,0,31,,10241,23,,,0,69,,10242,20,,,0,31,,10243,23,,,0,69,,10244,20,,,0,30,,10245,23,,,0,68,,10246,20,,,0,33,,10247,23,,,0,72,,10251,20,,,0,30,,10252,23,,,0,96,,10254,23,,,0
701,'5518',715,,10255,20,,,0,27,,10256,23,,,0,99,,10257,20,,,0,97,,10258,23,,,0,73,,10261,20,,,0,30,,10259,20,,,0,67,,10260,23,,,0,33,,10268,20,,,0,67,,10263,23,,,0,28,,10262,20,,,0,72,,10265,23,,,0,28,,10275,20,,,0,72,,10267,23,,,0,29,,10271,20,,,0,71,,10266,23,,,0,29,,10264,20,,,0,71,,10270,23,,,0,28,,10274,20,,,0,72,,10269,23,,,0,28,,10276,20,,,0,71,,10272,23,,,0,29,,10278,20,,,0,101,,10273,23,,,0,99,,10281,20,,,0,104,,10277,23,,,0,96,,10279,20,,,0,101,,10280,23,,,0
701,'5520',602,,10282,3,,,0,18,,10283,20,,,0,17,,10284,23,,,0,14,,10285,20,,,0,56,,10286,23,,,0,6,,10287,20,,,0,10,,10288,23,,,0,15,,10289,20,,,0,19,,10290,23,,,0,52,,10291,20,,,0,19,,10292,23,,,0,11,,10293,20,,,0,16,,10294,23,,,0,52,,10295,20,,,0,18,,10296,23,,,0,13,,10332,20,,,0,17,,10297,23,,,0,53,,10337,20,,,0,17,,10298,23,,,0,29,,10299,20,,,0,73,,10300,23,,,0,27,,10301,20,,,0,72,,10302,23,,,0,28,,10303,20,,,0,72,,10304,23,,,0,28,,10305,20,,,0,74,,10306,23,,,0,11,,10307,20,,,0,15,,10308,20,,,0,58,,10309,23,,,0,13,,10310,20,,,0,17,,10311,23,,,0,12,,10312,20,,,0,58,,10313,23,,,0,12,,10314,20,,,0,18,,10315,23,,,0,12,,10316,20,,,0,58,,10317,23,,,0,12,,10318,20,,,0,18,,10319,23,,,0,11,,10333,20,,,0,56,,10334,23,,,0,13,,10320,20,,,0,32,,10321,23,,,0,67,,10322,20,,,0,33,,10323,23,,,0,67,,10324,20,,,0,31,,10325,23,,,0,69,,10326,20,,,0,31,,10327,23,,,0,69,,10328,20,,,0,30,,10329,23,,,0,68,,10330,20,,,0,33,,10331,23,,,0,72,,10335,20,,,0,30,,10336,23,,,0
701,'5526',630,,10376,23,,,0,70,,10375,20,,,0,31,,10363,23,,,0,70,,10338,20,,,0,30,,10339,20,,,0,71,,10340,23,,,0,29,,10341,20,,,0,70,,10349,20,,,0,31,,10354,23,,,0,14,,10367,20,,,0,56,,10353,23,,,0,15,,10368,20,,,0,22,,10356,20,,,0,72,,10352,23,,,0,28,,10355,20,,,0,70,,10348,20,,,0,32,,10358,23,,,0,68,,10351,20,,,0,30,,10371,23,,,0,13,,10359,20,,,0,55,,10372,20,,,0,16,,10360,23,,,0,14,,10370,20,,,0,15,,10347,20,,,0,56,,10373,23,,,0,14,,10357,20,,,0,15,,10369,20,,,0,64,,10350,23,,,0,29,,10361,20,,,0,70,,10342,20,,,0,36,,10345,23,,,0,74,,10346,20,,,0,36,,10364,23,,,0,74,,10365,20,,,0,105,,10344,20,,,0,97,,10343,23,,,0,102,,10362,20,,,0,98,,10366,20,,,0,26,,10374,23,,,0,69,,10377,20,,,0
