101,'4532',626,,8128,7,,,0,30,,6729,7,,,0,70,,8126,7,,,0,25,,6731,7,,,0,60,,6725,7,,,0,15,,8130,7,,,0,16,,6705,7,,,0,15,,6733,7,,,0,55,,5016,7,,,0,30,,8117,7,,,0,70,,5018,7,,,0,30,,8118,7,,,0,70,,5020,7,,,0,30,,6708,7,,,0,70,,5022,7,,,0,30,,6709,7,,,0,70,,5024,7,,,0,30,,6710,7,,,0,70,,8119,7,,,0,30,,6712,7,,,0,70,,6713,7,,,0,30,,8120,7,,,0,15,,8131,7,,,0,55,,6716,7,,,0,15,,8132,7,,,0,15,,8121,7,,,0,15,,8133,7,,,0,55,,6718,7,,,0,15,,8134,7,,,0,15,,8122,7,,,0,15,,8135,7,,,0,55,,6720,7,,,0,30,,6714,7,,,0,85,,6721,7,,,0,100,,8123,7,,,0,105,,8124,7,,,0,105,,8125,7,,,0,104,,8127,7,,,0,100,,8129,7,,,0
101,'5475',605,,8926,7,,,0,31,,8927,7,,,0,70,,8928,7,,,0,15,,8933,7,,,0,15,,8930,7,,,0,15,,8929,7,,,0,56,,8932,7,,,0,15,,8931,7,,,0,15,,8934,7,,,0,15,,8935,7,,,0,55,,8972,7,,,0,20,,8936,7,,,0,21,,8976,7,,,0,60,,8970,7,,,0,30,,8939,7,,,0,70,,8969,7,,,0,30,,8937,7,,,0,70,,8938,7,,,0,30,,8940,7,,,0,70,,8942,7,,,0,30,,8943,7,,,0,70,,8968,7,,,0,20,,8944,7,,,0,20,,8971,7,,,0,60,,8941,7,,,0,15,,8947,7,,,0,15,,8948,7,,,0,15,,8946,7,,,0,55,,8973,7,,,0,15,,8945,7,,,0,15,,8950,7,,,0,15,,8951,7,,,0,55,,8949,7,,,0,15,,8953,7,,,0,15,,8974,7,,,0,15,,8954,7,,,0,55,,8952,7,,,0,20,,8955,7,,,0,19,,8956,7,,,0,65,,8975,7,,,0,29,,8957,7,,,0,70,,8958,7,,,0,30,,8959,7,,,0,70,,8960,7,,,0,30,,8961,7,,,0,70,,8963,7,,,0,30,,8962,7,,,0,70,,8964,7,,,0,30,,8965,7,,,0,70,,8966,7,,,0,30,,8967,7,,,0,98,,8977,7,,,0
101,'5518',705,,8978,7,,,0,30,,8979,7,,,0,70,,8982,7,,,0,30,,8981,7,,,0,70,,8980,7,,,0,31,,8986,7,,,0,70,,8983,7,,,0,30,,8985,7,,,0,71,,8984,7,,,0,30,,8997,7,,,0,70,,8987,7,,,0,30,,8988,7,,,0,70,,8989,7,,,0,30,,8990,7,,,0,70,,8991,7,,,0,30,,8996,7,,,0,70,,8992,7,,,0,30,,8993,7,,,0,70,,8995,7,,,0,30,,9006,7,,,0,70,,8994,7,,,0,30,,9008,7,,,0,74,,8999,7,,,0,25,,8998,7,,,0,70,,9000,7,,,0,30,,9009,7,,,0,70,,9004,7,,,0,30,,9001,7,,,0,70,,9003,7,,,0,30,,9002,7,,,0,70,,9005,7,,,0,30,,9010,7,,,0,78,,9007,7,,,0,22,,9011,7,,,0
101,'5520',605,,9012,7,,,0,31,,9013,7,,,0,70,,9014,7,,,0,15,,9019,7,,,0,15,,9016,7,,,0,15,,9015,7,,,0,56,,9018,7,,,0,15,,9017,7,,,0,15,,9020,7,,,0,15,,9021,7,,,0,55,,9058,7,,,0,20,,9022,7,,,0,21,,9062,7,,,0,60,,9056,7,,,0,30,,9025,7,,,0,70,,9055,7,,,0,30,,9023,7,,,0,70,,9024,7,,,0,30,,9026,7,,,0,70,,9028,7,,,0,30,,9029,7,,,0,70,,9054,7,,,0,20,,9030,7,,,0,20,,9057,7,,,0,60,,9027,7,,,0,15,,9033,7,,,0,15,,9034,7,,,0,15,,9032,7,,,0,55,,9059,7,,,0,15,,9031,7,,,0,15,,9036,7,,,0,15,,9037,7,,,0,55,,9035,7,,,0,15,,9039,7,,,0,15,,9060,7,,,0,15,,9040,7,,,0,55,,9038,7,,,0,20,,9041,7,,,0,19,,9042,7,,,0,65,,9061,7,,,0,29,,9043,7,,,0,70,,9044,7,,,0,30,,9045,7,,,0,70,,9046,7,,,0,30,,9047,7,,,0,70,,9049,7,,,0,30,,9048,7,,,0,70,,9050,7,,,0,30,,9051,7,,,0,70,,9052,7,,,0,30,,9053,7,,,0
101,'5526',626,,9091,7,,,0,30,,9092,7,,,0,70,,9089,7,,,0,25,,9094,7,,,0,60,,9088,7,,,0,15,,9095,7,,,0,16,,9063,7,,,0,15,,9096,7,,,0,55,,9064,7,,,0,30,,9065,7,,,0,70,,9066,7,,,0,30,,9067,7,,,0,70,,9068,7,,,0,30,,9069,7,,,0,70,,9070,7,,,0,30,,9071,7,,,0,70,,9072,7,,,0,30,,9073,7,,,0,70,,9074,7,,,0,30,,9075,7,,,0,70,,9076,7,,,0,30,,9078,7,,,0,15,,9097,7,,,0,55,,9079,7,,,0,15,,9098,7,,,0,15,,9080,7,,,0,15,,9099,7,,,0,55,,9081,7,,,0,15,,9100,7,,,0,15,,9082,7,,,0,15,,9101,7,,,0,55,,9083,7,,,0,30,,9077,7,,,0,85,,9084,7,,,0,100,,9085,7,,,0,105,,9086,7,,,0,105,,9087,7,,,0,104,,9090,7,,,0,100,,9093,7,,,0
201,'4532',840,,5164,7,,,0,100,,6841,7,,,0,101,,6844,7,,,0,100,,8192,7,,,0,100,,8193,7,,,0,100,,8191,7,,,0,100,,8189,7,,,0,70,,6851,7,,,0,30,,8194,7,,,0,70,,6850,7,,,0,30,,8190,7,,,0,70,,8195,7,,,0,30,,8196,7,,,0,90,,6852,7,,,0,80,,6854,7,,,0,91,,6855,7,,,0,54,,6853,7,,,0,100,,6856,7,,,0
201,'5475',736,,9219,7,,,0,15,,9218,7,,,0,55,,9221,7,,,0,30,,9217,7,,,0,70,,9223,7,,,0,30,,9224,7,,,0,70,,9220,7,,,0,30,,9225,7,,,0,70,,9226,7,,,0,31,,9227,7,,,0,70,,9228,7,,,0,30,,9229,7,,,0,70,,9230,7,,,0,29,,9233,7,,,0,70,,9231,7,,,0,31,,9232,7,,,0,70,,9234,7,,,0,41,,9207,7,,,0,70,,9203,7,,,0,30,,9211,7,,,0,69,,9205,7,,,0,30,,9202,7,,,0,75,,9212,7,,,0,80,,9206,7,,,0,30,,9209,7,,,0,75,,9213,7,,,0,25,,9210,7,,,0,70,,9204,7,,,0,30,,9208,7,,,0,225,,9235,7,,,0,100,,9236,7,,,0
201,'5518',826,,9237,7,,,0,110,,9238,7,,,0,100,,9239,7,,,0,100,,9241,7,,,0,105,,9240,7,,,0,95,,9243,7,,,0,100,,9242,7,,,0,100,,9246,7,,,0,105,,9248,7,,,0,100,,9247,7,,,0,166,,9244,7,,,0,100,,9245,7,,,0
201,'5520',736,,9266,7,,,0,15,,9265,7,,,0,55,,9268,7,,,0,30,,9264,7,,,0,70,,9270,7,,,0,30,,9271,7,,,0,70,,9267,7,,,0,30,,9272,7,,,0,70,,9273,7,,,0,31,,9274,7,,,0,70,,9275,7,,,0,30,,9276,7,,,0,70,,9277,7,,,0,29,,9280,7,,,0,70,,9278,7,,,0,31,,9279,7,,,0,70,,9281,7,,,0,41,,9254,7,,,0,70,,9250,7,,,0,30,,9258,7,,,0,69,,9252,7,,,0,30,,9249,7,,,0,75,,9259,7,,,0,80,,9253,7,,,0,30,,9256,7,,,0,75,,9260,7,,,0,25,,9257,7,,,0,70,,9251,7,,,0,30,,9255,7,,,0
201,'5526',840,,9282,7,,,0,100,,9284,7,,,0,101,,9287,7,,,0,100,,9288,7,,,0,100,,9289,7,,,0,100,,9286,7,,,0,100,,9283,7,,,0,70,,9294,7,,,0,30,,9290,7,,,0,70,,9293,7,,,0,30,,9285,7,,,0,70,,9291,7,,,0,30,,9292,7,,,0,90,,9295,7,,,0,80,,9297,7,,,0,91,,9298,7,,,0,54,,9296,7,,,0,100,,9299,7,,,0
