601,'4532',816,,7275,26,,,0,105,,7276,26,,,0,96,,8309,26,,,0,100,,8310,26,,,0,100,,7274,26,,,0,100,,5638,26,,,0,99,,8311,26,,,0,100,,5642,26,,,0,30,,8313,26,,,0,70,,8315,26,,,0,30,,8318,26,,,0,70,,8316,26,,,0,30,,8317,26,,,0,70,,8314,26,,,0,185,,8312,26,,,0,122,,7285,24,,,0
601,'5475',718,,9953,26,,,0,103,,9954,26,,,0,102,,9955,26,,,0,95,,9957,26,,,0,25,,9956,26,,,0,75,,9958,26,,,0,120,,9959,26,,,0,80,,9960,26,,,0,100,,9961,26,,,0,102,,9962,26,,,0,39,,9963,26,,,0,81,,9964,26,,,0,16,,9965,26,,,0,75,,9968,26,,,0,27,,9966,26,,,0,68,,9967,26,,,0,100,,9969,26,,,0,233,,9970,24,,,0,276,,9971,26,,,0
601,'5518',819,,9972,24,,,0,120,,9973,24,,,0,95,,9976,24,,,0,112,,9975,26,,,0,100,,9974,26,,,0,100,,9979,26,,,0,100,,9977,26,,,0,100,,9978,26,,,0,105,,9980,26,,,0,93,,9981,24,,,0,105,,9983,24,,,0,100,,9982,24,,,0
601,'5520',718,,9984,26,,,0,103,,9985,26,,,0,102,,9986,26,,,0,95,,9988,26,,,0,25,,9987,26,,,0,75,,9989,26,,,0,120,,9990,26,,,0,80,,9991,26,,,0,100,,9992,26,,,0,102,,9993,26,,,0,39,,9994,26,,,0,81,,9995,26,,,0,16,,9996,26,,,0,75,,9999,26,,,0,27,,9997,26,,,0,68,,9998,26,,,0,100,,10000,26,,,0,233,,10001,24,,,0
601,'5526',816,,10003,26,,,0,105,,10004,26,,,0,96,,10006,26,,,0,100,,10007,26,,,0,100,,10002,26,,,0,100,,10005,26,,,0,99,,10008,26,,,0,100,,10009,26,,,0,30,,10011,26,,,0,70,,10013,26,,,0,30,,10017,26,,,0,70,,10014,26,,,0,30,,10016,26,,,0,70,,10012,26,,,0,185,,10010,26,,,0,122,,10015,24,,,0
701,'4532',617,,8442,4,,,0,30,,7513,4,,,0,70,,8434,4,,,0,30,,8419,4,,,0,70,,7477,4,,,0,30,,8420,4,,,0,70,,8421,4,,,0,30,,7487,4,,,0,70,,8428,4,,,0,15,,7505,4,,,0,15,,8427,4,,,0,56,,7506,4,,,0,22,,8429,4,,,0,30,,8426,4,,,0,70,,7493,4,,,0,30,,8424,4,,,0,70,,8430,4,,,0,30,,7489,4,,,0,68,,8438,4,,,0,15,,8431,4,,,0,15,,8439,4,,,0,55,,8432,4,,,0,15,,7508,4,,,0,15,,7485,4,,,0,15,,8440,4,,,0,55,,7495,4,,,0,15,,8437,4,,,0,23,,8425,4,,,0,70,,7499,4,,,0,30,,7480,4,,,0,75,,8423,4,,,0,35,,7484,4,,,0,75,,8435,4,,,0,75,,7503,4,,,0,105,,7482,4,,,0,96,,8422,4,,,0,105,,8433,4,,,0,100,,8436,4,,,0,25,,8441,4,,,0,70,,8443,4,,,0
701,'5475',607,,10199,4,,,0,15,,10200,4,,,0,15,,10201,4,,,0,15,,10202,4,,,0,7,,10203,4,,,0,49,,10204,4,,,0,15,,10205,4,,,0,15,,10206,4,,,0,15,,10207,4,,,0,55,,10208,4,,,0,15,,10209,4,,,0,15,,10210,4,,,0,14,,10211,4,,,0,56,,10212,4,,,0,15,,10248,4,,,0,15,,10213,4,,,0,15,,10253,4,,,0,55,,10214,4,,,0,30,,10215,4,,,0,70,,10216,4,,,0,30,,10217,4,,,0,70,,10218,4,,,0,30,,10219,4,,,0,70,,10220,4,,,0,30,,10221,4,,,0,70,,10222,4,,,0,15,,10223,4,,,0,15,,10224,4,,,0,15,,10225,4,,,0,55,,10226,4,,,0,15,,10227,4,,,0,15,,10228,4,,,0,15,,10229,4,,,0,55,,10230,4,,,0,15,,10231,4,,,0,15,,10232,4,,,0,15,,10233,4,,,0,55,,10234,4,,,0,16,,10235,4,,,0,14,,10249,4,,,0,15,,10250,4,,,0,55,,10236,4,,,0,30,,10237,4,,,0,69,,10238,4,,,0,31,,10239,4,,,0,69,,10240,4,,,0,30,,10241,4,,,0,70,,10242,4,,,0,30,,10243,4,,,0,70,,10244,4,,,0,30,,10245,4,,,0,70,,10246,4,,,0,33,,10247,4,,,0,73,,10251,4,,,0,30,,10252,4,,,0,94,,10254,4,,,0
701,'5518',702,,10255,4,,,0,25,,10256,4,,,0,100,,10257,4,,,0,95,,10258,4,,,0,35,,10261,4,,,0,70,,10259,4,,,0,25,,10260,4,,,0,75,,10268,4,,,0,25,,10263,4,,,0,70,,10262,4,,,0,30,,10265,4,,,0,70,,10275,4,,,0,30,,10267,4,,,0,70,,10271,4,,,0,30,,10266,4,,,0,70,,10264,4,,,0,30,,10270,4,,,0,70,,10274,4,,,0,30,,10269,4,,,0,70,,10276,4,,,0,30,,10272,4,,,0,70,,10278,4,,,0,100,,10273,4,,,0,101,,10281,4,,,0,103,,10277,4,,,0,97,,10279,4,,,0,102,,10280,4,,,0
701,'5520',607,,10283,4,,,0,15,,10284,4,,,0,15,,10285,4,,,0,15,,10286,4,,,0,7,,10287,4,,,0,49,,10288,4,,,0,15,,10289,4,,,0,15,,10290,4,,,0,15,,10291,4,,,0,55,,10292,4,,,0,15,,10293,4,,,0,15,,10294,4,,,0,14,,10295,4,,,0,56,,10296,4,,,0,15,,10332,4,,,0,15,,10297,4,,,0,15,,10337,4,,,0,55,,10298,4,,,0,30,,10299,4,,,0,70,,10300,4,,,0,30,,10301,4,,,0,70,,10302,4,,,0,30,,10303,4,,,0,70,,10304,4,,,0,30,,10305,4,,,0,70,,10306,4,,,0,15,,10307,4,,,0,15,,10308,4,,,0,15,,10309,4,,,0,55,,10310,4,,,0,15,,10311,4,,,0,15,,10312,4,,,0,15,,10313,4,,,0,55,,10314,4,,,0,15,,10315,4,,,0,15,,10316,4,,,0,15,,10317,4,,,0,55,,10318,4,,,0,16,,10319,4,,,0,14,,10333,4,,,0,15,,10334,4,,,0,55,,10320,4,,,0,30,,10321,4,,,0,69,,10322,4,,,0,31,,10323,4,,,0,69,,10324,4,,,0,30,,10325,4,,,0,70,,10326,4,,,0,30,,10327,4,,,0,70,,10328,4,,,0,30,,10329,4,,,0,70,,10330,4,,,0,33,,10331,4,,,0,73,,10335,4,,,0,30,,10336,4,,,0
701,'5526',617,,10376,4,,,0,30,,10375,4,,,0,70,,10363,4,,,0,30,,10338,4,,,0,70,,10339,4,,,0,30,,10340,4,,,0,70,,10341,4,,,0,30,,10349,4,,,0,70,,10354,4,,,0,15,,10367,4,,,0,15,,10353,4,,,0,56,,10368,4,,,0,22,,10356,4,,,0,30,,10352,4,,,0,70,,10355,4,,,0,30,,10348,4,,,0,70,,10358,4,,,0,30,,10351,4,,,0,68,,10371,4,,,0,15,,10359,4,,,0,15,,10372,4,,,0,55,,10360,4,,,0,15,,10370,4,,,0,15,,10347,4,,,0,15,,10373,4,,,0,55,,10357,4,,,0,15,,10369,4,,,0,23,,10350,4,,,0,70,,10361,4,,,0,30,,10342,4,,,0,75,,10345,4,,,0,35,,10346,4,,,0,75,,10364,4,,,0,75,,10365,4,,,0,105,,10344,4,,,0,96,,10343,4,,,0,105,,10362,4,,,0,100,,10366,4,,,0,25,,10374,4,,,0,70,,10377,4,,,0
1600,'5475',704,,11105,27,,,0
1600,'5520',704,,11134,27,,,0
7001,'5475',1511,,11458,2,,,0
7001,'5520',1511,,11459,2,,,0
7301,'5475',1511,,11466,2,,,0
7301,'5520',1511,,11467,2,,,0
7701,'5475',1527,,11475,2,,,0
7701,'5520',1527,,11476,2,,,0
