1401,'4532',755,,8664,12,,,0,175,,8666,12,,,0,95,,7828,12,,,0,101,,7826,12,,,0,100,,6322,12,,,0,100,,8667,12,,,0,105,,6321,12,,,0,210,,6325,12,,,0,209,,8665,12,,,0,100,,7827,12,,,0
1401,'5475',609,,11056,12,,,0,31,,11057,12,,,0,85,,11049,12,,,0,26,,11051,12,,,0,84,,11054,12,,,0,91,,11052,12,,,0,114,,11050,12,,,0,185,,11058,12,,,0,217,,11053,12,,,0,115,,11060,12,,,0,79,,11059,12,,,0,75,,11061,12,,,0,39,,11062,12,,,0,105,,11055,12,,,0,155,,11063,12,,,0,30,,11064,12,,,0,365,,11066,12,,,0,29,,11065,12,,,0
1401,'5518',900,,11068,12,,,0,200,,11067,12,,,0,130,,11072,12,,,0,95,,11070,12,,,0,100,,11069,12,,,0,130,,11071,12,,,0,265,,11073,12,,,0
1401,'5520',609,,11081,12,,,0,31,,11082,12,,,0,85,,11074,12,,,0,26,,11076,12,,,0,84,,11079,12,,,0,91,,11077,12,,,0,114,,11075,12,,,0,185,,11083,12,,,0,217,,11078,12,,,0,115,,11085,12,,,0,79,,11084,12,,,0,75,,11086,12,,,0,39,,11087,12,,,0,105,,11080,12,,,0,155,,11088,12,,,0,30,,11089,12,,,0
1401,'5526',755,,11090,12,,,0,175,,11094,12,,,0,95,,11098,12,,,0,101,,11096,12,,,0,100,,11092,12,,,0,100,,11099,12,,,0,105,,11091,12,,,0,210,,11095,12,,,0,209,,11093,12,,,0,100,,11097,12,,,0
8001,'5475',1458,,11486,16,,,0
8001,'5522',1458,,11487,16,,,0
8001,'5525',1503,,11488,16,,,0
8100,'5475',744,,11489,7,,,0
8100,'5520',744,,11490,7,,,0
8101,'5475',1537,,11491,35,,,0
8101,'5522',1537,,11492,35,,,0
8101,'5525',1431,,11493,35,,,0
