401,'4532',807,,7104,8,,,0,25,,7105,8,,,0,25,,7107,8,,,0,65,,7106,8,,,0,25,,7108,8,,,0,65,,7110,8,,,0,25,,7111,8,,,0,66,,7112,8,,,0,25,,7109,8,,,0,26,,7114,8,,,0,66,,7116,8,,,0,28,,8295,8,,,0,67,,7115,8,,,0,28,,8296,8,,,0,67,,7119,8,,,0,30,,8299,8,,,0,67,,7123,8,,,0,29,,8298,8,,,0,67,,7124,8,,,0,26,,8300,8,,,0,27,,7120,8,,,0,67,,8297,8,,,0,27,,7126,8,,,0,67,,8301,8,,,0,35,,7127,8,,,0,100,,7129,8,,,0,100,,7130,8,,,0,99,,7131,8,,,0,100,,8302,8,,,0
401,'5475',612,,9669,8,,,0,25,,9673,8,,,0,87,,9671,8,,,0,31,,9675,8,,,0,70,,9672,8,,,0,30,,9676,8,,,0,70,,9697,8,,,0,30,,9670,8,,,0,70,,9679,8,,,0,30,,9680,8,,,0,71,,9678,8,,,0,30,,9677,8,,,0,70,,9686,8,,,0,30,,9698,8,,,0,70,,9685,8,,,0,30,,9674,8,,,0,70,,9695,8,,,0,30,,9684,8,,,0,61,,9699,8,,,0,10,,9694,8,,,0,30,,9691,8,,,0,52,,9700,8,,,0,18,,9682,8,,,0,30,,9681,8,,,0,69,,9690,8,,,0,30,,9683,8,,,0,69,,9692,8,,,0,97,,9693,8,,,0,97,,9688,8,,,0,99,,9687,8,,,0,100,,9689,8,,,0,118,,9696,8,,,0,16,,9701,8,,,0,149,,9702,8,,,0
401,'5518',820,,9706,8,,,0,117,,9703,8,,,0,120,,9704,8,,,0,160,,9705,8,,,0,94,,9709,8,,,0,126,,9707,8,,,0,167,,9708,8,,,0,125,,9710,8,,,0,120,,9711,8,,,0
401,'5520',612,,9712,8,,,0,25,,9716,8,,,0,87,,9714,8,,,0,31,,9718,8,,,0,70,,9715,8,,,0,30,,9719,8,,,0,70,,9740,8,,,0,30,,9713,8,,,0,70,,9722,8,,,0,30,,9723,8,,,0,71,,9721,8,,,0,30,,9720,8,,,0,70,,9729,8,,,0,30,,9741,8,,,0,70,,9728,8,,,0,30,,9717,8,,,0,70,,9738,8,,,0,30,,9727,8,,,0,61,,9742,8,,,0,10,,9737,8,,,0,30,,9734,8,,,0,52,,9743,8,,,0,18,,9725,8,,,0,30,,9724,8,,,0,69,,9733,8,,,0,30,,9726,8,,,0,69,,9735,8,,,0,97,,9736,8,,,0,97,,9731,8,,,0,99,,9730,8,,,0,100,,9732,8,,,0,118,,9739,8,,,0
401,'5526',807,,9744,8,,,0,25,,9745,8,,,0,25,,9747,8,,,0,65,,9746,8,,,0,25,,9748,8,,,0,65,,9750,8,,,0,25,,9751,8,,,0,66,,9752,8,,,0,25,,9749,8,,,0,26,,9754,8,,,0,66,,9756,8,,,0,28,,9753,8,,,0,67,,9755,8,,,0,28,,9757,8,,,0,67,,9759,8,,,0,30,,9762,8,,,0,67,,9763,8,,,0,29,,9761,8,,,0,67,,9764,8,,,0,26,,9765,8,,,0,27,,9760,8,,,0,67,,9758,8,,,0,27,,9766,8,,,0,67,,9768,8,,,0,35,,9767,8,,,0,100,,9769,8,,,0,100,,9770,8,,,0,99,,9771,8,,,0,100,,9772,8,,,0
7001,'5475',1517,,11458,7,,,0
7001,'5520',1517,,11459,7,,,0
7301,'5475',1517,,11466,7,,,0
7301,'5520',1517,,11467,7,,,0
7401,'5475',1528,,11468,4,,,0
7401,'5522',1528,,11469,4,,,0
7401,'5525',1428,,11470,4,,,0
7701,'5475',1533,,11475,7,,,0
7701,'5520',1533,,11476,7,,,0
