1601,'4532',824,,8692,11,,,0,114,,7876,11,,,0,95,,7878,11,,,0,110,,8693,11,,,0,95,,8694,11,,,0,100,,7879,11,,,0,100,,7882,11,,,0,100,,6404,11,,,0,105,,6402,11,,,0,95,,8695,11,,,0,100,,8696,11,,,0,100,,8697,11,,,0
1601,'5475',739,,11161,11,,,0,100,,11157,11,,,0,100,,11158,11,,,0,100,,11156,11,,,0,100,,11165,11,,,0,100,,11159,11,,,0,100,,11160,11,,,0,100,,11163,11,,,0,111,,11164,11,,,0,102,,11167,11,,,0,97,,11169,11,,,0,100,,11168,11,,,0,100,,11166,11,,,0,399,,11171,11,,,0,101,,11172,11,,,0
1601,'5518',843,,11173,11,,,0,100,,11176,11,,,0,100,,11174,11,,,0,100,,11175,11,,,0,100,,11177,11,,,0,100,,11179,11,,,0,100,,11184,11,,,0,100,,11181,11,,,0,105,,11178,11,,,0,100,,11180,11,,,0,100,,11182,11,,,0,100,,11183,11,,,0
1601,'5520',739,,11190,11,,,0,100,,11186,11,,,0,100,,11187,11,,,0,100,,11185,11,,,0,100,,11194,11,,,0,100,,11188,11,,,0,100,,11189,11,,,0,100,,11192,11,,,0,111,,11193,11,,,0,102,,11196,11,,,0,97,,11198,11,,,0,100,,11197,11,,,0,100,,11195,11,,,0
1601,'5526',824,,11201,11,,,0,114,,11200,11,,,0,95,,11202,11,,,0,110,,11204,11,,,0,95,,11205,11,,,0,100,,11203,11,,,0,100,,11207,11,,,0,100,,11208,11,,,0,105,,11206,11,,,0,95,,11209,11,,,0,100,,11210,11,,,0,100,,11211,11,,,0
1701,'4532',718,,7959,11,0,11 12,0,100,,8730,11,0,11 12,0,90,,7955,11,0,11 12,0,130,,7957,11,0,11 12,0,170,,7960,11,0,15 1 16,0,100,,7961,11,0,15 1 16,0,130,,7958,11,0,15 1 16,0,170,,7962,11,0,15 1 16,0,105,,8731,11,0,15 1 16,0,100,,8733,11,0,13 14,0,105,,8734,11,0,13 14,0,105,,8735,11,0,13 14,0,110,,8732,11,0,13 14,0,120,,7968,11,0,13 14,0
1701,'5475',724,,11282,11,0,11 12,0,85,,11287,11,0,11 12,0,100,,11275,11,0,11 12,0,100,,11278,11,0,11 12,0,100,,11274,11,0,11 12,0,100,,11276,11,0,15 1 16,0,100,,11279,11,0,15 1 16,0,110,,11281,11,0,15 1 16,0,91,,11284,11,0,15 1 16,0,110,,11289,11,0,15 1 16,0,100,,11285,11,0,15 1 16,0,104,,11288,11,0,15 1 16,0,119,,11286,11,0,13 14,0,100,,11280,11,0,13 14,0,115,,11277,11,0,13 14,0,155,,11290,11,0,13 14,0,37,,11291,11,0,13 14,0,108,,11292,11,0,13 14,0
1701,'5518',818,,11293,11,0,11 12,0,100,,11294,11,0,11 12,0,115,,11295,11,0,11 12,0,95,,11296,11,0,13 14,0,200,,11298,11,0,11 12,0,210,,11297,11,0,13 14,0,100,,11300,11,0,11 12,0,100,,11299,11,0,15 1 16,0,100,,11301,11,0,13 14,0,170,,11302,11,0,13 14,0
1701,'5520',724,,11311,11,0,11 12,0,85,,11316,11,0,11 12,0,100,,11304,11,0,11 12,0,100,,11307,11,0,11 12,0,100,,11303,11,0,11 12,0,100,,11305,11,0,15 1 16,0,100,,11308,11,0,15 1 16,0,110,,11310,11,0,15 1 16,0,91,,11313,11,0,15 1 16,0,110,,11318,11,0,15 1 16,0,100,,11314,11,0,15 1 16,0,104,,11317,11,0,15 1 16,0,119,,11315,11,0,13 14,0,100,,11309,11,0,13 14,0,115,,11306,11,0,13 14,0,155,,11319,11,0,13 14,0
1701,'5526',718,,11324,11,0,11 12,0,100,,11321,11,0,11 12,0,90,,11320,11,0,11 12,0,130,,11322,11,0,11 12,0,170,,11325,11,0,15 1 16,0,100,,11326,11,0,15 1 16,0,130,,11323,11,0,15 1 16,0,170,,11327,11,0,15 1 16,0,105,,11328,11,0,15 1 16,0,100,,11330,11,0,13 14,0,105,,11331,11,0,13 14,0,105,,11332,11,0,13 14,0,110,,11329,11,0,13 14,0,120,,11333,11,0,13 14,0
