1700,'4532',755,,7915,26,,,0,103,,8714,26,,,0,90,,7917,26,,,0,172,,7918,26,,,0
1700,'5475',647,,11214,26,,,0,66,,11222,26,,,0,100,,11221,26,,,0,89,,11226,26,,,0,99,,11213,26,,,0,100,,11217,26,,,0,100,,11212,26,,,0,726,,11227,26,,,0
1700,'5518',904,,11232,26,,,0,100,,11233,26,,,0,198,,11235,25,,,0
1700,'5520',647,,11244,26,,,0,66,,11252,26,,,0,100,,11251,26,,,0,89,,11256,26,,,0,99,,11243,26,,,0,100,,11247,26,,,0,100,,11242,26,,,0,726,,11257,26,,,0
1700,'5526',755,,11260,26,,,0,103,,11261,26,,,0,90,,11262,26,,,0,172,,11263,26,,,0
1701,'4532',1229,,7960,38,0,15 1 16,0,100,,7961,38,0,15 1 16,0,130,,7958,38,0,15 1 16,0,170,,7962,38,0,15 1 16,0,105,,8731,38,0,15 1 16,0,99,,8733,38,0,13 14,0,105,,8734,38,0,13 14,0,105,,8735,38,0,13 14,0,110,,8732,38,0,13 14,0,159,,7968,38,0,13 14,0
1701,'5475',1230,,11276,38,0,15 1 16,0,102,,11279,38,0,15 1 16,0,111,,11281,38,0,15 1 16,0,93,,11284,38,0,15 1 16,0,108,,11289,38,0,15 1 16,0,98,,11285,38,0,15 1 16,0,104,,11288,38,0,15 1 16,0,159,,11286,38,0,13 14,0,98,,11280,38,0,13 14,0,115,,11277,38,0,13 14,0,114,,11290,38,0,13 14,0,79,,11291,38,0,13 14,0,108,,11292,38,0,13 14,0
1701,'5518',1559,,11297,38,0,13 14,0,200,,11299,38,0,15 1 16,0,100,,11301,38,0,13 14,0,170,,11302,38,0,13 14,0
1701,'5520',1230,,11305,38,0,15 1 16,0,102,,11308,38,0,15 1 16,0,111,,11310,38,0,15 1 16,0,93,,11313,38,0,15 1 16,0,108,,11318,38,0,15 1 16,0,98,,11314,38,0,15 1 16,0,104,,11317,38,0,15 1 16,0,159,,11315,38,0,13 14,0,98,,11309,38,0,13 14,0,115,,11306,38,0,13 14,0,114,,11319,38,0,13 14,0
1701,'5526',1229,,11325,38,0,15 1 16,0,100,,11326,38,0,15 1 16,0,130,,11323,38,0,15 1 16,0,170,,11327,38,0,15 1 16,0,105,,11328,38,0,15 1 16,0,99,,11330,38,0,13 14,0,105,,11331,38,0,13 14,0,105,,11332,38,0,13 14,0,110,,11329,38,0,13 14,0,159,,11333,38,0,13 14,0
