601,'4532',817,,7275,27,,,0,105,,7276,27,,,0,96,,8309,27,,,0,100,,8310,27,,,0,100,,7274,27,,,0,100,,5638,27,,,0,99,,8311,27,,,0,100,,5642,27,,,0,30,,8313,27,,,0,70,,8315,27,,,0,30,,8318,27,,,0,70,,8316,27,,,0,30,,8317,27,,,0,70,,8314,27,,,0,185,,8312,27,,,0,122,,7285,25,,,0
601,'5475',719,,9953,27,,,0,103,,9954,27,,,0,102,,9955,27,,,0,95,,9957,27,,,0,25,,9956,27,,,0,75,,9958,27,,,0,120,,9959,27,,,0,80,,9960,27,,,0,100,,9961,27,,,0,102,,9962,27,,,0,79,,9963,27,,,0,41,,9964,27,,,0,16,,9965,27,,,0,75,,9968,27,,,0,27,,9966,27,,,0,68,,9967,27,,,0,100,,9969,27,,,0,232,,9970,25,,,0,277,,9971,27,,,0
601,'5518',820,,9972,25,,,0,120,,9973,25,,,0,95,,9976,25,,,0,112,,9975,27,,,0,100,,9974,27,,,0,100,,9979,27,,,0,100,,9977,27,,,0,100,,9978,27,,,0,105,,9980,27,,,0,93,,9981,25,,,0,105,,9983,25,,,0,100,,9982,25,,,0
601,'5520',719,,9984,27,,,0,103,,9985,27,,,0,102,,9986,27,,,0,95,,9988,27,,,0,25,,9987,27,,,0,75,,9989,27,,,0,120,,9990,27,,,0,80,,9991,27,,,0,100,,9992,27,,,0,102,,9993,27,,,0,79,,9994,27,,,0,41,,9995,27,,,0,16,,9996,27,,,0,75,,9999,27,,,0,27,,9997,27,,,0,68,,9998,27,,,0,100,,10000,27,,,0,232,,10001,25,,,0
601,'5526',817,,10003,27,,,0,105,,10004,27,,,0,96,,10006,27,,,0,100,,10007,27,,,0,100,,10002,27,,,0,100,,10005,27,,,0,99,,10008,27,,,0,100,,10009,27,,,0,30,,10011,27,,,0,70,,10013,27,,,0,30,,10017,27,,,0,70,,10014,27,,,0,30,,10016,27,,,0,70,,10012,27,,,0,185,,10010,27,,,0,122,,10015,25,,,0
701,'4532',617,,8442,5,,,0,31,,7513,5,,,0,70,,8434,5,,,0,30,,8419,5,,,0,70,,7477,5,,,0,30,,8420,5,,,0,70,,8421,5,,,0,30,,7487,5,,,0,70,,8428,5,,,0,15,,7505,5,,,0,15,,8427,5,,,0,56,,7506,5,,,0,22,,8429,5,,,0,30,,8426,5,,,0,70,,7493,5,,,0,30,,8424,5,,,0,70,,8430,5,,,0,30,,7489,5,,,0,68,,8438,5,,,0,15,,8431,5,,,0,15,,8439,5,,,0,55,,8432,5,,,0,15,,7508,5,,,0,15,,7485,5,,,0,15,,8440,5,,,0,55,,7495,5,,,0,15,,8437,5,,,0,23,,8425,5,,,0,70,,7499,5,,,0,30,,7480,5,,,0,75,,8423,5,,,0,35,,7484,5,,,0,75,,8435,5,,,0,75,,7503,5,,,0,105,,7482,5,,,0,96,,8422,5,,,0,104,,8433,5,,,0,100,,8436,5,,,0,25,,8441,5,,,0,70,,8443,5,,,0
701,'5475',608,,10199,5,,,0,15,,10200,5,,,0,15,,10201,5,,,0,15,,10202,5,,,0,47,,10203,5,,,0,8,,10204,5,,,0,15,,10205,5,,,0,16,,10206,5,,,0,15,,10207,5,,,0,55,,10208,5,,,0,15,,10209,5,,,0,15,,10210,5,,,0,13,,10211,5,,,0,57,,10212,5,,,0,14,,10248,5,,,0,16,,10213,5,,,0,14,,10253,5,,,0,56,,10214,5,,,0,30,,10215,5,,,0,70,,10216,5,,,0,30,,10217,5,,,0,70,,10218,5,,,0,30,,10219,5,,,0,70,,10220,5,,,0,30,,10221,5,,,0,70,,10222,5,,,0,15,,10223,5,,,0,15,,10224,5,,,0,15,,10225,5,,,0,55,,10226,5,,,0,15,,10227,5,,,0,15,,10228,5,,,0,15,,10229,5,,,0,55,,10230,5,,,0,15,,10231,5,,,0,15,,10232,5,,,0,15,,10233,5,,,0,55,,10234,5,,,0,16,,10235,5,,,0,13,,10249,5,,,0,15,,10250,5,,,0,55,,10236,5,,,0,30,,10237,5,,,0,70,,10238,5,,,0,30,,10239,5,,,0,70,,10240,5,,,0,30,,10241,5,,,0,70,,10242,5,,,0,30,,10243,5,,,0,70,,10244,5,,,0,30,,10245,5,,,0,70,,10246,5,,,0,33,,10247,5,,,0,72,,10251,5,,,0,30,,10252,5,,,0,94,,10254,5,,,0
701,'5518',703,,10255,5,,,0,25,,10256,5,,,0,100,,10257,5,,,0,95,,10258,5,,,0,35,,10261,5,,,0,70,,10259,5,,,0,25,,10260,5,,,0,75,,10268,5,,,0,25,,10263,5,,,0,70,,10262,5,,,0,30,,10265,5,,,0,70,,10275,5,,,0,30,,10267,5,,,0,70,,10271,5,,,0,30,,10266,5,,,0,70,,10264,5,,,0,30,,10270,5,,,0,70,,10274,5,,,0,30,,10269,5,,,0,70,,10276,5,,,0,30,,10272,5,,,0,70,,10278,5,,,0,100,,10273,5,,,0,100,,10281,5,,,0,104,,10277,5,,,0,96,,10279,5,,,0,102,,10280,5,,,0
701,'5520',608,,10283,5,,,0,15,,10284,5,,,0,15,,10285,5,,,0,15,,10286,5,,,0,47,,10287,5,,,0,8,,10288,5,,,0,15,,10289,5,,,0,16,,10290,5,,,0,15,,10291,5,,,0,55,,10292,5,,,0,15,,10293,5,,,0,15,,10294,5,,,0,13,,10295,5,,,0,57,,10296,5,,,0,14,,10332,5,,,0,16,,10297,5,,,0,14,,10337,5,,,0,56,,10298,5,,,0,30,,10299,5,,,0,70,,10300,5,,,0,30,,10301,5,,,0,70,,10302,5,,,0,30,,10303,5,,,0,70,,10304,5,,,0,30,,10305,5,,,0,70,,10306,5,,,0,15,,10307,5,,,0,15,,10308,5,,,0,15,,10309,5,,,0,55,,10310,5,,,0,15,,10311,5,,,0,15,,10312,5,,,0,15,,10313,5,,,0,55,,10314,5,,,0,15,,10315,5,,,0,15,,10316,5,,,0,15,,10317,5,,,0,55,,10318,5,,,0,16,,10319,5,,,0,13,,10333,5,,,0,15,,10334,5,,,0,55,,10320,5,,,0,30,,10321,5,,,0,70,,10322,5,,,0,30,,10323,5,,,0,70,,10324,5,,,0,30,,10325,5,,,0,70,,10326,5,,,0,30,,10327,5,,,0,70,,10328,5,,,0,30,,10329,5,,,0,70,,10330,5,,,0,33,,10331,5,,,0,72,,10335,5,,,0,30,,10336,5,,,0
701,'5526',617,,10376,5,,,0,31,,10375,5,,,0,70,,10363,5,,,0,30,,10338,5,,,0,70,,10339,5,,,0,30,,10340,5,,,0,70,,10341,5,,,0,30,,10349,5,,,0,70,,10354,5,,,0,15,,10367,5,,,0,15,,10353,5,,,0,56,,10368,5,,,0,22,,10356,5,,,0,30,,10352,5,,,0,70,,10355,5,,,0,30,,10348,5,,,0,70,,10358,5,,,0,30,,10351,5,,,0,68,,10371,5,,,0,15,,10359,5,,,0,15,,10372,5,,,0,55,,10360,5,,,0,15,,10370,5,,,0,15,,10347,5,,,0,15,,10373,5,,,0,55,,10357,5,,,0,15,,10369,5,,,0,23,,10350,5,,,0,70,,10361,5,,,0,30,,10342,5,,,0,75,,10345,5,,,0,35,,10346,5,,,0,75,,10364,5,,,0,75,,10365,5,,,0,105,,10344,5,,,0,96,,10343,5,,,0,104,,10362,5,,,0,100,,10366,5,,,0,25,,10374,5,,,0,70,,10377,5,,,0
901,'4532',603,,7750,5,,,0,30,,6173,5,,,0,70,,7743,5,,,0,30,,6156,5,,,0,70,,7724,5,,,0,30,,8579,5,,,0,70,,8577,5,,,0,30,,6135,5,,,0,70,,8578,5,,,0,30,,8580,5,,,0,15,,6166,5,,,0,55,,7729,5,,,0,15,,8588,5,,,0,15,,8582,5,,,0,70,,6143,5,,,0,30,,7732,5,,,0,70,,8581,5,,,0,30,,6145,5,,,0,70,,6146,5,,,0,15,,6171,5,,,0,15,,8583,5,,,0,15,,6168,5,,,0,55,,7735,5,,,0,15,,6170,5,,,0,15,,8584,5,,,0,15,,6165,5,,,0,55,,6153,5,,,0,15,,7748,5,,,0,15,,7734,5,,,0,15,,7749,5,,,0,55,,6147,5,,,0,30,,7736,5,,,0,75,,7738,5,,,0,40,,7745,5,,,0,70,,8585,5,,,0,100,,8586,5,,,0,100,,8587,5,,,0,100,,7739,5,,,0,105,,7744,5,,,0,105,,7746,5,,,0,105,,7751,5,,,0
901,'5475',603,,10589,5,,,0,30,,10590,5,,,0,70,,10591,5,,,0,15,,10592,5,,,0,15,,10593,5,,,0,15,,10594,5,,,0,55,,10595,5,,,0,15,,10596,5,,,0,7,,10597,5,,,0,10,,10598,5,,,0,13,,10599,5,,,0,55,,10600,5,,,0,15,,10601,5,,,0,15,,10602,5,,,0,15,,10603,5,,,0,55,,10604,5,,,0,15,,10605,5,,,0,15,,10606,5,,,0,15,,10607,5,,,0,56,,10608,5,,,0,15,,10609,5,,,0,15,,10610,5,,,0,15,,10611,5,,,0,55,,10612,5,,,0,15,,10613,5,,,0,14,,10614,5,,,0,16,,10615,5,,,0,55,,10616,5,,,0,15,,10617,5,,,0,15,,10618,5,,,0,15,,10619,5,,,0,54,,10620,5,,,0,16,,10621,5,,,0,14,,10622,5,,,0,15,,10623,5,,,0,56,,10624,5,,,0,7,,10625,5,,,0,8,,10626,5,,,0,15,,10627,5,,,0,14,,10628,5,,,0,55,,10629,5,,,0,16,,10630,5,,,0,15,,10631,5,,,0,15,,10632,5,,,0,8,,10633,5,,,0,47,,10634,5,,,0,14,,10635,5,,,0,15,,10636,5,,,0,15,,10637,5,,,0,55,,10638,5,,,0,15,,10639,5,,,0,15,,10640,5,,,0,15,,10641,5,,,0,54,,10642,5,,,0,15,,10643,5,,,0,16,,10644,5,,,0,15,,10645,5,,,0,55,,10646,5,,,0,20,,10647,5,,,0,20,,10648,5,,,0,74,,10649,5,,,0,30,,10650,5,,,0,67,,10651,5,,,0,33,,10652,5,,,0,67,,10653,5,,,0,33,,10654,5,,,0,68,,10655,5,,,0,30,,10656,5,,,0
901,'5518',703,,10657,5,,,0,30,,10660,5,,,0,70,,10658,5,,,0,30,,10659,5,,,0,70,,10664,5,,,0,30,,10661,5,,,0,70,,10663,5,,,0,30,,10662,5,,,0,70,,10667,5,,,0,30,,10665,5,,,0,70,,10666,5,,,0,30,,10671,5,,,0,70,,10669,5,,,0,30,,10672,5,,,0,70,,10668,5,,,0,30,,10670,5,,,0,70,,10684,5,,,0,30,,10674,5,,,0,70,,10675,5,,,0,30,,10673,5,,,0,70,,10676,5,,,0,30,,10677,5,,,0,70,,10689,5,,,0,30,,10681,5,,,0,70,,10678,5,,,0,30,,10680,5,,,0,70,,10679,5,,,0,30,,10682,5,,,0,70,,10688,5,,,0,30,,10683,5,,,0,70,,10685,5,,,0,30,,10686,5,,,0,70,,10687,5,,,0,30,,10690,5,,,0
901,'5520',603,,10691,5,,,0,30,,10692,5,,,0,70,,10693,5,,,0,15,,10694,5,,,0,15,,10695,5,,,0,15,,10696,5,,,0,55,,10697,5,,,0,15,,10698,5,,,0,7,,10699,5,,,0,10,,10700,5,,,0,13,,10701,5,,,0,55,,10702,5,,,0,15,,10703,5,,,0,15,,10704,5,,,0,15,,10705,5,,,0,55,,10706,5,,,0,15,,10707,5,,,0,15,,10708,5,,,0,15,,10709,5,,,0,56,,10710,5,,,0,15,,10711,5,,,0,15,,10712,5,,,0,15,,10713,5,,,0,55,,10714,5,,,0,15,,10715,5,,,0,14,,10716,5,,,0,16,,10717,5,,,0,55,,10718,5,,,0,15,,10719,5,,,0,15,,10720,5,,,0,15,,10721,5,,,0,54,,10722,5,,,0,16,,10723,5,,,0,14,,10724,5,,,0,15,,10725,5,,,0,56,,10726,5,,,0,7,,10727,5,,,0,8,,10728,5,,,0,15,,10729,5,,,0,14,,10730,5,,,0,55,,10731,5,,,0,16,,10732,5,,,0,15,,10733,5,,,0,15,,10734,5,,,0,8,,10735,5,,,0,47,,10736,5,,,0,14,,10737,5,,,0,15,,10738,5,,,0,15,,10739,5,,,0,55,,10740,5,,,0,15,,10741,5,,,0,15,,10742,5,,,0,15,,10743,5,,,0,54,,10744,5,,,0,15,,10745,5,,,0,16,,10746,5,,,0,15,,10747,5,,,0,55,,10748,5,,,0,20,,10749,5,,,0,20,,10750,5,,,0,74,,10751,5,,,0,30,,10752,5,,,0,67,,10753,5,,,0,33,,10754,5,,,0,67,,10755,5,,,0,33,,10756,5,,,0,68,,10757,5,,,0,30,,10758,5,,,0
901,'5526',603,,10797,5,,,0,30,,10798,5,,,0,70,,10785,5,,,0,30,,10781,5,,,0,70,,10759,5,,,0,30,,10763,5,,,0,70,,10761,5,,,0,30,,10760,5,,,0,70,,10762,5,,,0,30,,10764,5,,,0,15,,10791,5,,,0,55,,10765,5,,,0,15,,10789,5,,,0,15,,10767,5,,,0,70,,10768,5,,,0,30,,10769,5,,,0,70,,10766,5,,,0,30,,10770,5,,,0,70,,10771,5,,,0,15,,10796,5,,,0,15,,10773,5,,,0,15,,10793,5,,,0,55,,10775,5,,,0,15,,10795,5,,,0,15,,10777,5,,,0,15,,10790,5,,,0,55,,10778,5,,,0,15,,10792,5,,,0,15,,10774,5,,,0,15,,10794,5,,,0,55,,10772,5,,,0,30,,10776,5,,,0,75,,10779,5,,,0,40,,10787,5,,,0,70,,10782,5,,,0,100,,10783,5,,,0,100,,10784,5,,,0,100,,10780,5,,,0,105,,10786,5,,,0,105,,10788,5,,,0,105,,10799,5,,,0
1600,'5475',705,,11105,28,,,0
1600,'5520',705,,11134,28,,,0
7001,'5475',1512,,11458,3,,,0
7001,'5520',1512,,11459,3,,,0
7301,'5475',1511,,11466,3,,,0
7301,'5520',1511,,11467,3,,,0
7701,'5475',1527,,11475,3,,,0
7701,'5520',1527,,11476,3,,,0
