401,'4532',805,,7104,6,,,0,25,,7105,6,,,0,25,,7107,6,,,0,65,,7106,6,,,0,25,,7108,6,,,0,65,,7110,6,,,0,25,,7111,6,,,0,66,,7112,6,,,0,25,,7109,6,,,0,26,,7114,6,,,0,66,,7116,6,,,0,28,,8295,6,,,0,67,,7115,6,,,0,28,,8296,6,,,0,67,,7119,6,,,0,30,,8299,6,,,0,67,,7123,6,,,0,29,,8298,6,,,0,67,,7124,6,,,0,26,,8300,6,,,0,27,,7120,6,,,0,67,,8297,6,,,0,27,,7126,6,,,0,67,,8301,6,,,0,35,,7127,6,,,0,100,,7129,6,,,0,100,,7130,6,,,0,100,,7131,6,,,0,100,,8302,6,,,0
401,'5475',611,,9669,6,,,0,25,,9673,6,,,0,87,,9671,6,,,0,30,,9675,6,,,0,70,,9672,6,,,0,30,,9676,6,,,0,70,,9697,6,,,0,30,,9670,6,,,0,70,,9679,6,,,0,30,,9680,6,,,0,71,,9678,6,,,0,30,,9677,6,,,0,70,,9686,6,,,0,30,,9698,6,,,0,70,,9685,6,,,0,30,,9674,6,,,0,70,,9695,6,,,0,30,,9684,6,,,0,61,,9699,6,,,0,10,,9694,6,,,0,30,,9691,6,,,0,52,,9700,6,,,0,18,,9682,6,,,0,30,,9681,6,,,0,69,,9690,6,,,0,30,,9683,6,,,0,69,,9692,6,,,0,97,,9693,6,,,0,97,,9688,6,,,0,100,,9687,6,,,0,100,,9689,6,,,0,118,,9696,6,,,0,15,,9701,6,,,0,150,,9702,6,,,0
401,'5518',818,,9706,6,,,0,117,,9703,6,,,0,120,,9704,6,,,0,160,,9705,6,,,0,94,,9709,6,,,0,126,,9707,6,,,0,167,,9708,6,,,0,125,,9710,6,,,0,120,,9711,6,,,0
401,'5520',611,,9712,6,,,0,25,,9716,6,,,0,87,,9714,6,,,0,30,,9718,6,,,0,70,,9715,6,,,0,30,,9719,6,,,0,70,,9740,6,,,0,30,,9713,6,,,0,70,,9722,6,,,0,30,,9723,6,,,0,71,,9721,6,,,0,30,,9720,6,,,0,70,,9729,6,,,0,30,,9741,6,,,0,70,,9728,6,,,0,30,,9717,6,,,0,70,,9738,6,,,0,30,,9727,6,,,0,61,,9742,6,,,0,10,,9737,6,,,0,30,,9734,6,,,0,52,,9743,6,,,0,18,,9725,6,,,0,30,,9724,6,,,0,69,,9733,6,,,0,30,,9726,6,,,0,69,,9735,6,,,0,97,,9736,6,,,0,97,,9731,6,,,0,100,,9730,6,,,0,100,,9732,6,,,0,118,,9739,6,,,0
401,'5526',805,,9744,6,,,0,25,,9745,6,,,0,25,,9747,6,,,0,65,,9746,6,,,0,25,,9748,6,,,0,65,,9750,6,,,0,25,,9751,6,,,0,66,,9752,6,,,0,25,,9749,6,,,0,26,,9754,6,,,0,66,,9756,6,,,0,28,,9753,6,,,0,67,,9755,6,,,0,28,,9757,6,,,0,67,,9759,6,,,0,30,,9762,6,,,0,67,,9763,6,,,0,29,,9761,6,,,0,67,,9764,6,,,0,26,,9765,6,,,0,27,,9760,6,,,0,67,,9758,6,,,0,27,,9766,6,,,0,67,,9768,6,,,0,35,,9767,6,,,0,100,,9769,6,,,0,100,,9770,6,,,0,100,,9771,6,,,0,100,,9772,6,,,0
901,'4532',614,,7750,18,,,0,30,,6173,18,,,0,72,,7743,18,,,0,30,,6156,18,,,0,71,,7724,18,,,0,30,,8579,18,,,0,72,,8577,18,,,0,30,,6135,18,,,0,70,,8578,18,,,0,29,,8580,18,,,0,55,,6166,18,,,0,15,,7729,18,,,0,15,,8588,18,,,0,15,,8582,18,,,0,72,,6143,18,,,0,30,,7732,18,,,0,70,,8581,18,,,0,31,,6145,18,,,0,70,,6146,18,,,0,13,,6171,18,,,0,15,,8583,18,,,0,55,,6168,18,,,0,15,,7735,18,,,0,15,,6170,18,,,0,15,,8584,18,,,0,55,,6165,18,,,0,15,,6153,18,,,0,15,,7748,18,,,0,15,,7734,18,,,0,55,,7749,18,,,0,15,,6147,18,,,0,30,,7736,18,,,0,75,,7738,18,,,0,80,,7745,18,,,0,30,,8585,18,,,0,100,,8586,18,,,0,100,,8587,18,,,0,99,,7739,18,,,0,104,,7744,18,,,0,103,,7746,18,,,0,103,,7751,18,,,0
901,'5475',614,,10589,18,,,0,31,,10590,18,,,0,71,,10591,18,,,0,16,,10592,18,,,0,16,,10593,18,,,0,57,,10594,18,,,0,15,,10595,18,,,0,14,,10596,18,,,0,7,,10597,18,,,0,9,,10598,18,,,0,53,,10599,18,,,0,15,,10600,18,,,0,15,,10601,18,,,0,15,,10602,18,,,0,55,,10603,18,,,0,15,,10604,18,,,0,15,,10605,18,,,0,15,,10606,18,,,0,55,,10607,18,,,0,16,,10608,18,,,0,15,,10609,18,,,0,15,,10610,18,,,0,55,,10611,18,,,0,15,,10612,18,,,0,15,,10613,18,,,0,15,,10614,18,,,0,56,,10615,18,,,0,15,,10616,18,,,0,15,,10617,18,,,0,15,,10618,18,,,0,55,,10619,18,,,0,14,,10620,18,,,0,16,,10621,18,,,0,14,,10622,18,,,0,55,,10623,18,,,0,17,,10624,18,,,0,7,,10625,18,,,0,8,,10626,18,,,0,16,,10627,18,,,0,54,,10628,18,,,0,15,,10629,18,,,0,17,,10630,18,,,0,15,,10631,18,,,0,55,,10632,18,,,0,7,,10633,18,,,0,6,,10634,18,,,0,14,,10635,18,,,0,15,,10636,18,,,0,55,,10637,18,,,0,13,,10638,18,,,0,15,,10639,18,,,0,15,,10640,18,,,0,55,,10641,18,,,0,14,,10642,18,,,0,15,,10643,18,,,0,16,,10644,18,,,0,54,,10645,18,,,0,15,,10646,18,,,0,20,,10647,18,,,0,20,,10648,18,,,0,74,,10649,18,,,0,70,,10650,18,,,0,26,,10651,18,,,0,73,,10652,18,,,0,27,,10653,18,,,0,32,,10654,18,,,0,66,,10655,18,,,0,30,,10656,18,,,0
901,'5518',715,,10657,18,,,0,30,,10660,18,,,0,70,,10658,18,,,0,30,,10659,18,,,0,70,,10664,18,,,0,31,,10661,18,,,0,70,,10663,18,,,0,30,,10662,18,,,0,70,,10667,18,,,0,31,,10665,18,,,0,70,,10666,18,,,0,31,,10671,18,,,0,70,,10669,18,,,0,30,,10672,18,,,0,70,,10668,18,,,0,30,,10670,18,,,0,71,,10684,18,,,0,30,,10674,18,,,0,70,,10675,18,,,0,29,,10673,18,,,0,70,,10676,18,,,0,30,,10677,18,,,0,70,,10689,18,,,0,30,,10681,18,,,0,70,,10678,18,,,0,28,,10680,18,,,0,70,,10679,18,,,0,30,,10682,18,,,0,70,,10688,18,,,0,30,,10683,18,,,0,70,,10685,18,,,0,29,,10686,18,,,0,70,,10687,18,,,0,30,,10690,18,,,0
901,'5520',614,,10691,18,,,0,31,,10692,18,,,0,71,,10693,18,,,0,16,,10694,18,,,0,16,,10695,18,,,0,57,,10696,18,,,0,15,,10697,18,,,0,14,,10698,18,,,0,7,,10699,18,,,0,9,,10700,18,,,0,53,,10701,18,,,0,15,,10702,18,,,0,15,,10703,18,,,0,15,,10704,18,,,0,55,,10705,18,,,0,15,,10706,18,,,0,15,,10707,18,,,0,15,,10708,18,,,0,55,,10709,18,,,0,16,,10710,18,,,0,15,,10711,18,,,0,15,,10712,18,,,0,55,,10713,18,,,0,15,,10714,18,,,0,15,,10715,18,,,0,15,,10716,18,,,0,56,,10717,18,,,0,15,,10718,18,,,0,15,,10719,18,,,0,15,,10720,18,,,0,55,,10721,18,,,0,14,,10722,18,,,0,16,,10723,18,,,0,14,,10724,18,,,0,55,,10725,18,,,0,17,,10726,18,,,0,7,,10727,18,,,0,8,,10728,18,,,0,16,,10729,18,,,0,54,,10730,18,,,0,15,,10731,18,,,0,17,,10732,18,,,0,15,,10733,18,,,0,55,,10734,18,,,0,7,,10735,18,,,0,6,,10736,18,,,0,14,,10737,18,,,0,15,,10738,18,,,0,55,,10739,18,,,0,13,,10740,18,,,0,15,,10741,18,,,0,15,,10742,18,,,0,55,,10743,18,,,0,14,,10744,18,,,0,15,,10745,18,,,0,16,,10746,18,,,0,54,,10747,18,,,0,15,,10748,18,,,0,20,,10749,18,,,0,20,,10750,18,,,0,74,,10751,18,,,0,70,,10752,18,,,0,26,,10753,18,,,0,73,,10754,18,,,0,27,,10755,18,,,0,32,,10756,18,,,0,66,,10757,18,,,0,30,,10758,18,,,0
901,'5526',614,,10797,18,,,0,30,,10798,18,,,0,72,,10785,18,,,0,30,,10781,18,,,0,71,,10759,18,,,0,30,,10763,18,,,0,72,,10761,18,,,0,30,,10760,18,,,0,70,,10762,18,,,0,29,,10764,18,,,0,55,,10791,18,,,0,15,,10765,18,,,0,15,,10789,18,,,0,15,,10767,18,,,0,72,,10768,18,,,0,30,,10769,18,,,0,70,,10766,18,,,0,31,,10770,18,,,0,70,,10771,18,,,0,13,,10796,18,,,0,15,,10773,18,,,0,55,,10793,18,,,0,15,,10775,18,,,0,15,,10795,18,,,0,15,,10777,18,,,0,55,,10790,18,,,0,15,,10778,18,,,0,15,,10792,18,,,0,15,,10774,18,,,0,55,,10794,18,,,0,15,,10772,18,,,0,30,,10776,18,,,0,75,,10779,18,,,0,80,,10787,18,,,0,30,,10782,18,,,0,100,,10783,18,,,0,100,,10784,18,,,0,99,,10780,18,,,0,104,,10786,18,,,0,103,,10788,18,,,0,103,,10799,18,,,0
7100,'5475',749,,11460,11,4,,0
7100,'5520',749,,11461,11,4,,0
7401,'5475',1526,,11468,2,,,0
7401,'5522',1526,,11469,2,,,0
7401,'5525',1426,,11470,2,,,0
