301,'4532',840,,6973,16,,,0,70,,6975,16,,,0,31,,6980,16,,,0,70,,6978,16,,,0,30,,8253,16,,,0,70,,6976,16,,,0,30,,6979,16,,,0,70,,8251,16,,,0,30,,8254,16,,,0,70,,5333,16,,,0,30,,8255,16,,,0,70,,6983,16,,,0,30,,5332,16,,,0,70,,6984,16,,,0,30,,5338,16,,,0,70,,8256,16,,,0,30,,5342,16,,,0,70,,6985,16,,,0,30,,6990,16,,,0,75,,8257,16,,,0,25,,8258,16,,,0,85,,8259,16,,,0,105,,8260,16,,,0,105,,8261,16,,,0,104,,8262,16,,,0,100,,8263,16,,,0
301,'5475',648,,9450,16,,,0,9,,9449,16,,,0,71,,9442,16,,,0,17,,9451,16,,,0,56,,9461,16,,,0,20,,9445,16,,,0,20,,9452,16,,,0,70,,9460,16,,,0,30,,9457,16,,,0,71,,9475,16,,,0,30,,9439,16,,,0,70,,9436,16,,,0,30,,9462,16,,,0,70,,9446,16,,,0,30,,9474,16,,,0,71,,9468,16,,,0,30,,9467,16,,,0,71,,9473,16,,,0,15,,9466,16,,,0,15,,9471,16,,,0,10,,9476,16,,,0,60,,9469,16,,,0,15,,9464,16,,,0,15,,9444,16,,,0,15,,9443,16,,,0,55,,9440,16,,,0,15,,9472,16,,,0,15,,9441,16,,,0,14,,9455,16,,,0,55,,9454,16,,,0,15,,9447,16,,,0,15,,9448,16,,,0,70,,9470,16,,,0,29,,9459,16,,,0,70,,9477,16,,,0,30,,9437,16,,,0,99,,9465,16,,,0,100,,9456,16,,,0,100,,9463,16,,,0,98,,9435,16,,,0,100,,9478,16,,,0
301,'5518',837,,9479,16,,,0,100,,9480,16,,,0,101,,9485,16,,,0,103,,9481,16,,,0,97,,9486,16,,,0,100,,9482,16,,,0,100,,9483,16,,,0,100,,9488,16,,,0,100,,9484,16,,,0,98,,9490,16,,,0,100,,9487,16,,,0,106,,9489,16,,,0,99,,9491,16,,,0,100,,9492,16,,,0
301,'5520',648,,9508,16,,,0,9,,9507,16,,,0,71,,9500,16,,,0,17,,9509,16,,,0,56,,9519,16,,,0,20,,9503,16,,,0,20,,9510,16,,,0,70,,9518,16,,,0,30,,9515,16,,,0,71,,9533,16,,,0,30,,9497,16,,,0,70,,9494,16,,,0,30,,9520,16,,,0,70,,9504,16,,,0,30,,9532,16,,,0,71,,9526,16,,,0,30,,9525,16,,,0,71,,9531,16,,,0,15,,9524,16,,,0,15,,9529,16,,,0,10,,9534,16,,,0,60,,9527,16,,,0,15,,9522,16,,,0,15,,9502,16,,,0,15,,9501,16,,,0,55,,9498,16,,,0,15,,9530,16,,,0,15,,9499,16,,,0,14,,9513,16,,,0,55,,9512,16,,,0,15,,9505,16,,,0,15,,9506,16,,,0,70,,9528,16,,,0,29,,9517,16,,,0,70,,9535,16,,,0,30,,9495,16,,,0,99,,9523,16,,,0,100,,9514,16,,,0,100,,9521,16,,,0,98,,9493,16,,,0
301,'5526',840,,9538,16,,,0,70,,9541,16,,,0,31,,9546,16,,,0,70,,9544,16,,,0,30,,9543,16,,,0,70,,9542,16,,,0,30,,9545,16,,,0,70,,9537,16,,,0,30,,9547,16,,,0,70,,9549,16,,,0,30,,9550,16,,,0,70,,9551,16,,,0,30,,9548,16,,,0,70,,9552,16,,,0,30,,9554,16,,,0,70,,9555,16,,,0,30,,9558,16,,,0,70,,9553,16,,,0,30,,9560,16,,,0,75,,9556,16,,,0,25,,9557,16,,,0,85,,9559,16,,,0,105,,9561,16,,,0,105,,9562,16,,,0,104,,9563,16,,,0,100,,9564,16,,,0
1301,'4532',811,,6254,5,,,0,105,,6255,5,,,0,100,,6259,5,,,0,100,,6253,5,,,0,195,,6257,5,,,0,145,,6256,5,,,0,100,,6260,5,,,0,100,,6261,5,,,0,100,,6262,5,,,0,100,,6258,5,,,0,100,,6263,5,,,0
1301,'5475',806,,10964,5,,,0,108,,10967,5,,,0,100,,10966,5,,,0,100,,10965,5,,,0,210,,10963,5,,,0,103,,10968,5,,,0,108,,10969,5,,,0,108,,10970,5,,,0,108,,10971,5,,,0,105,,10972,5,,,0,600,,10973,5,,,0
1301,'5518',1121,,10976,5,,,0,325,,10974,5,,,0,270,,10975,5,,,0
1301,'5520',806,,10978,5,,,0,108,,10981,5,,,0,100,,10980,5,,,0,100,,10979,5,,,0,210,,10977,5,,,0,103,,10982,5,,,0,108,,10983,5,,,0,108,,10984,5,,,0,108,,10985,5,,,0,105,,10986,5,,,0
1301,'5526',811,,10988,5,,,0,105,,10989,5,,,0,100,,10993,5,,,0,100,,10987,5,,,0,195,,10991,5,,,0,145,,10990,5,,,0,100,,10994,5,,,0,100,,10995,5,,,0,100,,10996,5,,,0,100,,10992,5,,,0,100,,10997,5,,,0
1401,'4532',747,,8664,5,,,0,175,,8666,5,,,0,95,,7828,5,,,0,101,,7826,5,,,0,100,,6322,5,,,0,100,,8667,5,,,0,105,,6321,5,,,0,210,,6325,5,,,0,209,,8665,5,,,0,100,,7827,5,,,0
1401,'5475',602,,11056,5,,,0,30,,11057,5,,,0,85,,11049,5,,,0,26,,11051,5,,,0,84,,11054,5,,,0,91,,11052,5,,,0,114,,11050,5,,,0,185,,11058,5,,,0,216,,11053,5,,,0,115,,11060,5,,,0,80,,11059,5,,,0,75,,11061,5,,,0,39,,11062,5,,,0,105,,11055,5,,,0,155,,11063,5,,,0,30,,11064,5,,,0,326,,11066,5,,,0,69,,11065,5,,,0
1401,'5518',852,,11068,5,,,0,200,,11067,5,,,0,170,,11072,5,,,0,95,,11070,5,,,0,100,,11069,5,,,0,130,,11071,5,,,0,265,,11073,5,,,0
1401,'5520',602,,11081,5,,,0,30,,11082,5,,,0,85,,11074,5,,,0,26,,11076,5,,,0,84,,11079,5,,,0,91,,11077,5,,,0,114,,11075,5,,,0,185,,11083,5,,,0,216,,11078,5,,,0,115,,11085,5,,,0,80,,11084,5,,,0,75,,11086,5,,,0,39,,11087,5,,,0,105,,11080,5,,,0,155,,11088,5,,,0,30,,11089,5,,,0
1401,'5526',747,,11090,5,,,0,175,,11094,5,,,0,95,,11098,5,,,0,101,,11096,5,,,0,100,,11092,5,,,0,100,,11099,5,,,0,105,,11091,5,,,0,210,,11095,5,,,0,209,,11093,5,,,0,100,,11097,5,,,0
