401,'4532',817,,7104,19,,,0,25,,7105,19,,,0,65,,7107,19,,,0,25,,7106,19,,,0,26,,7108,19,,,0,65,,7110,19,,,0,25,,7111,19,,,0,66,,7112,19,,,0,25,,7109,19,,,0,67,,7114,19,,,0,27,,7116,19,,,0,68,,8295,19,,,0,27,,7115,19,,,0,28,,8296,19,,,0,67,,7119,19,,,0,29,,8299,19,,,0,67,,7123,19,,,0,29,,8298,19,,,0,67,,7124,19,,,0,26,,8300,19,,,0,67,,7120,19,,,0,27,,8297,19,,,0,67,,7126,19,,,0,26,,8301,19,,,0,74,,7127,19,,,0,100,,7129,19,,,0,100,,7130,19,,,0,99,,7131,19,,,0,100,,8302,19,,,0
401,'5475',621,,9669,19,,,0,26,,9673,19,,,0,87,,9671,19,,,0,73,,9675,19,,,0,30,,9672,19,,,0,69,,9676,19,,,0,30,,9697,19,,,0,70,,9670,19,,,0,31,,9679,19,,,0,70,,9680,19,,,0,32,,9678,19,,,0,70,,9677,19,,,0,30,,9686,19,,,0,70,,9698,19,,,0,30,,9685,19,,,0,70,,9674,19,,,0,30,,9695,19,,,0,70,,9684,19,,,0,22,,9699,19,,,0,10,,9694,19,,,0,70,,9691,19,,,0,12,,9700,19,,,0,18,,9682,19,,,0,70,,9681,19,,,0,28,,9690,19,,,0,69,,9683,19,,,0,28,,9692,19,,,0,97,,9693,19,,,0,96,,9688,19,,,0,98,,9687,19,,,0,100,,9689,19,,,0,118,,9696,19,,,0,56,,9701,19,,,0,109,,9702,19,,,0
401,'5518',829,,9706,19,,,0,119,,9703,19,,,0,160,,9704,19,,,0,120,,9705,19,,,0,95,,9709,19,,,0,126,,9707,19,,,0,167,,9708,19,,,0,124,,9710,19,,,0,160,,9711,19,,,0
401,'5520',621,,9712,19,,,0,26,,9716,19,,,0,87,,9714,19,,,0,73,,9718,19,,,0,30,,9715,19,,,0,69,,9719,19,,,0,30,,9740,19,,,0,70,,9713,19,,,0,31,,9722,19,,,0,70,,9723,19,,,0,32,,9721,19,,,0,70,,9720,19,,,0,30,,9729,19,,,0,70,,9741,19,,,0,30,,9728,19,,,0,70,,9717,19,,,0,30,,9738,19,,,0,70,,9727,19,,,0,22,,9742,19,,,0,10,,9737,19,,,0,70,,9734,19,,,0,12,,9743,19,,,0,18,,9725,19,,,0,70,,9724,19,,,0,28,,9733,19,,,0,69,,9726,19,,,0,28,,9735,19,,,0,97,,9736,19,,,0,96,,9731,19,,,0,98,,9730,19,,,0,100,,9732,19,,,0,118,,9739,19,,,0
401,'5526',817,,9744,19,,,0,25,,9745,19,,,0,65,,9747,19,,,0,25,,9746,19,,,0,26,,9748,19,,,0,65,,9750,19,,,0,25,,9751,19,,,0,66,,9752,19,,,0,25,,9749,19,,,0,67,,9754,19,,,0,27,,9756,19,,,0,68,,9753,19,,,0,27,,9755,19,,,0,28,,9757,19,,,0,67,,9759,19,,,0,29,,9762,19,,,0,67,,9763,19,,,0,29,,9761,19,,,0,67,,9764,19,,,0,26,,9765,19,,,0,67,,9760,19,,,0,27,,9758,19,,,0,67,,9766,19,,,0,26,,9768,19,,,0,74,,9767,19,,,0,100,,9769,19,,,0,100,,9770,19,,,0,99,,9771,19,,,0,100,,9772,19,,,0
7001,'5475',1526,,11458,17,,,0
7001,'5520',1526,,11459,17,,,0
7100,'5475',731,,11460,4,,,0
7100,'5520',731,,11461,4,,,0
7200,'5475',738,,11462,4,,,0
7200,'5520',738,,11463,4,,,0
7401,'5475',1537,,11468,14,,,0
7401,'5522',1537,,11469,14,,,0
7401,'5525',1437,,11470,14,,,0
7701,'5475',1543,,11475,17,,,0
7701,'5520',1543,,11476,17,,,0
