300,'4532',727,,8214,28,,,0,30,,8213,28,,,0,77,,5240,28,,,0,76,,6907,28,,,0,30,,6908,28,,,0,71,,6906,28,,,0,30,,6905,28,,,0,70,,8215,28,,,0,30,,6910,28,,,0,70,,6912,28,,,0,31,,8216,28,,,0,70,,8219,28,,,0,30,,5252,28,,,0,70,,8218,28,,,0,30,,6917,28,,,0,71,,5255,28,,,0,30,,6916,28,,,0,70,,5257,28,,,0,30,,8217,28,,,0,69,,5258,28,,,0,30,,6918,28,,,0,70,,6920,28,,,0,35,,8221,28,,,0,64,,8222,28,,,0,45,,8223,28,,,0,145,,8225,28,,,0,105,,8226,28,,,0,102,,8220,28,,,0,98,,8224,28,,,0
300,'5475',637,,9331,28,,,0,22,,9318,28,,,0,60,,9311,28,,,0,9,,9312,28,,,0,16,,9306,28,,,0,59,,9334,28,,,0,18,,9320,28,,,0,15,,9323,28,,,0,19,,9324,28,,,0,59,,9316,28,,,0,31,,9317,28,,,0,70,,9319,28,,,0,31,,9341,28,,,0,70,,9326,28,,,0,30,,9314,28,,,0,71,,9328,28,,,0,30,,9340,28,,,0,70,,9302,28,,,0,31,,9325,28,,,0,72,,9303,28,,,0,33,,9335,28,,,0,55,,9313,28,,,0,15,,9321,28,,,0,10,,9342,28,,,0,4,,9344,28,,,0,14,,9305,28,,,0,52,,9304,28,,,0,15,,9332,28,,,0,15,,9308,28,,,0,15,,9310,28,,,0,55,,9339,28,,,0,14,,9322,28,,,0,14,,9301,28,,,0,14,,9307,28,,,0,55,,9330,28,,,0,15,,9309,28,,,0,28,,9338,28,,,0,69,,9329,28,,,0,30,,9343,28,,,0,70,,9327,28,,,0,99,,9337,28,,,0,99,,9333,28,,,0,99,,9336,28,,,0,95,,9300,28,0,17 18 19,0,101,,9345,28,,,0
300,'5518',813,,9346,28,,,0,93,,9348,28,,,0,100,,9347,28,,,0,101,,9353,28,,,0,104,,9349,28,,,0,100,,9355,28,,,0,100,,9350,28,,,0,100,,9351,28,,,0,100,,9356,28,,,0,99,,9352,28,,,0,97,,9358,28,,,0,98,,9354,28,,,0,106,,9357,28,,,0,98,,9359,28,,,0,100,,9360,28,0,17 18 19,0
300,'5520',637,,9392,28,,,0,22,,9379,28,,,0,60,,9372,28,,,0,9,,9373,28,,,0,16,,9367,28,,,0,59,,9395,28,,,0,18,,9381,28,,,0,15,,9384,28,,,0,19,,9385,28,,,0,59,,9377,28,,,0,31,,9378,28,,,0,70,,9380,28,,,0,31,,9402,28,,,0,70,,9387,28,,,0,30,,9375,28,,,0,71,,9389,28,,,0,30,,9401,28,,,0,70,,9363,28,,,0,31,,9386,28,,,0,72,,9364,28,,,0,33,,9396,28,,,0,55,,9374,28,,,0,15,,9382,28,,,0,10,,9403,28,,,0,4,,9405,28,,,0,14,,9366,28,,,0,52,,9365,28,,,0,15,,9393,28,,,0,15,,9369,28,,,0,15,,9371,28,,,0,55,,9400,28,,,0,14,,9383,28,,,0,14,,9362,28,,,0,14,,9368,28,,,0,55,,9391,28,,,0,15,,9370,28,,,0,28,,9399,28,,,0,69,,9390,28,,,0,30,,9404,28,,,0,70,,9388,28,,,0,99,,9398,28,,,0,99,,9394,28,,,0,99,,9397,28,,,0,95,,9361,28,0,17 18 19,0
300,'5526',727,,9407,28,,,0,30,,9406,28,,,0,77,,9408,28,,,0,76,,9411,28,,,0,30,,9412,28,,,0,71,,9410,28,,,0,30,,9409,28,,,0,70,,9413,28,,,0,30,,9414,28,,,0,70,,9416,28,,,0,31,,9415,28,,,0,70,,9419,28,,,0,30,,9420,28,,,0,70,,9418,28,,,0,30,,9422,28,,,0,71,,9423,28,,,0,30,,9421,28,,,0,70,,9425,28,,,0,30,,9417,28,,,0,69,,9426,28,,,0,30,,9424,28,,,0,70,,9428,28,,,0,35,,9429,28,,,0,64,,9430,28,,,0,45,,9431,28,,,0,145,,9433,28,,,0,105,,9434,28,,,0,102,,9427,28,,,0,98,,9432,28,,,0
1300,'4532',757,,6229,22,,,0,102,,6230,22,,,0,145,,6228,22,,,0,100,,6231,22,,,0,102,,6232,22,,,0,197,,6235,22,,,0,146,,6236,22,,,0,100,,6233,22,,,0,99,,6237,22,,,0,100,,6238,22,,,0,99,,6234,22,,,0,99,,6239,22,,,0
1300,'5475',720,,10924,22,,,0,135,,10926,22,,,0,148,,10928,22,,,0,100,,10927,22,,,0,100,,10929,22,,,0,213,,10925,22,,,0,108,,10930,22,,,0,108,,10931,22,,,0,108,,10932,22,,,0,105,,10933,22,,,0,105,,10934,22,,,0,593,,10935,22,,,0
1300,'5518',846,,10937,22,,,0,363,,10938,22,,,0,325,,10936,22,,,0,271,,10939,22,,,0
1300,'5520',720,,10940,22,,,0,135,,10942,22,,,0,148,,10944,22,,,0,100,,10943,22,,,0,100,,10945,22,,,0,213,,10941,22,,,0,108,,10946,22,,,0,108,,10947,22,,,0,108,,10948,22,,,0,105,,10949,22,,,0,105,,10950,22,,,0
1300,'5526',757,,10952,22,,,0,102,,10953,22,,,0,145,,10951,22,,,0,100,,10954,22,,,0,102,,10955,22,,,0,197,,10958,22,,,0,146,,10959,22,,,0,100,,10956,22,,,0,99,,10960,22,,,0,100,,10961,22,,,0,99,,10957,22,,,0,99,,10962,22,,,0
1400,'4532',809,,8658,18,,,0,135,,8660,18,,,0,96,,7811,18,,,0,101,,7808,18,,,0,100,,6289,18,,,0,100,,8661,18,,,0,105,,6291,18,,,0,213,,6292,18,,,0,245,,8659,18,,,0,100,,7810,18,,,0
1400,'5475',622,,11006,18,,,0,31,,11005,18,,,0,89,,10998,18,,,0,86,,11000,61,0,7 8 2 9 2 10,0,23,,11003,18,,,0,91,,11001,18,,,0,114,,10999,18,,,0,185,,11007,18,,,0,372,,11008,18,,,0,39,,11009,18,,,0,75,,11010,18,,,0,79,,11011,18,,,0,105,,11004,18,,,0,114,,11012,18,,,0,30,,11013,18,,,0,365,,11015,18,,,0,29,,11014,18,,,0
1400,'5518',914,,11017,18,,,0,200,,11016,18,,,0,130,,11021,18,,,0,95,,11018,18,,,0,100,,11019,18,,,0,170,,11020,18,,,0,225,,11022,18,,,0
1400,'5520',622,,11031,18,,,0,31,,11030,18,,,0,89,,11023,18,,,0,86,,11025,61,0,7 8 2 9 2 10,0,23,,11028,18,,,0,91,,11026,18,,,0,114,,11024,18,,,0,185,,11032,18,,,0,372,,11033,18,,,0,39,,11034,18,,,0,75,,11035,18,,,0,79,,11036,18,,,0,105,,11029,18,,,0,114,,11037,18,,,0,30,,11038,18,,,0
1400,'5526',809,,11039,18,,,0,135,,11042,18,,,0,96,,11048,18,,,0,101,,11045,18,,,0,100,,11041,18,,,0,100,,11046,18,,,0,105,,11043,18,,,0,213,,11044,18,,,0,245,,11040,18,,,0,100,,11047,18,,,0
8100,'5475',821,,11489,71,,,0
8100,'5520',821,,11490,71,,,0
8101,'5475',1550,,11491,54,,,0
8101,'5522',1550,,11492,54,,,0
8101,'5525',1444,,11493,54,,,0
