1401,'4532',751,,8664,8,,,0,175,,8666,8,,,0,95,,7828,8,,,0,101,,7826,8,,,0,100,,6322,8,,,0,100,,8667,8,,,0,105,,6321,8,,,0,210,,6325,8,,,0,209,,8665,8,,,0,100,,7827,8,,,0
1401,'5475',605,,11056,8,,,0,31,,11057,8,,,0,85,,11049,8,,,0,26,,11051,8,,,0,84,,11054,8,,,0,91,,11052,8,,,0,114,,11050,8,,,0,185,,11058,8,,,0,217,,11053,8,,,0,115,,11060,8,,,0,79,,11059,8,,,0,75,,11061,8,,,0,39,,11062,8,,,0,105,,11055,8,,,0,155,,11063,8,,,0,30,,11064,8,,,0,366,,11066,8,,,0,29,,11065,8,,,0
1401,'5518',856,,11068,8,,,0,200,,11067,8,,,0,170,,11072,8,,,0,95,,11070,8,,,0,100,,11069,8,,,0,130,,11071,8,,,0,265,,11073,8,,,0
1401,'5520',605,,11081,8,,,0,31,,11082,8,,,0,85,,11074,8,,,0,26,,11076,8,,,0,84,,11079,8,,,0,91,,11077,8,,,0,114,,11075,8,,,0,185,,11083,8,,,0,217,,11078,8,,,0,115,,11085,8,,,0,79,,11084,8,,,0,75,,11086,8,,,0,39,,11087,8,,,0,105,,11080,8,,,0,155,,11088,8,,,0,30,,11089,8,,,0
1401,'5526',751,,11090,8,,,0,175,,11094,8,,,0,95,,11098,8,,,0,101,,11096,8,,,0,100,,11092,8,,,0,100,,11099,8,,,0,105,,11091,8,,,0,210,,11095,8,,,0,209,,11093,8,,,0,100,,11097,8,,,0
8001,'5475',1505,,11486,22,,,0
8001,'5522',1505,,11487,22,,,0
8001,'5525',1510,,11488,22,,,0
8100,'5475',740,,11489,3,,,0
8100,'5520',740,,11490,3,,,0
8101,'5475',1533,,11491,31,,,0
8101,'5522',1533,,11492,31,,,0
8101,'5525',1427,,11493,31,,,0
