1600,'4532',848,,8670,18,0,5,0,156,,7847,18,0,5,0,55,,7846,18,0,5,0,151,,8671,18,0,5,0,95,,8672,18,0,5,0,101,,7845,18,0,5,0,100,,7851,18,0,5,0,100,,6360,18,0,5,0,105,,6364,18,0,5,0,95,,8673,18,0,5,0,97,,8674,18,0,5,0,100,,8675,18,0,5,0
1600,'5475',658,,11105,18,,,0,81,,11114,18,0,5,0,69,,11106,18,0,5,0,99,,11101,18,0,5,0,100,,11102,18,0,5,0,100,,11103,18,0,5,0,100,,11109,18,0,5,0,100,,11104,18,0,5,0,102,,11100,18,0,5,0,102,,11107,18,0,5,0,111,,11108,18,0,5,0,101,,11111,18,0,5,0,94,,11113,18,0,5,0,98,,11112,18,0,5,0,99,,11110,18,0,5,0,400,,11115,18,0,5,0,102,,11116,18,0,5,0
1600,'5518',908,,11117,18,0,5,0,100,,11120,18,0,5,0,100,,11118,18,0,5,0,100,,11119,18,0,5,0,102,,11121,18,0,5,0,100,,11124,18,0,5,0,99,,11127,18,0,5,0,100,,11125,18,0,5,0,105,,11122,18,0,5,0,99,,11123,18,0,5,0,98,,11126,18,0,5,0,100,,11128,18,0,5,0
1600,'5520',658,,11134,18,,,0,81,,11143,18,0,5,0,69,,11135,18,0,5,0,99,,11130,18,0,5,0,100,,11131,18,0,5,0,100,,11132,18,0,5,0,100,,11138,18,0,5,0,100,,11133,18,0,5,0,102,,11129,18,0,5,0,102,,11136,18,0,5,0,111,,11137,18,0,5,0,101,,11140,18,0,5,0,94,,11142,18,0,5,0,98,,11141,18,0,5,0,99,,11139,18,0,5,0
1600,'5526',848,,11148,18,0,5,0,156,,11146,18,0,5,0,55,,11145,18,0,5,0,151,,11149,18,0,5,0,95,,11150,18,0,5,0,101,,11144,18,0,5,0,100,,11152,18,0,5,0,100,,11147,18,0,5,0,105,,11151,18,0,5,0,95,,11153,18,0,5,0,97,,11154,18,0,5,0,100,,11155,18,0,5,0
1700,'4532',813,,7915,49,,,0,103,,8714,49,,,0,90,,7917,49,,,0,133,,7918,49,,,0,169,,7919,30,,,0,103,,7920,30,,,0,130,,7921,30,,,0,171,,7922,30,,,0,104,,8715,30,,,0,85,,8716,18,,,0,105,,8717,18,,,0,105,,8718,18,,,0,110,,8719,18,,,0,119,,7928,18,,,0
1700,'5475',705,,11214,49,,,0,27,,11222,49,,,0,103,,11221,49,,,0,86,,11226,49,,,0,99,,11213,49,,,0,100,,11217,49,,,0,100,,11212,49,,,0,99,,11215,30,,,0,101,,11218,30,,,0,115,,11220,30,,,0,93,,11223,30,,,0,107,,11228,30,,,0,96,,11224,30,,,0,113,,11227,49,,,0,87,,11225,17,,,0,98,,11219,17,,,0,115,,11216,17,,,0,114,,11229,17,,,0,78,,11230,18,,,0,108,,11231,18,,,0
1700,'5518',920,,11232,49,,,0,100,,11233,49,,,0,102,,11234,30,,,0,96,,11235,48,,,0,200,,11237,30,,,0,208,,11236,17,,,0,102,,11238,30,,,0,112,,11239,30,,,0,85,,11240,17,,,0,130,,11241,17,,,0
1700,'5520',705,,11244,49,,,0,27,,11252,49,,,0,103,,11251,49,,,0,86,,11256,49,,,0,99,,11243,49,,,0,100,,11247,49,,,0,100,,11242,49,,,0,99,,11245,30,,,0,101,,11248,30,,,0,115,,11250,30,,,0,93,,11253,30,,,0,107,,11258,30,,,0,96,,11254,30,,,0,113,,11257,49,,,0,87,,11255,17,,,0,98,,11249,17,,,0,115,,11246,17,,,0,114,,11259,17,,,0
1700,'5526',813,,11260,49,,,0,103,,11261,49,,,0,90,,11262,49,,,0,133,,11263,49,,,0,169,,11264,30,,,0,103,,11265,30,,,0,130,,11266,30,,,0,171,,11267,30,,,0,104,,11268,30,,,0,85,,11269,17,,,0,105,,11270,17,,,0,105,,11271,17,,,0,110,,11272,17,,,0,119,,11273,17,,,0
