1700,'4532',751,,7915,19,,,0,103,,8714,19,,,0,90,,7917,19,,,0,171,,7918,19,,,0
1700,'5475',642,,11214,19,,,0,66,,11222,19,,,0,99,,11221,19,,,0,50,,11226,19,,,0,99,,11213,19,,,0,100,,11217,19,,,0,100,,11212,19,,,0,767,,11227,19,,,0
1700,'5518',859,,11232,19,,,0,100,,11233,19,,,0,198,,11235,18,,,0
1700,'5520',642,,11244,19,,,0,66,,11252,19,,,0,99,,11251,19,,,0,50,,11256,19,,,0,99,,11243,19,,,0,100,,11247,19,,,0,100,,11242,19,,,0,767,,11257,19,,,0
1700,'5526',751,,11260,19,,,0,103,,11261,19,,,0,90,,11262,19,,,0,171,,11263,19,,,0
1701,'4532',1224,,7960,31,0,15 1 16,0,100,,7961,31,0,15 1 16,0,130,,7958,31,0,15 1 16,0,170,,7962,31,0,15 1 16,0,105,,8731,31,0,15 1 16,0,99,,8733,31,0,13 14,0,105,,8734,31,0,13 14,0,105,,8735,31,0,13 14,0,110,,8732,31,0,13 14,0,159,,7968,31,0,13 14,0
1701,'5475',1225,,11276,31,0,15 1 16,0,102,,11279,31,0,15 1 16,0,111,,11281,31,0,15 1 16,0,93,,11284,31,0,15 1 16,0,108,,11289,31,0,15 1 16,0,98,,11285,31,0,15 1 16,0,104,,11288,31,0,15 1 16,0,159,,11286,31,0,13 14,0,58,,11280,31,0,13 14,0,155,,11277,31,0,13 14,0,114,,11290,31,0,13 14,0,79,,11291,31,0,13 14,0,108,,11292,31,0,13 14,0
1701,'5518',1554,,11297,31,0,13 14,0,200,,11299,31,0,15 1 16,0,100,,11301,31,0,13 14,0,170,,11302,31,0,13 14,0
1701,'5520',1225,,11305,31,0,15 1 16,0,102,,11308,31,0,15 1 16,0,111,,11310,31,0,15 1 16,0,93,,11313,31,0,15 1 16,0,108,,11318,31,0,15 1 16,0,98,,11314,31,0,15 1 16,0,104,,11317,31,0,15 1 16,0,159,,11315,31,0,13 14,0,58,,11309,31,0,13 14,0,155,,11306,31,0,13 14,0,114,,11319,31,0,13 14,0
1701,'5526',1224,,11325,31,0,15 1 16,0,100,,11326,31,0,15 1 16,0,130,,11323,31,0,15 1 16,0,170,,11327,31,0,15 1 16,0,105,,11328,31,0,15 1 16,0,99,,11330,31,0,13 14,0,105,,11331,31,0,13 14,0,105,,11332,31,0,13 14,0,110,,11329,31,0,13 14,0,159,,11333,31,0,13 14,0
