1700,'4532',736,,7915,1,,,0,103,,8714,1,,,0,90,,7917,1,,,0,171,,7918,1,,,0,143,,7919,1,,,0,103,,7920,1,,,0,170,,7921,1,,,0,131,,7922,1,,,0,105,,8715,1,,,0
1700,'5475',627,,11214,1,,,0,25,,11222,1,,,0,98,,11221,1,,,0,90,,11226,1,,,0,100,,11213,1,,,0,100,,11217,1,,,0,100,,11212,1,,,0,113,,11215,1,,,0,101,,11218,1,,,0,155,,11220,1,,,0,93,,11223,1,,,0,107,,11228,1,,,0,98,,11224,1,,,0,101,,11227,1,,,0
1700,'5518',844,,11232,1,,,0,100,,11233,1,,,0,156,,11234,1,,,0,255,,11237,1,,,0,350,,11238,1,,,0,113,,11239,1,,,0
1700,'5520',627,,11244,1,,,0,25,,11252,1,,,0,98,,11251,1,,,0,90,,11256,1,,,0,100,,11243,1,,,0,100,,11247,1,,,0,100,,11242,1,,,0,113,,11245,1,,,0,101,,11248,1,,,0,155,,11250,1,,,0,93,,11253,1,,,0,107,,11258,1,,,0,98,,11254,1,,,0,101,,11257,1,,,0
1700,'5526',736,,11260,1,,,0,103,,11261,1,,,0,90,,11262,1,,,0,171,,11263,1,,,0,143,,11264,1,,,0,103,,11265,1,,,0,170,,11266,1,,,0,131,,11267,1,,,0,105,,11268,1,,,0
1701,'4532',736,,7959,29,4,,0,103,,8730,41,4,,0,90,,7955,41,4,,0,171,,7957,41,4,,0,143,,7960,60,4,,0,103,,7961,60,4,,0,170,,7958,60,4,,0,131,,7962,60,4,,0,105,,8731,60,4,,0
1701,'5475',650,,11283,5,4,,0,95,,11282,29,4,,0,90,,11287,41,4,,0,98,,11275,41,4,,0,100,,11278,41,4,,0,101,,11274,41,4,,0,112,,11276,60,4,,0,103,,11279,60,4,,0,154,,11281,60,4,,0,52,,11284,60,4,,0,147,,11289,60,4,,0,57,,11285,60,4,,0,143,,11288,60,4,,0
1701,'5518',840,,11293,41,4,,0,100,,11294,41,4,,0,116,,11295,41,4,,0,295,,11298,41,4,,0,350,,11300,41,4,,0,113,,11299,60,4,,0
1701,'5520',650,,11312,5,4,,0,95,,11311,29,4,,0,90,,11316,41,4,,0,98,,11304,41,4,,0,100,,11307,41,4,,0,101,,11303,41,4,,0,112,,11305,60,4,,0,103,,11308,60,4,,0,154,,11310,60,4,,0,52,,11313,60,4,,0,147,,11318,60,4,,0,57,,11314,60,4,,0,143,,11317,60,4,,0
1701,'5526',736,,11324,29,4,,0,103,,11321,41,4,,0,90,,11320,41,4,,0,171,,11322,41,4,,0,143,,11325,60,4,,0,103,,11326,60,4,,0,170,,11323,60,4,,0,131,,11327,60,4,,0,105,,11328,60,4,,0
