1401,'4532',752,,8664,10,,,0,175,,8666,10,,,0,95,,7828,10,,,0,101,,7826,10,,,0,100,,6322,10,,,0,100,,8667,10,,,0,105,,6321,10,,,0,210,,6325,10,,,0,209,,8665,10,,,0,100,,7827,10,,,0
1401,'5475',606,,11056,10,,,0,31,,11057,10,,,0,85,,11049,10,,,0,26,,11051,10,,,0,84,,11054,10,,,0,91,,11052,10,,,0,114,,11050,10,,,0,185,,11058,10,,,0,217,,11053,10,,,0,115,,11060,10,,,0,79,,11059,10,,,0,75,,11061,10,,,0,39,,11062,10,,,0,105,,11055,10,,,0,155,,11063,10,,,0,30,,11064,10,,,0,366,,11066,10,,,0,29,,11065,10,,,0
1401,'5518',857,,11068,10,,,0,200,,11067,10,,,0,170,,11072,10,,,0,95,,11070,10,,,0,100,,11069,10,,,0,130,,11071,10,,,0,265,,11073,10,,,0
1401,'5520',606,,11081,10,,,0,31,,11082,10,,,0,85,,11074,10,,,0,26,,11076,10,,,0,84,,11079,10,,,0,91,,11077,10,,,0,114,,11075,10,,,0,185,,11083,10,,,0,217,,11078,10,,,0,115,,11085,10,,,0,79,,11084,10,,,0,75,,11086,10,,,0,39,,11087,10,,,0,105,,11080,10,,,0,155,,11088,10,,,0,30,,11089,10,,,0
1401,'5526',752,,11090,10,,,0,175,,11094,10,,,0,95,,11098,10,,,0,101,,11096,10,,,0,100,,11092,10,,,0,100,,11099,10,,,0,105,,11091,10,,,0,210,,11095,10,,,0,209,,11093,10,,,0,100,,11097,10,,,0
8001,'5475',1506,,11486,24,,,0
8001,'5522',1506,,11487,24,,,0
8001,'5525',1511,,11488,24,,,0
8100,'5475',741,,11489,5,,,0
8100,'5520',741,,11490,5,,,0
8101,'5475',1534,,11491,33,,,0
8101,'5522',1534,,11492,33,,,0
8101,'5525',1428,,11493,33,,,0
