500,'4532',756,,7169,1,,,0,70,,7170,1,,,0,30,,7171,1,,,0,70,,7192,1,,,0,30,,7168,1,,,0,70,,7173,1,,,0,30,,7174,1,,,0,70,,7172,1,,,0,30,,7177,1,,,0,70,,7178,1,,,0,31,,7176,1,,,0,71,,7175,1,,,0,30,,7179,1,,,0,70,,7180,1,,,0,30,,7181,1,,,0,71,,7184,1,,,0,30,,7185,1,,,0,69,,7182,1,,,0,29,,7183,1,,,0,70,,7186,1,,,0,30,,7187,1,,,0,70,,7190,1,,,0,119,,7191,1,,,0,95,,7188,1,,,0,103,,7189,1,,,0,100,,7193,1,,,0
500,'5475',706,,9773,1,,,0,15,,9784,1,,,0,15,,9775,1,,,0,74,,9776,1,,,0,33,,9774,1,,,0,73,,9782,1,,,0,33,,9783,1,,,0,73,,9785,1,,,0,33,,9777,1,,,0,73,,9778,1,,,0,73,,9786,1,,,0,35,,9780,1,,,0,76,,9781,1,,,0,36,,9779,1,,,0,76,,9787,1,,,0,76,,9797,1,,,0,36,,9790,1,,,0,76,,9792,1,,,0,36,,9798,1,,,0,76,,9793,1,,,0,35,,9794,1,,,0,73,,9791,1,,,0,75,,9795,1,,,0,45,,9796,1,,,0,100,,9788,1,,,0,100,,9789,1,,,0,156,,9799,1,,,0,21,,9801,1,,,0,110,,9800,1,,,0
500,'5518',911,,9804,1,,,0,119,,9803,1,,,0,120,,9802,1,,,0,162,,9805,1,,,0,96,,9806,1,,,0,127,,9807,1,,,0,167,,9808,1,,,0,120,,9809,1,,,0
500,'5520',706,,9810,1,,,0,15,,9821,1,,,0,15,,9812,1,,,0,74,,9813,1,,,0,33,,9811,1,,,0,73,,9819,1,,,0,33,,9820,1,,,0,73,,9822,1,,,0,33,,9814,1,,,0,73,,9815,1,,,0,73,,9823,1,,,0,35,,9817,1,,,0,76,,9818,1,,,0,36,,9816,1,,,0,76,,9824,1,,,0,76,,9834,1,,,0,36,,9827,1,,,0,76,,9829,1,,,0,36,,9835,1,,,0,76,,9830,1,,,0,35,,9831,1,,,0,73,,9828,1,,,0,75,,9832,1,,,0,45,,9833,1,,,0,100,,9825,1,,,0,100,,9826,1,,,0,156,,9836,1,,,0
500,'5526',756,,9838,1,,,0,70,,9839,1,,,0,30,,9840,1,,,0,70,,9861,1,,,0,30,,9837,1,,,0,70,,9842,1,,,0,30,,9843,1,,,0,70,,9841,1,,,0,30,,9846,1,,,0,70,,9847,1,,,0,31,,9845,1,,,0,71,,9844,1,,,0,30,,9848,1,,,0,70,,9849,1,,,0,30,,9850,1,,,0,71,,9853,1,,,0,30,,9854,1,,,0,69,,9851,1,,,0,29,,9852,1,,,0,70,,9855,1,,,0,30,,9856,1,,,0,70,,9859,1,,,0,119,,9860,1,,,0,95,,9857,1,,,0,103,,9858,1,,,0,100,,9862,1,,,0
501,'4532',756,,7242,14,4,,0,70,,7230,14,4,,0,30,,7228,14,4,,0,70,,7244,14,4,,0,30,,7231,14,4,,0,70,,7245,14,4,,0,30,,7229,14,4,,0,70,,7243,14,4,,0,30,,7232,14,4,,0,70,,7246,14,4,,0,31,,7233,14,4,,0,71,,7241,14,4,,0,30,,7235,14,4,,0,70,,7247,14,4,,0,30,,7234,14,4,,0,71,,7252,14,4,,0,30,,7238,14,4,,0,69,,7248,14,4,,0,29,,7237,14,4,,0,70,,7251,14,4,,0,30,,7236,14,4,,0,70,,7249,14,4,,0,119,,7239,14,4,,0,95,,7250,14,4,,0,103,,7240,14,4,,0,100,,7253,14,4,,0
501,'5475',706,,9863,14,4,,0,15,,9875,14,4,,0,15,,9866,14,4,,0,74,,9865,14,4,,0,33,,9864,14,4,,0,73,,9872,14,4,,0,33,,9874,14,4,,0,73,,9873,14,4,,0,33,,9868,14,4,,0,73,,9867,14,4,,0,73,,9876,14,4,,0,35,,9869,14,4,,0,76,,9871,14,4,,0,36,,9870,14,4,,0,76,,9889,14,4,,0,76,,9887,14,4,,0,36,,9884,14,4,,0,76,,9878,14,4,,0,36,,9879,14,4,,0,76,,9880,14,4,,0,35,,9882,14,4,,0,73,,9885,14,4,,0,75,,9883,14,4,,0,45,,9881,14,4,,0,100,,9877,14,4,,0,100,,9886,14,4,,0,156,,9888,14,4,,0,21,,9890,14,4,,0,110,,9891,14,4,,0
501,'5518',911,,9894,14,4,,0,119,,9895,14,4,,0,120,,9892,14,4,,0,162,,9893,14,4,,0,96,,9897,14,4,,0,127,,9896,14,4,,0,167,,9898,14,4,,0,120,,9899,14,4,,0
501,'5520',706,,9900,14,4,,0,15,,9912,14,4,,0,15,,9903,14,4,,0,74,,9902,14,4,,0,33,,9901,14,4,,0,73,,9909,14,4,,0,33,,9911,14,4,,0,73,,9910,14,4,,0,33,,9905,14,4,,0,73,,9904,14,4,,0,73,,9913,14,4,,0,35,,9906,14,4,,0,76,,9908,14,4,,0,36,,9907,14,4,,0,76,,9926,14,4,,0,76,,9924,14,4,,0,36,,9921,14,4,,0,76,,9915,14,4,,0,36,,9916,14,4,,0,76,,9917,14,4,,0,35,,9919,14,4,,0,73,,9922,14,4,,0,75,,9920,14,4,,0,45,,9918,14,4,,0,100,,9914,14,4,,0,100,,9923,14,4,,0,156,,9925,14,4,,0
501,'5526',756,,9941,14,4,,0,70,,9929,14,4,,0,30,,9927,14,4,,0,70,,9943,14,4,,0,30,,9930,14,4,,0,70,,9944,14,4,,0,30,,9928,14,4,,0,70,,9942,14,4,,0,30,,9931,14,4,,0,70,,9945,14,4,,0,31,,9932,14,4,,0,71,,9940,14,4,,0,30,,9934,14,4,,0,70,,9946,14,4,,0,30,,9933,14,4,,0,71,,9951,14,4,,0,30,,9937,14,4,,0,69,,9947,14,4,,0,29,,9936,14,4,,0,70,,9950,14,4,,0,30,,9935,14,4,,0,70,,9948,14,4,,0,119,,9938,14,4,,0,95,,9949,14,4,,0,103,,9939,14,4,,0,100,,9952,14,4,,0
