401,'4532',802,,7104,3,,,0,25,,7105,3,,,0,25,,7107,3,,,0,65,,7106,3,,,0,25,,7108,3,,,0,65,,7110,3,,,0,25,,7111,3,,,0,26,,7112,3,,,0,65,,7109,3,,,0,26,,7114,3,,,0,65,,7116,3,,,0,28,,8295,3,,,0,67,,7115,3,,,0,28,,8296,3,,,0,67,,7119,3,,,0,30,,8299,3,,,0,67,,7123,3,,,0,29,,8298,3,,,0,27,,7124,3,,,0,67,,8300,3,,,0,27,,7120,3,,,0,67,,8297,3,,,0,27,,7126,3,,,0,67,,8301,3,,,0,35,,7127,3,,,0,100,,7129,3,,,0,100,,7130,3,,,0,100,,7131,3,,,0,100,,8302,3,,,0
401,'5475',608,,9669,3,,,0,25,,9673,3,,,0,87,,9671,3,,,0,30,,9675,3,,,0,70,,9672,3,,,0,30,,9676,3,,,0,70,,9697,3,,,0,30,,9670,3,,,0,70,,9679,3,,,0,30,,9680,3,,,0,70,,9678,3,,,0,30,,9677,3,,,0,70,,9686,3,,,0,30,,9698,3,,,0,70,,9685,3,,,0,30,,9674,3,,,0,70,,9695,3,,,0,30,,9684,3,,,0,61,,9699,3,,,0,10,,9694,3,,,0,30,,9691,3,,,0,52,,9700,3,,,0,18,,9682,3,,,0,30,,9681,3,,,0,69,,9690,3,,,0,30,,9683,3,,,0,70,,9692,3,,,0,97,,9693,3,,,0,97,,9688,3,,,0,100,,9687,3,,,0,100,,9689,3,,,0,118,,9696,3,,,0,15,,9701,3,,,0,110,,9702,3,,,0
401,'5518',815,,9706,3,,,0,117,,9703,3,,,0,120,,9704,3,,,0,160,,9705,3,,,0,94,,9709,3,,,0,125,,9707,3,,,0,127,,9708,3,,,0,166,,9710,3,,,0,120,,9711,3,,,0
401,'5520',608,,9712,3,,,0,25,,9716,3,,,0,87,,9714,3,,,0,30,,9718,3,,,0,70,,9715,3,,,0,30,,9719,3,,,0,70,,9740,3,,,0,30,,9713,3,,,0,70,,9722,3,,,0,30,,9723,3,,,0,70,,9721,3,,,0,30,,9720,3,,,0,70,,9729,3,,,0,30,,9741,3,,,0,70,,9728,3,,,0,30,,9717,3,,,0,70,,9738,3,,,0,30,,9727,3,,,0,61,,9742,3,,,0,10,,9737,3,,,0,30,,9734,3,,,0,52,,9743,3,,,0,18,,9725,3,,,0,30,,9724,3,,,0,69,,9733,3,,,0,30,,9726,3,,,0,70,,9735,3,,,0,97,,9736,3,,,0,97,,9731,3,,,0,100,,9730,3,,,0,100,,9732,3,,,0,118,,9739,3,,,0
401,'5526',802,,9744,3,,,0,25,,9745,3,,,0,25,,9747,3,,,0,65,,9746,3,,,0,25,,9748,3,,,0,65,,9750,3,,,0,25,,9751,3,,,0,26,,9752,3,,,0,65,,9749,3,,,0,26,,9754,3,,,0,65,,9756,3,,,0,28,,9753,3,,,0,67,,9755,3,,,0,28,,9757,3,,,0,67,,9759,3,,,0,30,,9762,3,,,0,67,,9763,3,,,0,29,,9761,3,,,0,27,,9764,3,,,0,67,,9765,3,,,0,27,,9760,3,,,0,67,,9758,3,,,0,27,,9766,3,,,0,67,,9768,3,,,0,35,,9767,3,,,0,100,,9769,3,,,0,100,,9770,3,,,0,100,,9771,3,,,0,100,,9772,3,,,0
700,'4532',656,,8357,23,,,0,69,,7391,23,,,0,32,,8348,23,,,0,69,,8333,23,,,0,31,,7355,23,,,0,72,,8335,23,,,0,28,,8334,23,,,0,71,,7363,23,,,0,72,,8340,23,,,0,13,,7383,23,,,0,17,,8341,23,,,0,14,,7384,23,,,0,63,,8343,23,,,0,34,,8339,23,,,0,68,,7372,23,,,0,30,,8338,23,,,0,72,,8344,23,,,0,28,,7367,23,,,0,70,,8351,23,,,0,13,,8345,23,,,0,14,,8352,23,,,0,16,,8346,23,,,0,54,,7389,23,,,0,15,,7364,23,,,0,16,,8354,23,,,0,14,,7376,23,,,0,55,,8353,23,,,0,24,,8342,23,,,0,29,,7377,23,,,0,70,,7358,23,,,0,76,,8336,23,,,0,32,,7360,23,,,0,76,,8349,23,,,0,34,,7380,23,,,0,105,,7361,23,,,0,96,,8337,23,,,0,99,,8347,23,,,0,97,,8350,23,,,0,67,,8355,23,,,0,28,,8356,23,,,0
700,'5475',628,,10018,23,,,0,17,,10019,23,,,0,58,,10020,23,,,0,13,,10021,23,,,0,17,,10022,23,,,0,6,,10023,23,,,0,11,,10024,23,,,0,57,,10025,23,,,0,21,,10026,23,,,0,10,,10027,23,,,0,19,,10028,23,,,0,50,,10029,23,,,0,16,,10030,23,,,0,12,,10031,23,,,0,18,,10032,23,,,0,53,,10048,23,,,0,18,,10033,23,,,0,12,,10073,23,,,0,18,,10034,23,,,0,70,,10035,23,,,0,33,,10036,23,,,0,68,,10037,23,,,0,32,,10038,23,,,0,68,,10039,23,,,0,32,,10040,23,,,0,70,,10041,23,,,0,74,,10042,23,,,0,11,,10043,23,,,0,15,,10044,23,,,0,17,,10045,23,,,0,14,,10046,23,,,0,56,,10047,23,,,0,13,,10049,23,,,0,17,,10052,23,,,0,11,,10064,23,,,0,59,,10053,23,,,0,11,,10050,23,,,0,18,,10054,23,,,0,11,,10065,23,,,0,58,,10055,23,,,0,10,,10051,23,,,0,16,,10056,23,,,0,13,,10067,23,,,0,72,,10057,23,,,0,27,,10066,23,,,0,73,,10058,23,,,0,26,,10069,23,,,0,72,,10059,23,,,0,28,,10068,23,,,0,70,,10060,23,,,0,27,,10070,23,,,0,71,,10061,23,,,0,26,,10071,23,,,0,73,,10062,23,,,0,31,,10072,23,,,0,70,,10063,23,,,0,96,,10074,23,,,0
700,'5518',741,,10075,23,,,0,67,,10076,23,,,0,100,,10077,23,,,0,97,,10078,23,,,0,33,,10080,23,,,0,70,,10079,23,,,0,27,,10082,23,,,0,73,,10088,23,,,0,28,,10083,23,,,0,69,,10081,23,,,0,32,,10084,23,,,0,68,,10095,23,,,0,32,,10086,23,,,0,70,,10090,23,,,0,31,,10085,23,,,0,69,,10087,23,,,0,31,,10089,23,,,0,67,,10093,23,,,0,32,,10091,23,,,0,66,,10096,23,,,0,32,,10092,23,,,0,67,,10098,23,,,0,102,,10094,23,,,0,98,,10100,23,,,0,104,,10097,23,,,0,94,,10099,23,,,0,100,,10101,23,,,0
700,'5520',628,,10102,23,,,0,17,,10103,23,,,0,58,,10104,23,,,0,13,,10105,23,,,0,17,,10106,23,,,0,6,,10107,23,,,0,11,,10108,23,,,0,57,,10109,23,,,0,21,,10110,23,,,0,10,,10111,23,,,0,19,,10112,23,,,0,50,,10113,23,,,0,16,,10114,23,,,0,12,,10115,23,,,0,18,,10116,23,,,0,53,,10132,23,,,0,18,,10117,23,,,0,12,,10157,23,,,0,18,,10118,23,,,0,70,,10119,23,,,0,33,,10120,23,,,0,68,,10121,23,,,0,32,,10122,23,,,0,68,,10123,23,,,0,32,,10124,23,,,0,70,,10125,23,,,0,74,,10126,23,,,0,11,,10127,23,,,0,15,,10128,23,,,0,17,,10129,23,,,0,14,,10130,23,,,0,56,,10131,23,,,0,13,,10133,23,,,0,17,,10136,23,,,0,11,,10148,23,,,0,59,,10137,23,,,0,11,,10134,23,,,0,18,,10138,23,,,0,11,,10149,23,,,0,58,,10139,23,,,0,10,,10135,23,,,0,16,,10140,23,,,0,13,,10151,23,,,0,72,,10141,23,,,0,27,,10150,23,,,0,73,,10142,23,,,0,26,,10153,23,,,0,72,,10143,23,,,0,28,,10152,23,,,0,70,,10144,23,,,0,27,,10154,23,,,0,71,,10145,23,,,0,26,,10155,23,,,0,73,,10146,23,,,0,31,,10156,23,,,0,70,,10147,23,,,0
700,'5526',656,,10197,23,,,0,69,,10195,23,,,0,32,,10183,23,,,0,69,,10158,23,,,0,31,,10159,23,,,0,72,,10161,23,,,0,28,,10160,23,,,0,71,,10167,23,,,0,72,,10172,23,,,0,13,,10187,23,,,0,17,,10173,23,,,0,14,,10188,23,,,0,63,,10175,23,,,0,34,,10170,23,,,0,68,,10176,23,,,0,30,,10169,23,,,0,72,,10177,23,,,0,28,,10171,23,,,0,70,,10189,23,,,0,13,,10178,23,,,0,14,,10190,23,,,0,16,,10179,23,,,0,54,,10193,23,,,0,15,,10168,23,,,0,16,,10192,23,,,0,14,,10180,23,,,0,55,,10191,23,,,0,24,,10174,23,,,0,29,,10181,23,,,0,70,,10162,23,,,0,76,,10163,23,,,0,32,,10164,23,,,0,76,,10185,23,,,0,34,,10184,23,,,0,105,,10165,23,,,0,96,,10166,23,,,0,99,,10182,23,,,0,97,,10186,23,,,0,67,,10194,23,,,0,28,,10196,23,,,0
900,'4532',640,,7630,30,,,0,70,,6034,30,,,0,33,,7624,30,,,0,70,,5995,30,,,0,31,,7604,30,,,0,70,,8506,30,,,0,32,,8505,30,,,0,72,,5999,30,,,0,29,,8509,30,,,0,69,,8507,30,,,0,15,,6026,30,,,0,15,,7609,30,,,0,55,,8516,30,,,0,15,,8508,30,,,0,32,,6004,30,,,0,71,,7611,30,,,0,30,,8510,30,,,0,72,,6006,30,,,0,30,,6007,30,,,0,52,,6024,30,,,0,15,,8512,30,,,0,15,,6028,30,,,0,15,,7614,30,,,0,55,,6025,30,,,0,15,,8511,30,,,0,15,,6027,30,,,0,15,,6012,30,,,0,55,,7628,30,,,0,15,,7616,30,,,0,15,,7626,30,,,0,15,,6014,30,,,0,70,,7615,30,,,0,35,,7618,30,,,0,79,,7622,30,,,0,70,,8514,30,,,0,100,,8515,30,,,0,100,,8513,30,,,0,99,,7621,30,,,0,101,,7623,30,,,0,102,,7625,30,,,0,103,,7629,30,,,0
900,'5475',642,,10379,30,,,0,72,,10380,30,,,0,33,,10381,30,,,0,56,,10382,30,,,0,17,,10383,30,,,0,17,,10384,30,,,0,13,,10385,30,,,0,53,,10386,30,,,0,7,,10387,30,,,0,9,,10388,30,,,0,13,,10389,30,,,0,15,,10390,30,,,0,55,,10391,30,,,0,15,,10392,30,,,0,15,,10393,30,,,0,15,,10394,30,,,0,55,,10395,30,,,0,15,,10396,30,,,0,16,,10397,30,,,0,16,,10398,30,,,0,55,,10399,30,,,0,15,,10400,30,,,0,15,,10401,30,,,0,16,,10402,30,,,0,54,,10403,30,,,0,15,,10404,30,,,0,16,,10405,30,,,0,15,,10406,30,,,0,55,,10407,30,,,0,15,,10408,30,,,0,15,,10409,30,,,0,14,,10410,30,,,0,59,,10411,30,,,0,14,,10412,30,,,0,15,,10413,30,,,0,17,,10414,30,,,0,47,,10415,30,,,0,8,,10416,30,,,0,16,,10417,30,,,0,14,,10418,30,,,0,15,,10419,30,,,0,57,,10420,30,,,0,15,,10421,30,,,0,13,,10422,30,,,0,7,,10423,30,,,0,6,,10424,30,,,0,53,,10425,30,,,0,15,,10426,30,,,0,13,,10427,30,,,0,12,,10428,30,,,0,55,,10429,30,,,0,15,,10430,30,,,0,15,,10431,30,,,0,14,,10432,30,,,0,15,,10433,30,,,0,56,,10434,30,,,0,14,,10435,30,,,0,15,,10436,30,,,0,60,,10437,30,,,0,20,,10438,30,,,0,34,,10439,30,,,0,70,,10440,30,,,0,24,,10441,30,,,0,73,,10442,30,,,0,25,,10443,30,,,0,71,,10444,30,,,0,26,,10445,30,,,0,70,,10378,30,,,0
900,'5518',740,,10446,30,,,0,70,,10448,30,,,0,31,,10447,30,,,0,70,,10449,30,,,0,30,,10451,30,,,0,71,,10450,30,,,0,31,,10452,30,,,0,70,,10454,30,,,0,30,,10455,30,,,0,71,,10453,30,,,0,30,,10456,30,,,0,71,,10457,30,,,0,30,,10460,30,,,0,71,,10459,30,,,0,30,,10461,30,,,0,70,,10458,30,,,0,31,,10472,30,,,0,70,,10462,30,,,0,30,,10464,30,,,0,69,,10463,30,,,0,30,,10465,30,,,0,70,,10466,30,,,0,30,,10477,30,,,0,70,,10471,30,,,0,29,,10467,30,,,0,68,,10468,30,,,0,30,,10469,30,,,0,70,,10470,30,,,0,29,,10476,30,,,0,70,,10473,30,,,0,29,,10474,30,,,0,68,,10475,30,,,0,30,,10478,30,,,0,70,,10479,30,,,0
900,'5520',642,,10481,30,,,0,72,,10482,30,,,0,33,,10483,30,,,0,56,,10484,30,,,0,17,,10485,30,,,0,17,,10486,30,,,0,13,,10487,30,,,0,53,,10488,30,,,0,7,,10489,30,,,0,9,,10490,30,,,0,13,,10491,30,,,0,15,,10492,30,,,0,55,,10493,30,,,0,15,,10494,30,,,0,15,,10495,30,,,0,15,,10496,30,,,0,55,,10497,30,,,0,15,,10498,30,,,0,16,,10499,30,,,0,16,,10500,30,,,0,55,,10501,30,,,0,15,,10502,30,,,0,15,,10503,30,,,0,16,,10504,30,,,0,54,,10505,30,,,0,15,,10506,30,,,0,16,,10507,30,,,0,15,,10508,30,,,0,55,,10509,30,,,0,15,,10510,30,,,0,15,,10511,30,,,0,14,,10512,30,,,0,59,,10513,30,,,0,14,,10514,30,,,0,15,,10515,30,,,0,17,,10516,30,,,0,47,,10517,30,,,0,8,,10518,30,,,0,16,,10519,30,,,0,14,,10520,30,,,0,15,,10521,30,,,0,57,,10522,30,,,0,15,,10523,30,,,0,13,,10524,30,,,0,7,,10525,30,,,0,6,,10526,30,,,0,53,,10527,30,,,0,15,,10528,30,,,0,13,,10529,30,,,0,12,,10530,30,,,0,55,,10531,30,,,0,15,,10532,30,,,0,15,,10533,30,,,0,14,,10534,30,,,0,15,,10535,30,,,0,56,,10536,30,,,0,14,,10537,30,,,0,15,,10538,30,,,0,60,,10539,30,,,0,20,,10540,30,,,0,34,,10541,30,,,0,70,,10542,30,,,0,24,,10543,30,,,0,73,,10544,30,,,0,25,,10545,30,,,0,71,,10546,30,,,0,26,,10547,30,,,0,70,,10480,30,,,0
900,'5526',640,,10587,30,,,0,70,,10588,30,,,0,33,,10576,30,,,0,70,,10549,30,,,0,31,,10550,30,,,0,70,,10551,30,,,0,32,,10548,30,,,0,72,,10553,30,,,0,29,,10555,30,,,0,69,,10552,30,,,0,15,,10580,30,,,0,15,,10556,30,,,0,55,,10584,30,,,0,15,,10554,30,,,0,32,,10558,30,,,0,71,,10559,30,,,0,30,,10557,30,,,0,72,,10560,30,,,0,30,,10561,30,,,0,52,,10578,30,,,0,15,,10563,30,,,0,15,,10582,30,,,0,15,,10564,30,,,0,55,,10579,30,,,0,15,,10562,30,,,0,15,,10581,30,,,0,15,,10566,30,,,0,55,,10585,30,,,0,15,,10567,30,,,0,15,,10583,30,,,0,15,,10568,30,,,0,70,,10565,30,,,0,35,,10570,30,,,0,79,,10574,30,,,0,70,,10571,30,,,0,100,,10572,30,,,0,100,,10569,30,,,0,99,,10573,30,,,0,101,,10575,30,,,0,102,,10577,30,,,0,103,,10586,30,,,0
901,'4532',611,,7750,15,,,0,30,,6173,15,,,0,72,,7743,15,,,0,30,,6156,15,,,0,70,,7724,15,,,0,30,,8579,15,,,0,72,,8577,15,,,0,30,,6135,15,,,0,70,,8578,15,,,0,29,,8580,15,,,0,15,,6166,15,,,0,55,,7729,15,,,0,15,,8588,15,,,0,15,,8582,15,,,0,72,,6143,15,,,0,30,,7732,15,,,0,70,,8581,15,,,0,30,,6145,15,,,0,70,,6146,15,,,0,14,,6171,15,,,0,15,,8583,15,,,0,55,,6168,15,,,0,15,,7735,15,,,0,15,,6170,15,,,0,15,,8584,15,,,0,55,,6165,15,,,0,15,,6153,15,,,0,15,,7748,15,,,0,15,,7734,15,,,0,55,,7749,15,,,0,15,,6147,15,,,0,30,,7736,15,,,0,75,,7738,15,,,0,80,,7745,15,,,0,30,,8585,15,,,0,100,,8586,15,,,0,100,,8587,15,,,0,99,,7739,15,,,0,104,,7744,15,,,0,104,,7746,15,,,0,104,,7751,15,,,0
901,'5475',612,,10589,15,,,0,30,,10590,15,,,0,71,,10591,15,,,0,16,,10592,15,,,0,15,,10593,15,,,0,57,,10594,15,,,0,15,,10595,15,,,0,14,,10596,15,,,0,7,,10597,15,,,0,9,,10598,15,,,0,13,,10599,15,,,0,55,,10600,15,,,0,15,,10601,15,,,0,15,,10602,15,,,0,15,,10603,15,,,0,55,,10604,15,,,0,15,,10605,15,,,0,15,,10606,15,,,0,15,,10607,15,,,0,56,,10608,15,,,0,15,,10609,15,,,0,15,,10610,15,,,0,55,,10611,15,,,0,15,,10612,15,,,0,15,,10613,15,,,0,15,,10614,15,,,0,56,,10615,15,,,0,15,,10616,15,,,0,15,,10617,15,,,0,15,,10618,15,,,0,55,,10619,15,,,0,14,,10620,15,,,0,16,,10621,15,,,0,14,,10622,15,,,0,55,,10623,15,,,0,16,,10624,15,,,0,7,,10625,15,,,0,8,,10626,15,,,0,16,,10627,15,,,0,54,,10628,15,,,0,15,,10629,15,,,0,17,,10630,15,,,0,15,,10631,15,,,0,55,,10632,15,,,0,7,,10633,15,,,0,7,,10634,15,,,0,14,,10635,15,,,0,15,,10636,15,,,0,55,,10637,15,,,0,13,,10638,15,,,0,15,,10639,15,,,0,15,,10640,15,,,0,15,,10641,15,,,0,54,,10642,15,,,0,15,,10643,15,,,0,16,,10644,15,,,0,14,,10645,15,,,0,55,,10646,15,,,0,20,,10647,15,,,0,20,,10648,15,,,0,74,,10649,15,,,0,30,,10650,15,,,0,66,,10651,15,,,0,33,,10652,15,,,0,67,,10653,15,,,0,33,,10654,15,,,0,67,,10655,15,,,0,30,,10656,15,,,0
901,'5518',712,,10657,15,,,0,30,,10660,15,,,0,70,,10658,15,,,0,30,,10659,15,,,0,70,,10664,15,,,0,30,,10661,15,,,0,70,,10663,15,,,0,30,,10662,15,,,0,70,,10667,15,,,0,31,,10665,15,,,0,70,,10666,15,,,0,31,,10671,15,,,0,70,,10669,15,,,0,30,,10672,15,,,0,70,,10668,15,,,0,30,,10670,15,,,0,71,,10684,15,,,0,30,,10674,15,,,0,70,,10675,15,,,0,29,,10673,15,,,0,70,,10676,15,,,0,30,,10677,15,,,0,70,,10689,15,,,0,30,,10681,15,,,0,70,,10678,15,,,0,28,,10680,15,,,0,70,,10679,15,,,0,30,,10682,15,,,0,70,,10688,15,,,0,30,,10683,15,,,0,70,,10685,15,,,0,29,,10686,15,,,0,70,,10687,15,,,0,30,,10690,15,,,0
901,'5520',612,,10691,15,,,0,30,,10692,15,,,0,71,,10693,15,,,0,16,,10694,15,,,0,15,,10695,15,,,0,57,,10696,15,,,0,15,,10697,15,,,0,14,,10698,15,,,0,7,,10699,15,,,0,9,,10700,15,,,0,13,,10701,15,,,0,55,,10702,15,,,0,15,,10703,15,,,0,15,,10704,15,,,0,15,,10705,15,,,0,55,,10706,15,,,0,15,,10707,15,,,0,15,,10708,15,,,0,15,,10709,15,,,0,56,,10710,15,,,0,15,,10711,15,,,0,15,,10712,15,,,0,55,,10713,15,,,0,15,,10714,15,,,0,15,,10715,15,,,0,15,,10716,15,,,0,56,,10717,15,,,0,15,,10718,15,,,0,15,,10719,15,,,0,15,,10720,15,,,0,55,,10721,15,,,0,14,,10722,15,,,0,16,,10723,15,,,0,14,,10724,15,,,0,55,,10725,15,,,0,16,,10726,15,,,0,7,,10727,15,,,0,8,,10728,15,,,0,16,,10729,15,,,0,54,,10730,15,,,0,15,,10731,15,,,0,17,,10732,15,,,0,15,,10733,15,,,0,55,,10734,15,,,0,7,,10735,15,,,0,7,,10736,15,,,0,14,,10737,15,,,0,15,,10738,15,,,0,55,,10739,15,,,0,13,,10740,15,,,0,15,,10741,15,,,0,15,,10742,15,,,0,15,,10743,15,,,0,54,,10744,15,,,0,15,,10745,15,,,0,16,,10746,15,,,0,14,,10747,15,,,0,55,,10748,15,,,0,20,,10749,15,,,0,20,,10750,15,,,0,74,,10751,15,,,0,30,,10752,15,,,0,66,,10753,15,,,0,33,,10754,15,,,0,67,,10755,15,,,0,33,,10756,15,,,0,67,,10757,15,,,0,30,,10758,15,,,0
901,'5526',611,,10797,15,,,0,30,,10798,15,,,0,72,,10785,15,,,0,30,,10781,15,,,0,70,,10759,15,,,0,30,,10763,15,,,0,72,,10761,15,,,0,30,,10760,15,,,0,70,,10762,15,,,0,29,,10764,15,,,0,15,,10791,15,,,0,55,,10765,15,,,0,15,,10789,15,,,0,15,,10767,15,,,0,72,,10768,15,,,0,30,,10769,15,,,0,70,,10766,15,,,0,30,,10770,15,,,0,70,,10771,15,,,0,14,,10796,15,,,0,15,,10773,15,,,0,55,,10793,15,,,0,15,,10775,15,,,0,15,,10795,15,,,0,15,,10777,15,,,0,55,,10790,15,,,0,15,,10778,15,,,0,15,,10792,15,,,0,15,,10774,15,,,0,55,,10794,15,,,0,15,,10772,15,,,0,30,,10776,15,,,0,75,,10779,15,,,0,80,,10787,15,,,0,30,,10782,15,,,0,100,,10783,15,,,0,100,,10784,15,,,0,99,,10780,15,,,0,104,,10786,15,,,0,104,,10788,15,,,0,104,,10799,15,,,0
