1601,'4532',826,,8692,15,,,0,115,,7876,15,,,0,95,,7878,15,,,0,110,,8693,15,,,0,95,,8694,15,,,0,100,,7879,15,,,0,100,,7882,15,,,0,100,,6404,15,,,0,105,,6402,15,,,0,95,,8695,15,,,0,99,,8696,15,,,0,100,,8697,15,,,0
1601,'5475',742,,11161,15,,,0,100,,11157,15,,,0,100,,11158,15,,,0,100,,11156,15,,,0,100,,11165,15,,,0,100,,11159,15,,,0,101,,11160,15,,,0,100,,11163,15,,,0,111,,11164,15,,,0,102,,11167,15,,,0,97,,11169,15,,,0,98,,11168,15,,,0,100,,11166,15,,,0,399,,11171,15,,,0,101,,11172,15,,,0
1601,'5518',845,,11173,15,,,0,100,,11176,15,,,0,100,,11174,15,,,0,100,,11175,15,,,0,101,,11177,15,,,0,100,,11179,15,,,0,99,,11184,15,,,0,100,,11181,15,,,0,105,,11178,15,,,0,100,,11180,15,,,0,100,,11182,15,,,0,100,,11183,15,,,0
1601,'5520',742,,11190,15,,,0,100,,11186,15,,,0,100,,11187,15,,,0,100,,11185,15,,,0,100,,11194,15,,,0,100,,11188,15,,,0,101,,11189,15,,,0,100,,11192,15,,,0,111,,11193,15,,,0,102,,11196,15,,,0,97,,11198,15,,,0,98,,11197,15,,,0,100,,11195,15,,,0
1601,'5526',826,,11201,15,,,0,115,,11200,15,,,0,95,,11202,15,,,0,110,,11204,15,,,0,95,,11205,15,,,0,100,,11203,15,,,0,100,,11207,15,,,0,100,,11208,15,,,0,105,,11206,15,,,0,95,,11209,15,,,0,99,,11210,15,,,0,100,,11211,15,,,0
1701,'4532',720,,7959,15,0,11 12,0,100,,8730,15,0,11 12,0,90,,7955,15,0,11 12,0,131,,7957,15,0,11 12,0,170,,7960,15,0,15 1 16,0,100,,7961,15,0,15 1 16,0,130,,7958,15,0,15 1 16,0,170,,7962,15,0,15 1 16,0,105,,8731,15,0,15 1 16,0,99,,8733,15,0,13 14,0,105,,8734,15,0,13 14,0,105,,8735,15,0,13 14,0,110,,8732,15,0,13 14,0,120,,7968,15,0,13 14,0
1701,'5475',727,,11282,15,0,11 12,0,87,,11287,15,0,11 12,0,98,,11275,15,0,11 12,0,100,,11278,15,0,11 12,0,101,,11274,15,0,11 12,0,100,,11276,15,0,15 1 16,0,100,,11279,15,0,15 1 16,0,110,,11281,15,0,15 1 16,0,92,,11284,15,0,15 1 16,0,110,,11289,15,0,15 1 16,0,98,,11285,15,0,15 1 16,0,104,,11288,15,0,15 1 16,0,119,,11286,15,0,13 14,0,100,,11280,15,0,13 14,0,155,,11277,15,0,13 14,0,114,,11290,15,0,13 14,0,38,,11291,15,0,13 14,0,148,,11292,15,0,13 14,0
1701,'5518',820,,11293,15,0,11 12,0,100,,11294,15,0,11 12,0,116,,11295,15,0,11 12,0,95,,11296,15,0,13 14,0,200,,11298,15,0,11 12,0,210,,11297,15,0,13 14,0,100,,11300,15,0,11 12,0,100,,11299,15,0,15 1 16,0,100,,11301,15,0,13 14,0,170,,11302,15,0,13 14,0
1701,'5520',727,,11311,15,0,11 12,0,87,,11316,15,0,11 12,0,98,,11304,15,0,11 12,0,100,,11307,15,0,11 12,0,101,,11303,15,0,11 12,0,100,,11305,15,0,15 1 16,0,100,,11308,15,0,15 1 16,0,110,,11310,15,0,15 1 16,0,92,,11313,15,0,15 1 16,0,110,,11318,15,0,15 1 16,0,98,,11314,15,0,15 1 16,0,104,,11317,15,0,15 1 16,0,119,,11315,15,0,13 14,0,100,,11309,15,0,13 14,0,155,,11306,15,0,13 14,0,114,,11319,15,0,13 14,0
1701,'5526',720,,11324,15,0,11 12,0,100,,11321,15,0,11 12,0,90,,11320,15,0,11 12,0,131,,11322,15,0,11 12,0,170,,11325,15,0,15 1 16,0,100,,11326,15,0,15 1 16,0,130,,11323,15,0,15 1 16,0,170,,11327,15,0,15 1 16,0,105,,11328,15,0,15 1 16,0,99,,11330,15,0,13 14,0,105,,11331,15,0,13 14,0,105,,11332,15,0,13 14,0,110,,11329,15,0,13 14,0,120,,11333,15,0,13 14,0
