1600,'4532',845,,8670,14,0,5,0,156,,7847,14,0,5,0,55,,7846,14,0,5,0,151,,8671,14,0,5,0,95,,8672,14,0,5,0,101,,7845,14,0,5,0,100,,7851,14,0,5,0,100,,6360,14,0,5,0,105,,6364,14,0,5,0,95,,8673,14,0,5,0,97,,8674,14,0,5,0,100,,8675,14,0,5,0
1600,'5475',655,,11105,14,,,0,81,,11114,14,0,5,0,68,,11106,14,0,5,0,99,,11101,14,0,5,0,100,,11102,14,0,5,0,100,,11103,14,0,5,0,100,,11109,14,0,5,0,100,,11104,14,0,5,0,102,,11100,14,0,5,0,101,,11107,14,0,5,0,112,,11108,14,0,5,0,101,,11111,14,0,5,0,95,,11113,14,0,5,0,98,,11112,14,0,5,0,99,,11110,14,0,5,0,399,,11115,14,0,5,0,102,,11116,14,0,5,0
1600,'5518',905,,11117,14,0,5,0,100,,11120,14,0,5,0,100,,11118,14,0,5,0,100,,11119,14,0,5,0,102,,11121,14,0,5,0,100,,11124,14,0,5,0,99,,11127,14,0,5,0,100,,11125,14,0,5,0,105,,11122,14,0,5,0,99,,11123,14,0,5,0,98,,11126,14,0,5,0,100,,11128,14,0,5,0
1600,'5520',655,,11134,14,,,0,81,,11143,14,0,5,0,68,,11135,14,0,5,0,99,,11130,14,0,5,0,100,,11131,14,0,5,0,100,,11132,14,0,5,0,100,,11138,14,0,5,0,100,,11133,14,0,5,0,102,,11129,14,0,5,0,101,,11136,14,0,5,0,112,,11137,14,0,5,0,101,,11140,14,0,5,0,95,,11142,14,0,5,0,98,,11141,14,0,5,0,99,,11139,14,0,5,0
1600,'5526',845,,11148,14,0,5,0,156,,11146,14,0,5,0,55,,11145,14,0,5,0,151,,11149,14,0,5,0,95,,11150,14,0,5,0,101,,11144,14,0,5,0,100,,11152,14,0,5,0,100,,11147,14,0,5,0,105,,11151,14,0,5,0,95,,11153,14,0,5,0,97,,11154,14,0,5,0,100,,11155,14,0,5,0
1700,'4532',810,,7915,45,,,0,103,,8714,45,,,0,90,,7917,45,,,0,132,,7918,45,,,0,169,,7919,26,,,0,103,,7920,26,,,0,130,,7921,26,,,0,171,,7922,26,,,0,104,,8715,26,,,0,45,,8716,14,,,0,145,,8717,14,,,0,105,,8718,14,,,0,110,,8719,14,,,0,119,,7928,14,,,0
1700,'5475',702,,11214,45,,,0,27,,11222,45,,,0,102,,11221,45,,,0,86,,11226,45,,,0,99,,11213,45,,,0,100,,11217,45,,,0,100,,11212,45,,,0,99,,11215,26,,,0,101,,11218,26,,,0,115,,11220,26,,,0,93,,11223,26,,,0,107,,11228,26,,,0,97,,11224,26,,,0,113,,11227,45,,,0,87,,11225,13,,,0,98,,11219,13,,,0,115,,11216,13,,,0,114,,11229,13,,,0,79,,11230,14,,,0,108,,11231,14,,,0
1700,'5518',917,,11232,45,,,0,100,,11233,45,,,0,102,,11234,26,,,0,96,,11235,44,,,0,200,,11237,26,,,0,208,,11236,13,,,0,102,,11238,26,,,0,112,,11239,26,,,0,85,,11240,13,,,0,130,,11241,13,,,0
1700,'5520',702,,11244,45,,,0,27,,11252,45,,,0,102,,11251,45,,,0,86,,11256,45,,,0,99,,11243,45,,,0,100,,11247,45,,,0,100,,11242,45,,,0,99,,11245,26,,,0,101,,11248,26,,,0,115,,11250,26,,,0,93,,11253,26,,,0,107,,11258,26,,,0,97,,11254,26,,,0,113,,11257,45,,,0,87,,11255,13,,,0,98,,11249,13,,,0,115,,11246,13,,,0,114,,11259,13,,,0
1700,'5526',810,,11260,45,,,0,103,,11261,45,,,0,90,,11262,45,,,0,132,,11263,45,,,0,169,,11264,26,,,0,103,,11265,26,,,0,130,,11266,26,,,0,171,,11267,26,,,0,104,,11268,26,,,0,45,,11269,13,,,0,145,,11270,13,,,0,105,,11271,13,,,0,110,,11272,13,,,0,119,,11273,13,,,0
