1700,'4532',818,,7915,55,,,0,103,,8714,55,,,0,90,,7917,55,,,0,133,,7918,55,,,0,169,,7919,36,,,0,103,,7920,36,,,0,130,,7921,36,,,0,171,,7922,36,,,0,104,,8715,36,,,0,85,,8716,24,,,0,105,,8717,24,,,0,105,,8718,24,,,0,110,,8719,24,,,0,119,,7928,24,,,0
1700,'5475',710,,11214,55,,,0,28,,11222,55,,,0,104,,11221,55,,,0,84,,11226,55,,,0,99,,11213,55,,,0,100,,11217,55,,,0,100,,11212,55,,,0,99,,11215,36,,,0,101,,11218,36,,,0,115,,11220,36,,,0,93,,11223,36,,,0,107,,11228,36,,,0,96,,11224,36,,,0,113,,11227,55,,,0,87,,11225,23,,,0,98,,11219,23,,,0,115,,11216,23,,,0,154,,11229,23,,,0,37,,11230,24,,,0,108,,11231,24,,,0
1700,'5518',925,,11232,55,,,0,100,,11233,55,,,0,102,,11234,36,,,0,96,,11235,54,,,0,200,,11237,36,,,0,208,,11236,23,,,0,102,,11238,36,,,0,112,,11239,36,,,0,85,,11240,23,,,0,170,,11241,23,,,0
1700,'5520',710,,11244,55,,,0,28,,11252,55,,,0,104,,11251,55,,,0,84,,11256,55,,,0,99,,11243,55,,,0,100,,11247,55,,,0,100,,11242,55,,,0,99,,11245,36,,,0,101,,11248,36,,,0,115,,11250,36,,,0,93,,11253,36,,,0,107,,11258,36,,,0,96,,11254,36,,,0,113,,11257,55,,,0,87,,11255,23,,,0,98,,11249,23,,,0,115,,11246,23,,,0,154,,11259,23,,,0
1700,'5526',818,,11260,55,,,0,103,,11261,55,,,0,90,,11262,55,,,0,133,,11263,55,,,0,169,,11264,36,,,0,103,,11265,36,,,0,130,,11266,36,,,0,171,,11267,36,,,0,104,,11268,36,,,0,85,,11269,23,,,0,105,,11270,23,,,0,105,,11271,23,,,0,110,,11272,23,,,0,119,,11273,23,,,0
1801,'4532',826,,8041,17,,,0,101,,8042,17,,,0,100,,8043,17,,,0,101,,8044,17,,,0,101,,8045,17,,,0,103,,8046,17,,,0,91,,8047,17,,,0,102,,8048,17,,,0,106,,8049,17,,,0,105,,8050,17,,,0,98,,8051,17,,,0,100,,8052,17,,,0,101,,8053,17,,,0,100,,8054,17,,,0,101,,8055,17,,,0
1801,'5475',622,,11396,17,,,0,101,,11397,17,,,0,105,,11398,17,,,0,100,,11399,17,,,0,100,,11400,17,,,0,101,,11401,17,,,0,101,,11402,17,,,0,104,,11403,17,,,0,90,,11404,17,,,0,104,,11405,17,,,0,106,,11406,17,,,0,103,,11407,17,,,0,98,,11408,17,,,0,99,,11409,17,,,0,101,,11410,17,,,0,101,,11411,17,,,0,101,,11412,17,,,0
1801,'5518',824,,11419,17,,,0,101,,11423,17,,,0,101,,11418,17,,,0,102,,11425,17,,,0,101,,11417,17,,,0,103,,11424,17,,,0,92,,11414,17,,,0,98,,11416,17,,,0,105,,11420,17,,,0,105,,11422,17,,,0,101,,11413,17,,,0,99,,11421,17,,,0,101,,11415,17,,,0
1801,'5520',622,,11426,17,,,0,101,,11427,17,,,0,105,,11428,17,,,0,100,,11429,17,,,0,100,,11430,17,,,0,101,,11431,17,,,0,101,,11432,17,,,0,104,,11433,17,,,0,90,,11434,17,,,0,104,,11435,17,,,0,106,,11436,17,,,0,103,,11437,17,,,0,98,,11438,17,,,0,99,,11439,17,,,0,101,,11440,17,,,0,101,,11441,17,,,0,101,,11442,17,,,0
1801,'5526',826,,11443,17,,,0,101,,11444,17,,,0,100,,11445,17,,,0,101,,11446,17,,,0,101,,11447,17,,,0,103,,11448,17,,,0,91,,11449,17,,,0,102,,11450,17,,,0,106,,11451,17,,,0,105,,11452,17,,,0,98,,11453,17,,,0,100,,11454,17,,,0,101,,11455,17,,,0,100,,11456,17,,,0,101,,11457,17,,,0
