101,'4532',626,,8128,8,,,0,30,,6729,8,,,0,70,,8126,8,,,0,25,,6731,8,,,0,60,,6725,8,,,0,15,,8130,8,,,0,16,,6705,8,,,0,15,,6733,8,,,0,55,,5016,8,,,0,30,,8117,8,,,0,70,,5018,8,,,0,30,,8118,8,,,0,70,,5020,8,,,0,30,,6708,8,,,0,70,,5022,8,,,0,30,,6709,8,,,0,70,,5024,8,,,0,30,,6710,8,,,0,70,,8119,8,,,0,30,,6712,8,,,0,70,,6713,8,,,0,30,,8120,8,,,0,15,,8131,8,,,0,55,,6716,8,,,0,15,,8132,8,,,0,15,,8121,8,,,0,15,,8133,8,,,0,55,,6718,8,,,0,15,,8134,8,,,0,15,,8122,8,,,0,15,,8135,8,,,0,55,,6720,8,,,0,30,,6714,8,,,0,85,,6721,8,,,0,100,,8123,8,,,0,105,,8124,8,,,0,105,,8125,8,,,0,105,,8127,8,,,0,100,,8129,8,,,0
101,'5475',606,,8926,8,,,0,31,,8927,8,,,0,70,,8928,8,,,0,15,,8933,8,,,0,15,,8930,8,,,0,15,,8929,8,,,0,55,,8932,8,,,0,15,,8931,8,,,0,15,,8934,8,,,0,15,,8935,8,,,0,55,,8972,8,,,0,20,,8936,8,,,0,21,,8976,8,,,0,60,,8970,8,,,0,30,,8939,8,,,0,70,,8969,8,,,0,30,,8937,8,,,0,70,,8938,8,,,0,30,,8940,8,,,0,70,,8942,8,,,0,30,,8943,8,,,0,70,,8968,8,,,0,20,,8944,8,,,0,20,,8971,8,,,0,60,,8941,8,,,0,15,,8947,8,,,0,15,,8948,8,,,0,15,,8946,8,,,0,55,,8973,8,,,0,15,,8945,8,,,0,15,,8950,8,,,0,15,,8951,8,,,0,55,,8949,8,,,0,15,,8953,8,,,0,15,,8974,8,,,0,15,,8954,8,,,0,55,,8952,8,,,0,20,,8955,8,,,0,19,,8956,8,,,0,65,,8975,8,,,0,30,,8957,8,,,0,70,,8958,8,,,0,30,,8959,8,,,0,70,,8960,8,,,0,30,,8961,8,,,0,70,,8963,8,,,0,30,,8962,8,,,0,70,,8964,8,,,0,30,,8965,8,,,0,69,,8966,8,,,0,30,,8967,8,,,0,98,,8977,8,,,0
101,'5518',706,,8978,8,,,0,30,,8979,8,,,0,70,,8982,8,,,0,30,,8981,8,,,0,70,,8980,8,,,0,30,,8986,8,,,0,70,,8983,8,,,0,30,,8985,8,,,0,71,,8984,8,,,0,30,,8997,8,,,0,70,,8987,8,,,0,30,,8988,8,,,0,70,,8989,8,,,0,30,,8990,8,,,0,70,,8991,8,,,0,30,,8996,8,,,0,70,,8992,8,,,0,30,,8993,8,,,0,70,,8995,8,,,0,30,,9006,8,,,0,70,,8994,8,,,0,30,,9008,8,,,0,75,,8999,8,,,0,25,,8998,8,,,0,70,,9000,8,,,0,30,,9009,8,,,0,70,,9004,8,,,0,30,,9001,8,,,0,70,,9003,8,,,0,30,,9002,8,,,0,70,,9005,8,,,0,30,,9010,8,,,0,78,,9007,8,,,0,22,,9011,8,,,0
101,'5520',606,,9012,8,,,0,31,,9013,8,,,0,70,,9014,8,,,0,15,,9019,8,,,0,15,,9016,8,,,0,15,,9015,8,,,0,55,,9018,8,,,0,15,,9017,8,,,0,15,,9020,8,,,0,15,,9021,8,,,0,55,,9058,8,,,0,20,,9022,8,,,0,21,,9062,8,,,0,60,,9056,8,,,0,30,,9025,8,,,0,70,,9055,8,,,0,30,,9023,8,,,0,70,,9024,8,,,0,30,,9026,8,,,0,70,,9028,8,,,0,30,,9029,8,,,0,70,,9054,8,,,0,20,,9030,8,,,0,20,,9057,8,,,0,60,,9027,8,,,0,15,,9033,8,,,0,15,,9034,8,,,0,15,,9032,8,,,0,55,,9059,8,,,0,15,,9031,8,,,0,15,,9036,8,,,0,15,,9037,8,,,0,55,,9035,8,,,0,15,,9039,8,,,0,15,,9060,8,,,0,15,,9040,8,,,0,55,,9038,8,,,0,20,,9041,8,,,0,19,,9042,8,,,0,65,,9061,8,,,0,30,,9043,8,,,0,70,,9044,8,,,0,30,,9045,8,,,0,70,,9046,8,,,0,30,,9047,8,,,0,70,,9049,8,,,0,30,,9048,8,,,0,70,,9050,8,,,0,30,,9051,8,,,0,69,,9052,8,,,0,30,,9053,8,,,0
101,'5526',626,,9091,8,,,0,30,,9092,8,,,0,70,,9089,8,,,0,25,,9094,8,,,0,60,,9088,8,,,0,15,,9095,8,,,0,16,,9063,8,,,0,15,,9096,8,,,0,55,,9064,8,,,0,30,,9065,8,,,0,70,,9066,8,,,0,30,,9067,8,,,0,70,,9068,8,,,0,30,,9069,8,,,0,70,,9070,8,,,0,30,,9071,8,,,0,70,,9072,8,,,0,30,,9073,8,,,0,70,,9074,8,,,0,30,,9075,8,,,0,70,,9076,8,,,0,30,,9078,8,,,0,15,,9097,8,,,0,55,,9079,8,,,0,15,,9098,8,,,0,15,,9080,8,,,0,15,,9099,8,,,0,55,,9081,8,,,0,15,,9100,8,,,0,15,,9082,8,,,0,15,,9101,8,,,0,55,,9083,8,,,0,30,,9077,8,,,0,85,,9084,8,,,0,100,,9085,8,,,0,105,,9086,8,,,0,105,,9087,8,,,0,105,,9090,8,,,0,100,,9093,8,,,0
201,'4532',840,,5164,8,,,0,100,,6841,8,,,0,101,,6844,8,,,0,100,,8192,8,,,0,100,,8193,8,,,0,100,,8191,8,,,0,100,,8189,8,,,0,70,,6851,8,,,0,30,,8194,8,,,0,70,,6850,8,,,0,30,,8190,8,,,0,70,,8195,8,,,0,30,,8196,8,,,0,90,,6852,8,,,0,80,,6854,8,,,0,91,,6855,8,,,0,54,,6853,8,,,0,100,,6856,8,,,0
201,'5475',736,,9219,8,,,0,15,,9218,8,,,0,55,,9221,8,,,0,30,,9217,8,,,0,70,,9223,8,,,0,30,,9224,8,,,0,70,,9220,8,,,0,30,,9225,8,,,0,70,,9226,8,,,0,31,,9227,8,,,0,70,,9228,8,,,0,30,,9229,8,,,0,70,,9230,8,,,0,29,,9233,8,,,0,70,,9231,8,,,0,31,,9232,8,,,0,70,,9234,8,,,0,41,,9207,8,,,0,70,,9203,8,,,0,30,,9211,8,,,0,69,,9205,8,,,0,30,,9202,8,,,0,75,,9212,8,,,0,80,,9206,8,,,0,30,,9209,8,,,0,75,,9213,8,,,0,25,,9210,8,,,0,70,,9204,8,,,0,30,,9208,8,,,0,225,,9235,8,,,0,100,,9236,8,,,0
201,'5518',826,,9237,8,,,0,110,,9238,8,,,0,100,,9239,8,,,0,100,,9241,8,,,0,105,,9240,8,,,0,95,,9243,8,,,0,100,,9242,8,,,0,100,,9246,8,,,0,105,,9248,8,,,0,100,,9247,8,,,0,166,,9244,8,,,0,100,,9245,8,,,0
201,'5520',736,,9266,8,,,0,15,,9265,8,,,0,55,,9268,8,,,0,30,,9264,8,,,0,70,,9270,8,,,0,30,,9271,8,,,0,70,,9267,8,,,0,30,,9272,8,,,0,70,,9273,8,,,0,31,,9274,8,,,0,70,,9275,8,,,0,30,,9276,8,,,0,70,,9277,8,,,0,29,,9280,8,,,0,70,,9278,8,,,0,31,,9279,8,,,0,70,,9281,8,,,0,41,,9254,8,,,0,70,,9250,8,,,0,30,,9258,8,,,0,69,,9252,8,,,0,30,,9249,8,,,0,75,,9259,8,,,0,80,,9253,8,,,0,30,,9256,8,,,0,75,,9260,8,,,0,25,,9257,8,,,0,70,,9251,8,,,0,30,,9255,8,,,0
201,'5526',840,,9282,8,,,0,100,,9284,8,,,0,101,,9287,8,,,0,100,,9288,8,,,0,100,,9289,8,,,0,100,,9286,8,,,0,100,,9283,8,,,0,70,,9294,8,,,0,30,,9290,8,,,0,70,,9293,8,,,0,30,,9285,8,,,0,70,,9291,8,,,0,30,,9292,8,,,0,90,,9295,8,,,0,80,,9297,8,,,0,91,,9298,8,,,0,54,,9296,8,,,0,100,,9299,8,,,0
