700,'4532',736,,7391,37,,,0,101,,8333,37,,,0,71,,7355,37,,,0,100,,8334,37,,,0,31,,7363,37,,,0,85,,7383,37,,,0,31,,7384,37,,,0,64,,8343,37,,,0,103,,7372,37,,,0,30,,8338,37,,,0,100,,7367,37,,,0,83,,8345,37,,,0,14,,8352,37,,,0,70,,7389,37,,,0,15,,7364,37,,,0,70,,7376,37,,,0,15,,8353,37,,,0,93,,7377,37,,,0,30,,7358,37,,,0,107,,7360,37,,,0,110,,7380,37,,,0,145,,7361,37,,,0,154,,8347,37,,,0,96,,8350,37,,,0,95,,8356,37,,,0
700,'5475',657,,10019,37,,,0,71,,10021,37,,,0,25,,10023,37,,,0,71,,10025,37,,,0,27,,10027,37,,,0,69,,10029,37,,,0,28,,10031,37,,,0,71,,10048,37,,,0,30,,10073,37,,,0,90,,10035,37,,,0,101,,10037,37,,,0,100,,10039,37,,,0,103,,10041,37,,,0,84,,10043,37,,,0,15,,10044,37,,,0,71,,10046,37,,,0,29,,10049,37,,,0,69,,10064,37,,,0,31,,10050,37,,,0,65,,10065,37,,,0,28,,10051,37,,,0,69,,10067,37,,,0,99,,10066,37,,,0,98,,10069,37,,,0,100,,10068,37,,,0,56,,10070,37,,,0,96,,10071,37,,,0,104,,10072,37,,,0
700,'5518',752,,10075,37,,,0,167,,10077,37,,,0,130,,10080,37,,,0,70,,10079,37,,,0,100,,10088,37,,,0,97,,10081,37,,,0,101,,10095,37,,,0,102,,10090,37,,,0,100,,10087,37,,,0,99,,10093,37,,,0,97,,10096,37,,,0,99,,10098,37,,,0,200,,10100,37,,,0,198,,10099,37,,,0
700,'5520',657,,10103,37,,,0,71,,10105,37,,,0,25,,10107,37,,,0,71,,10109,37,,,0,27,,10111,37,,,0,69,,10113,37,,,0,28,,10115,37,,,0,71,,10132,37,,,0,30,,10157,37,,,0,90,,10119,37,,,0,101,,10121,37,,,0,100,,10123,37,,,0,103,,10125,37,,,0,84,,10127,37,,,0,15,,10128,37,,,0,71,,10130,37,,,0,29,,10133,37,,,0,69,,10148,37,,,0,31,,10134,37,,,0,65,,10149,37,,,0,28,,10135,37,,,0,69,,10151,37,,,0,99,,10150,37,,,0,98,,10153,37,,,0,100,,10152,37,,,0,56,,10154,37,,,0,96,,10155,37,,,0,104,,10156,37,,,0
700,'5526',736,,10195,37,,,0,101,,10158,37,,,0,71,,10159,37,,,0,100,,10160,37,,,0,31,,10167,37,,,0,85,,10187,37,,,0,31,,10188,37,,,0,64,,10175,37,,,0,103,,10176,37,,,0,30,,10169,37,,,0,100,,10171,37,,,0,83,,10178,37,,,0,14,,10190,37,,,0,70,,10193,37,,,0,15,,10168,37,,,0,70,,10180,37,,,0,15,,10191,37,,,0,93,,10181,37,,,0,30,,10162,37,,,0,107,,10164,37,,,0,110,,10184,37,,,0,145,,10165,37,,,0,154,,10182,37,,,0,96,,10186,37,,,0,95,,10196,37,,,0
1600,'4532',854,,8670,28,0,5,0,157,,7847,28,0,5,0,95,,7846,28,0,5,0,111,,8671,28,0,5,0,95,,8672,28,0,5,0,101,,7845,28,0,5,0,100,,7851,28,0,5,0,100,,6360,28,0,5,0,105,,6364,28,0,5,0,95,,8673,28,0,5,0,97,,8674,28,0,5,0,100,,8675,28,0,5,0
1600,'5475',746,,11114,28,0,5,0,71,,11106,28,0,5,0,98,,11101,28,0,5,0,100,,11102,28,0,5,0,100,,11103,28,0,5,0,100,,11109,28,0,5,0,100,,11104,28,0,5,0,103,,11100,28,0,5,0,104,,11107,28,0,5,0,109,,11108,28,0,5,0,100,,11111,28,0,5,0,93,,11113,28,0,5,0,98,,11112,28,0,5,0,99,,11110,28,0,5,0,400,,11115,28,0,5,0,102,,11116,28,0,5,0
1600,'5518',914,,11117,28,0,5,0,100,,11120,28,0,5,0,100,,11118,28,0,5,0,101,,11119,28,0,5,0,102,,11121,28,0,5,0,100,,11124,28,0,5,0,99,,11127,28,0,5,0,100,,11125,28,0,5,0,105,,11122,28,0,5,0,99,,11123,28,0,5,0,97,,11126,28,0,5,0,100,,11128,28,0,5,0
1600,'5520',746,,11143,28,0,5,0,71,,11135,28,0,5,0,98,,11130,28,0,5,0,100,,11131,28,0,5,0,100,,11132,28,0,5,0,100,,11138,28,0,5,0,100,,11133,28,0,5,0,103,,11129,28,0,5,0,104,,11136,28,0,5,0,109,,11137,28,0,5,0,100,,11140,28,0,5,0,93,,11142,28,0,5,0,98,,11141,28,0,5,0,99,,11139,28,0,5,0
1600,'5526',854,,11148,28,0,5,0,157,,11146,28,0,5,0,95,,11145,28,0,5,0,111,,11149,28,0,5,0,95,,11150,28,0,5,0,101,,11144,28,0,5,0,100,,11152,28,0,5,0,100,,11147,28,0,5,0,105,,11151,28,0,5,0,95,,11153,28,0,5,0,97,,11154,28,0,5,0,100,,11155,28,0,5,0
7601,'5475',1513,,11473,2,,,0
7601,'5520',1513,,11474,2,,,0
