300,'4532',722,,8214,20,,,0,30,,8213,20,,,0,76,,5240,20,,,0,76,,6907,20,,,0,30,,6908,20,,,0,71,,6906,20,,,0,30,,6905,20,,,0,70,,8215,20,,,0,30,,6910,20,,,0,70,,6912,20,,,0,31,,8216,20,,,0,70,,8219,20,,,0,30,,5252,20,,,0,70,,8218,20,,,0,30,,6917,20,,,0,71,,5255,20,,,0,30,,6916,20,,,0,70,,5257,20,,,0,30,,8217,20,,,0,70,,5258,20,,,0,30,,6918,20,,,0,70,,6920,20,,,0,35,,8221,20,,,0,64,,8222,20,,,0,45,,8223,20,,,0,105,,8225,20,,,0,145,,8226,20,,,0,103,,8220,20,,,0,98,,8224,20,,,0
300,'5475',632,,9331,20,,,0,22,,9318,20,,,0,60,,9311,20,,,0,9,,9312,20,,,0,15,,9306,20,,,0,19,,9334,20,,,0,58,,9320,20,,,0,16,,9323,20,,,0,19,,9324,20,,,0,59,,9316,20,,,0,30,,9317,20,,,0,70,,9319,20,,,0,31,,9341,20,,,0,70,,9326,20,,,0,30,,9314,20,,,0,71,,9328,20,,,0,30,,9340,20,,,0,70,,9302,20,,,0,31,,9325,20,,,0,71,,9303,20,,,0,33,,9335,20,,,0,55,,9313,20,,,0,15,,9321,20,,,0,10,,9342,20,,,0,4,,9344,20,,,0,15,,9305,20,,,0,12,,9304,20,,,0,55,,9332,20,,,0,15,,9308,20,,,0,15,,9310,20,,,0,15,,9339,20,,,0,54,,9322,20,,,0,14,,9301,20,,,0,14,,9307,20,,,0,15,,9330,20,,,0,55,,9309,20,,,0,29,,9338,20,,,0,69,,9329,20,,,0,30,,9343,20,,,0,70,,9327,20,,,0,99,,9337,20,,,0,99,,9333,20,,,0,100,,9336,20,,,0,96,,9300,20,0,17 18 19,0,100,,9345,20,,,0
300,'5518',807,,9346,20,,,0,93,,9348,20,,,0,100,,9347,20,,,0,101,,9353,20,,,0,103,,9349,20,,,0,100,,9355,20,,,0,100,,9350,20,,,0,100,,9351,20,,,0,100,,9356,20,,,0,100,,9352,20,,,0,98,,9358,20,,,0,98,,9354,20,,,0,106,,9357,20,,,0,99,,9359,20,,,0,100,,9360,20,0,17 18 19,0
300,'5520',632,,9392,20,,,0,22,,9379,20,,,0,60,,9372,20,,,0,9,,9373,20,,,0,15,,9367,20,,,0,19,,9395,20,,,0,58,,9381,20,,,0,16,,9384,20,,,0,19,,9385,20,,,0,59,,9377,20,,,0,30,,9378,20,,,0,70,,9380,20,,,0,31,,9402,20,,,0,70,,9387,20,,,0,30,,9375,20,,,0,71,,9389,20,,,0,30,,9401,20,,,0,70,,9363,20,,,0,31,,9386,20,,,0,71,,9364,20,,,0,33,,9396,20,,,0,55,,9374,20,,,0,15,,9382,20,,,0,10,,9403,20,,,0,4,,9405,20,,,0,15,,9366,20,,,0,12,,9365,20,,,0,55,,9393,20,,,0,15,,9369,20,,,0,15,,9371,20,,,0,15,,9400,20,,,0,54,,9383,20,,,0,14,,9362,20,,,0,14,,9368,20,,,0,15,,9391,20,,,0,55,,9370,20,,,0,29,,9399,20,,,0,69,,9390,20,,,0,30,,9404,20,,,0,70,,9388,20,,,0,99,,9398,20,,,0,99,,9394,20,,,0,100,,9397,20,,,0,96,,9361,20,0,17 18 19,0
300,'5526',722,,9407,20,,,0,30,,9406,20,,,0,76,,9408,20,,,0,76,,9411,20,,,0,30,,9412,20,,,0,71,,9410,20,,,0,30,,9409,20,,,0,70,,9413,20,,,0,30,,9414,20,,,0,70,,9416,20,,,0,31,,9415,20,,,0,70,,9419,20,,,0,30,,9420,20,,,0,70,,9418,20,,,0,30,,9422,20,,,0,71,,9423,20,,,0,30,,9421,20,,,0,70,,9425,20,,,0,30,,9417,20,,,0,70,,9426,20,,,0,30,,9424,20,,,0,70,,9428,20,,,0,35,,9429,20,,,0,64,,9430,20,,,0,45,,9431,20,,,0,105,,9433,20,,,0,145,,9434,20,,,0,103,,9427,20,,,0,98,,9432,20,,,0
1400,'5475',825,,11000,53,0,7 8 2 9 2 10,0
1400,'5520',825,,11025,53,0,7 8 2 9 2 10,0
8100,'5475',818,,11489,63,,,0
8100,'5520',818,,11490,63,,,0
8101,'5475',1528,,11491,25,,,0
8101,'5522',1528,,11492,25,,,0
8101,'5525',1422,,11493,25,,,0
