101,'4532',621,,8128,3,,,0,30,,6729,3,,,0,70,,8126,3,,,0,25,,6731,3,,,0,60,,6725,3,,,0,15,,8130,3,,,0,15,,6705,3,,,0,15,,6733,3,,,0,55,,5016,3,,,0,30,,8117,3,,,0,70,,5018,3,,,0,30,,8118,3,,,0,70,,5020,3,,,0,30,,6708,3,,,0,70,,5022,3,,,0,30,,6709,3,,,0,70,,5024,3,,,0,30,,6710,3,,,0,70,,8119,3,,,0,30,,6712,3,,,0,70,,6713,3,,,0,30,,8120,3,,,0,15,,8131,3,,,0,55,,6716,3,,,0,15,,8132,3,,,0,15,,8121,3,,,0,15,,8133,3,,,0,55,,6718,3,,,0,15,,8134,3,,,0,15,,8122,3,,,0,15,,8135,3,,,0,55,,6720,3,,,0,30,,6714,3,,,0,85,,6721,3,,,0,100,,8123,3,,,0,105,,8124,3,,,0,105,,8125,3,,,0,105,,8127,3,,,0,100,,8129,3,,,0
101,'5475',601,,8926,3,,,0,30,,8927,3,,,0,70,,8928,3,,,0,15,,8933,3,,,0,15,,8930,3,,,0,15,,8929,3,,,0,55,,8932,3,,,0,15,,8931,3,,,0,15,,8934,3,,,0,15,,8935,3,,,0,55,,8972,3,,,0,20,,8936,3,,,0,21,,8976,3,,,0,60,,8970,3,,,0,30,,8939,3,,,0,70,,8969,3,,,0,30,,8937,3,,,0,70,,8938,3,,,0,30,,8940,3,,,0,70,,8942,3,,,0,30,,8943,3,,,0,70,,8968,3,,,0,20,,8944,3,,,0,20,,8971,3,,,0,60,,8941,3,,,0,15,,8947,3,,,0,15,,8948,3,,,0,15,,8946,3,,,0,55,,8973,3,,,0,15,,8945,3,,,0,15,,8950,3,,,0,15,,8951,3,,,0,55,,8949,3,,,0,15,,8953,3,,,0,15,,8974,3,,,0,15,,8954,3,,,0,55,,8952,3,,,0,20,,8955,3,,,0,19,,8956,3,,,0,65,,8975,3,,,0,30,,8957,3,,,0,70,,8958,3,,,0,30,,8959,3,,,0,70,,8960,3,,,0,30,,8961,3,,,0,70,,8963,3,,,0,30,,8962,3,,,0,70,,8964,3,,,0,30,,8965,3,,,0,70,,8966,3,,,0,30,,8967,3,,,0,98,,8977,3,,,0
101,'5518',701,,8978,3,,,0,30,,8979,3,,,0,70,,8982,3,,,0,30,,8981,3,,,0,70,,8980,3,,,0,30,,8986,3,,,0,70,,8983,3,,,0,30,,8985,3,,,0,70,,8984,3,,,0,30,,8997,3,,,0,70,,8987,3,,,0,30,,8988,3,,,0,70,,8989,3,,,0,30,,8990,3,,,0,70,,8991,3,,,0,30,,8996,3,,,0,70,,8992,3,,,0,30,,8993,3,,,0,70,,8995,3,,,0,30,,9006,3,,,0,70,,8994,3,,,0,30,,9008,3,,,0,75,,8999,3,,,0,25,,8998,3,,,0,70,,9000,3,,,0,30,,9009,3,,,0,70,,9004,3,,,0,30,,9001,3,,,0,70,,9003,3,,,0,30,,9002,3,,,0,70,,9005,3,,,0,30,,9010,3,,,0,78,,9007,3,,,0,22,,9011,3,,,0
101,'5520',601,,9012,3,,,0,30,,9013,3,,,0,70,,9014,3,,,0,15,,9019,3,,,0,15,,9016,3,,,0,15,,9015,3,,,0,55,,9018,3,,,0,15,,9017,3,,,0,15,,9020,3,,,0,15,,9021,3,,,0,55,,9058,3,,,0,20,,9022,3,,,0,21,,9062,3,,,0,60,,9056,3,,,0,30,,9025,3,,,0,70,,9055,3,,,0,30,,9023,3,,,0,70,,9024,3,,,0,30,,9026,3,,,0,70,,9028,3,,,0,30,,9029,3,,,0,70,,9054,3,,,0,20,,9030,3,,,0,20,,9057,3,,,0,60,,9027,3,,,0,15,,9033,3,,,0,15,,9034,3,,,0,15,,9032,3,,,0,55,,9059,3,,,0,15,,9031,3,,,0,15,,9036,3,,,0,15,,9037,3,,,0,55,,9035,3,,,0,15,,9039,3,,,0,15,,9060,3,,,0,15,,9040,3,,,0,55,,9038,3,,,0,20,,9041,3,,,0,19,,9042,3,,,0,65,,9061,3,,,0,30,,9043,3,,,0,70,,9044,3,,,0,30,,9045,3,,,0,70,,9046,3,,,0,30,,9047,3,,,0,70,,9049,3,,,0,30,,9048,3,,,0,70,,9050,3,,,0,30,,9051,3,,,0,70,,9052,3,,,0,30,,9053,3,,,0
101,'5526',621,,9091,3,,,0,30,,9092,3,,,0,70,,9089,3,,,0,25,,9094,3,,,0,60,,9088,3,,,0,15,,9095,3,,,0,15,,9063,3,,,0,15,,9096,3,,,0,55,,9064,3,,,0,30,,9065,3,,,0,70,,9066,3,,,0,30,,9067,3,,,0,70,,9068,3,,,0,30,,9069,3,,,0,70,,9070,3,,,0,30,,9071,3,,,0,70,,9072,3,,,0,30,,9073,3,,,0,70,,9074,3,,,0,30,,9075,3,,,0,70,,9076,3,,,0,30,,9078,3,,,0,15,,9097,3,,,0,55,,9079,3,,,0,15,,9098,3,,,0,15,,9080,3,,,0,15,,9099,3,,,0,55,,9081,3,,,0,15,,9100,3,,,0,15,,9082,3,,,0,15,,9101,3,,,0,55,,9083,3,,,0,30,,9077,3,,,0,85,,9084,3,,,0,100,,9085,3,,,0,105,,9086,3,,,0,105,,9087,3,,,0,105,,9090,3,,,0,100,,9093,3,,,0
201,'4532',836,,5164,3,,,0,100,,6841,3,,,0,100,,6844,3,,,0,100,,8192,3,,,0,100,,8193,3,,,0,100,,8191,3,,,0,100,,8189,3,,,0,70,,6851,3,,,0,30,,8194,3,,,0,70,,6850,3,,,0,30,,8190,3,,,0,70,,8195,3,,,0,30,,8196,3,,,0,90,,6852,3,,,0,80,,6854,3,,,0,51,,6855,3,,,0,94,,6853,3,,,0,100,,6856,3,,,0
201,'5475',731,,9219,3,,,0,15,,9218,3,,,0,55,,9221,3,,,0,30,,9217,3,,,0,70,,9223,3,,,0,30,,9224,3,,,0,70,,9220,3,,,0,30,,9225,3,,,0,70,,9226,3,,,0,30,,9227,3,,,0,70,,9228,3,,,0,30,,9229,3,,,0,70,,9230,3,,,0,29,,9233,3,,,0,70,,9231,3,,,0,31,,9232,3,,,0,70,,9234,3,,,0,41,,9207,3,,,0,70,,9203,3,,,0,30,,9211,3,,,0,69,,9205,3,,,0,30,,9202,3,,,0,75,,9212,3,,,0,40,,9206,3,,,0,70,,9209,3,,,0,75,,9213,3,,,0,25,,9210,3,,,0,30,,9204,3,,,0,70,,9208,3,,,0,225,,9235,3,,,0,100,,9236,3,,,0
201,'5518',821,,9237,3,,,0,110,,9238,3,,,0,100,,9239,3,,,0,100,,9241,3,,,0,105,,9240,3,,,0,95,,9243,3,,,0,100,,9242,3,,,0,100,,9246,3,,,0,105,,9248,3,,,0,100,,9247,3,,,0,166,,9244,3,,,0,100,,9245,3,,,0
201,'5520',731,,9266,3,,,0,15,,9265,3,,,0,55,,9268,3,,,0,30,,9264,3,,,0,70,,9270,3,,,0,30,,9271,3,,,0,70,,9267,3,,,0,30,,9272,3,,,0,70,,9273,3,,,0,30,,9274,3,,,0,70,,9275,3,,,0,30,,9276,3,,,0,70,,9277,3,,,0,29,,9280,3,,,0,70,,9278,3,,,0,31,,9279,3,,,0,70,,9281,3,,,0,41,,9254,3,,,0,70,,9250,3,,,0,30,,9258,3,,,0,69,,9252,3,,,0,30,,9249,3,,,0,75,,9259,3,,,0,40,,9253,3,,,0,70,,9256,3,,,0,75,,9260,3,,,0,25,,9257,3,,,0,30,,9251,3,,,0,70,,9255,3,,,0
201,'5526',836,,9282,3,,,0,100,,9284,3,,,0,100,,9287,3,,,0,100,,9288,3,,,0,100,,9289,3,,,0,100,,9286,3,,,0,100,,9283,3,,,0,70,,9294,3,,,0,30,,9290,3,,,0,70,,9293,3,,,0,30,,9285,3,,,0,70,,9291,3,,,0,30,,9292,3,,,0,90,,9295,3,,,0,80,,9297,3,,,0,51,,9298,3,,,0,94,,9296,3,,,0,100,,9299,3,,,0
301,'4532',831,,6973,3,,,0,70,,6975,3,,,0,30,,6980,3,,,0,70,,6978,3,,,0,30,,8253,3,,,0,70,,6976,3,,,0,30,,6979,3,,,0,70,,8251,3,,,0,30,,8254,3,,,0,70,,5333,3,,,0,30,,8255,3,,,0,70,,6983,3,,,0,30,,5332,3,,,0,70,,6984,3,,,0,30,,5338,3,,,0,70,,8256,3,,,0,30,,5342,3,,,0,70,,6985,3,,,0,30,,6990,3,,,0,75,,8257,3,,,0,25,,8258,3,,,0,85,,8259,3,,,0,105,,8260,3,,,0,105,,8261,3,,,0,105,,8262,3,,,0,100,,8263,3,,,0
301,'5475',640,,9450,3,,,0,9,,9449,3,,,0,70,,9442,3,,,0,16,,9451,3,,,0,16,,9461,3,,,0,60,,9445,3,,,0,20,,9452,3,,,0,70,,9460,3,,,0,30,,9457,3,,,0,70,,9475,3,,,0,30,,9439,3,,,0,70,,9436,3,,,0,30,,9462,3,,,0,70,,9446,3,,,0,30,,9474,3,,,0,71,,9468,3,,,0,30,,9467,3,,,0,70,,9473,3,,,0,15,,9466,3,,,0,15,,9471,3,,,0,10,,9476,3,,,0,60,,9469,3,,,0,15,,9464,3,,,0,15,,9444,3,,,0,15,,9443,3,,,0,55,,9440,3,,,0,15,,9472,3,,,0,15,,9441,3,,,0,15,,9455,3,,,0,55,,9454,3,,,0,15,,9447,3,,,0,15,,9448,3,,,0,70,,9470,3,,,0,29,,9459,3,,,0,70,,9477,3,,,0,30,,9437,3,,,0,100,,9465,3,,,0,100,,9456,3,,,0,100,,9463,3,,,0,100,,9435,3,,,0,100,,9478,3,,,0
301,'5518',828,,9479,3,,,0,100,,9480,3,,,0,100,,9485,3,,,0,103,,9481,3,,,0,97,,9486,3,,,0,100,,9482,3,,,0,100,,9483,3,,,0,100,,9488,3,,,0,100,,9484,3,,,0,98,,9490,3,,,0,100,,9487,3,,,0,106,,9489,3,,,0,100,,9491,3,,,0,100,,9492,3,,,0
301,'5520',640,,9508,3,,,0,9,,9507,3,,,0,70,,9500,3,,,0,16,,9509,3,,,0,16,,9519,3,,,0,60,,9503,3,,,0,20,,9510,3,,,0,70,,9518,3,,,0,30,,9515,3,,,0,70,,9533,3,,,0,30,,9497,3,,,0,70,,9494,3,,,0,30,,9520,3,,,0,70,,9504,3,,,0,30,,9532,3,,,0,71,,9526,3,,,0,30,,9525,3,,,0,70,,9531,3,,,0,15,,9524,3,,,0,15,,9529,3,,,0,10,,9534,3,,,0,60,,9527,3,,,0,15,,9522,3,,,0,15,,9502,3,,,0,15,,9501,3,,,0,55,,9498,3,,,0,15,,9530,3,,,0,15,,9499,3,,,0,15,,9513,3,,,0,55,,9512,3,,,0,15,,9505,3,,,0,15,,9506,3,,,0,70,,9528,3,,,0,29,,9517,3,,,0,70,,9535,3,,,0,30,,9495,3,,,0,100,,9523,3,,,0,100,,9514,3,,,0,100,,9521,3,,,0,100,,9493,3,,,0
301,'5526',831,,9538,3,,,0,70,,9541,3,,,0,30,,9546,3,,,0,70,,9544,3,,,0,30,,9543,3,,,0,70,,9542,3,,,0,30,,9545,3,,,0,70,,9537,3,,,0,30,,9547,3,,,0,70,,9549,3,,,0,30,,9550,3,,,0,70,,9551,3,,,0,30,,9548,3,,,0,70,,9552,3,,,0,30,,9554,3,,,0,70,,9555,3,,,0,30,,9558,3,,,0,70,,9553,3,,,0,30,,9560,3,,,0,75,,9556,3,,,0,25,,9557,3,,,0,85,,9559,3,,,0,105,,9561,3,,,0,105,,9562,3,,,0,105,,9563,3,,,0,100,,9564,3,,,0
