100,'4532',650,,6634,28,,,0,9,,8080,28,,,0,70,,6637,28,,,0,30,,8069,28,,,0,67,,6639,28,,,0,20,,6613,28,,,0,55,,8082,28,,,0,17,,6614,28,,,0,16,,6641,28,,,0,16,,4891,28,,,0,72,,8071,28,,,0,30,,4896,28,,,0,70,,8070,28,,,0,32,,4898,28,,,0,70,,6618,28,,,0,30,,4901,28,,,0,70,,6617,28,,,0,30,,4902,28,,,0,70,,6620,28,,,0,31,,8072,28,,,0,70,,6621,28,,,0,30,,6623,28,,,0,68,,8074,28,,,0,13,,8083,28,,,0,15,,6625,28,,,0,55,,8084,28,,,0,15,,8073,28,,,0,14,,8085,28,,,0,14,,6626,28,,,0,55,,8086,28,,,0,15,,8075,28,,,0,15,,8087,28,,,0,15,,6628,28,,,0,70,,6629,28,,,0,85,,6633,28,,,0,99,,8078,28,,,0,104,,8077,28,,,0,104,,8076,28,,,0,103,,8079,28,,,0,97,,8081,28,,,0
100,'5475',612,,8746,20,,,0,30,,8747,28,,,0,72,,8748,28,,,0,31,,8749,28,,,0,58,,8750,28,,,0,17,,8758,28,,,0,15,,8757,28,,,0,15,,8785,28,,,0,54,,8786,28,,,0,15,,8761,28,,,0,16,,8753,28,,,0,15,,8780,28,,,0,60,,8779,28,,,0,21,,8790,28,,,0,20,,8789,28,,,0,71,,8788,28,,,0,30,,8793,28,,,0,72,,8792,28,,,0,30,,8777,28,,,0,70,,8776,28,,,0,30,,8767,28,,,0,70,,8756,28,,,0,32,,8755,28,,,0,60,,8759,28,,,0,19,,8754,28,,,0,18,,8782,28,,,0,55,,8764,28,,,0,14,,8781,28,,,0,15,,8787,28,,,0,15,,8783,28,,,0,55,,8796,28,,,0,14,,8795,28,,,0,14,,8775,28,,,0,15,,8772,28,,,0,52,,8797,28,,,0,14,,8773,28,,,0,15,,8770,28,,,0,15,,8791,28,,,0,60,,8794,28,,,0,19,,8771,28,,,0,25,,8778,28,,,0,67,,8774,28,,,0,30,,8769,28,,,0,69,,8765,28,,,0,30,,8763,28,,,0,70,,8762,28,,,0,30,,8760,28,,,0,69,,8768,28,,,0,28,,8784,28,,,0,67,,8766,28,,,0,29,,8751,28,,,0,70,,8752,28,,,0,98,,8798,28,,,0
100,'5518',720,,8799,28,,,0,19,,8800,28,,,0,70,,8801,28,,,0,30,,8803,28,,,0,70,,8802,28,,,0,32,,8804,28,,,0,72,,8807,28,,,0,30,,8805,28,,,0,70,,8806,28,,,0,31,,8808,28,,,0,73,,8820,28,,,0,30,,8810,28,,,0,70,,8809,28,,,0,30,,8813,28,,,0,70,,8811,28,,,0,30,,8814,28,,,0,71,,8815,28,,,0,30,,8812,28,,,0,68,,8816,28,,,0,30,,8817,28,,,0,69,,8827,28,,,0,30,,8818,28,,,0,70,,8830,28,,,0,33,,8821,28,,,0,65,,8819,28,,,0,29,,8822,28,,,0,70,,8831,28,,,0,29,,8824,28,,,0,70,,8823,28,,,0,29,,8825,28,,,0,68,,8826,28,,,0,30,,8828,28,,,0,70,,8832,28,,,0,37,,8829,28,,,0,62,,8833,28,,,0
100,'5520',612,,8834,20,,,0,30,,8835,28,,,0,72,,8836,28,,,0,31,,8837,28,,,0,58,,8838,28,,,0,17,,8846,28,,,0,15,,8845,28,,,0,15,,8873,28,,,0,54,,8874,28,,,0,15,,8849,28,,,0,16,,8841,28,,,0,15,,8868,28,,,0,60,,8867,28,,,0,21,,8878,28,,,0,20,,8877,28,,,0,71,,8876,28,,,0,30,,8881,28,,,0,72,,8880,28,,,0,30,,8865,28,,,0,70,,8864,28,,,0,30,,8855,28,,,0,70,,8844,28,,,0,32,,8843,28,,,0,60,,8847,28,,,0,19,,8842,28,,,0,18,,8870,28,,,0,55,,8852,28,,,0,14,,8869,28,,,0,15,,8875,28,,,0,15,,8871,28,,,0,55,,8884,28,,,0,14,,8883,28,,,0,14,,8863,28,,,0,15,,8860,28,,,0,52,,8885,28,,,0,14,,8861,28,,,0,15,,8858,28,,,0,15,,8879,28,,,0,60,,8882,28,,,0,19,,8859,28,,,0,25,,8866,28,,,0,67,,8862,28,,,0,30,,8857,28,,,0,69,,8853,28,,,0,30,,8851,28,,,0,70,,8850,28,,,0,30,,8848,28,,,0,69,,8856,28,,,0,28,,8872,28,,,0,67,,8854,28,,,0,29,,8839,28,,,0,70,,8840,28,,,0
100,'5526',650,,8913,28,,,0,9,,8915,28,,,0,70,,8916,28,,,0,30,,8886,28,,,0,67,,8918,28,,,0,20,,8888,28,,,0,55,,8919,28,,,0,17,,8889,28,,,0,16,,8920,28,,,0,16,,8887,28,,,0,72,,8891,28,,,0,30,,8892,28,,,0,70,,8890,28,,,0,32,,8894,28,,,0,70,,8895,28,,,0,30,,8897,28,,,0,70,,8893,28,,,0,30,,8898,28,,,0,70,,8899,28,,,0,31,,8896,28,,,0,70,,8900,28,,,0,30,,8902,28,,,0,68,,8903,28,,,0,13,,8921,28,,,0,15,,8904,28,,,0,55,,8922,28,,,0,15,,8901,28,,,0,14,,8923,28,,,0,14,,8905,28,,,0,55,,8924,28,,,0,15,,8906,28,,,0,15,,8925,28,,,0,15,,8907,28,,,0,70,,8908,28,,,0,85,,8912,28,,,0,99,,8911,28,,,0,104,,8910,28,,,0,104,,8909,28,,,0,103,,8914,28,,,0,97,,8917,28,,,0
200,'4532',802,,6788,35,,,0,113,,5103,35,,,0,102,,6787,35,,,0,101,,6790,35,,,0,100,,8164,35,,,0,101,,8165,35,,,0,100,,8166,35,,,0,100,,8168,35,,,0,30,,6796,35,,,0,70,,8167,35,,,0,30,,6793,35,,,0,70,,8169,35,,,0,30,,8170,35,,,0,70,,8171,35,,,0,88,,6804,35,,,0,40,,6802,35,,,0,91,,6800,35,,,0,93,,6801,35,,,0,100,,6803,35,,,0
200,'5475',628,,9114,35,,,0,78,,9115,35,,,0,28,,9116,35,,,0,15,,9119,35,,,0,72,,9117,35,,,0,16,,9118,35,,,0,15,,9120,35,,,0,66,,9123,35,,,0,30,,9122,35,,,0,70,,9121,35,,,0,30,,9126,35,,,0,69,,9124,35,,,0,30,,9125,35,,,0,71,,9127,35,,,0,30,,9128,35,,,0,70,,9129,35,,,0,30,,9130,35,,,0,71,,9132,35,,,0,30,,9131,35,,,0,77,,9133,35,,,0,26,,9134,35,,,0,78,,9110,35,,,0,70,,9104,35,,,0,29,,9106,35,,,0,28,,9107,35,,,0,70,,9113,35,,,0,74,,9105,35,,,0,40,,9109,35,,,0,69,,9103,35,,,0,33,,9108,35,,,0,65,,9102,35,,,0,30,,9111,35,,,0,294,,9135,35,,,0,100,,9136,35,,,0
200,'5518',819,,9138,35,,,0,81,,9137,35,,,0,113,,9140,35,,,0,100,,9139,35,,,0,101,,9141,35,,,0,105,,9142,35,,,0,96,,9144,35,,,0,100,,9143,35,,,0,98,,9147,35,,,0,106,,9149,35,,,0,99,,9148,35,,,0,124,,9145,35,,,0,99,,9146,35,,,0
200,'5520',628,,9162,35,,,0,78,,9163,35,,,0,28,,9164,35,,,0,15,,9167,35,,,0,72,,9165,35,,,0,16,,9166,35,,,0,15,,9168,35,,,0,66,,9171,35,,,0,30,,9170,35,,,0,70,,9169,35,,,0,30,,9174,35,,,0,69,,9172,35,,,0,30,,9173,35,,,0,71,,9175,35,,,0,30,,9176,35,,,0,70,,9177,35,,,0,30,,9178,35,,,0,71,,9180,35,,,0,30,,9179,35,,,0,77,,9181,35,,,0,26,,9182,35,,,0,78,,9158,35,,,0,70,,9152,35,,,0,29,,9154,35,,,0,28,,9155,35,,,0,70,,9161,35,,,0,74,,9153,35,,,0,40,,9157,35,,,0,69,,9151,35,,,0,33,,9156,35,,,0,65,,9150,35,,,0,30,,9159,35,,,0
200,'5526',802,,9184,35,,,0,113,,9186,35,,,0,102,,9183,35,,,0,101,,9187,35,,,0,100,,9185,35,,,0,101,,9188,35,,,0,100,,9189,35,,,0,100,,9192,35,,,0,30,,9193,35,,,0,70,,9191,35,,,0,30,,9190,35,,,0,70,,9194,35,,,0,30,,9195,35,,,0,70,,9196,35,,,0,88,,9201,35,,,0,40,,9199,35,,,0,91,,9197,35,,,0,93,,9198,35,,,0,100,,9200,35,,,0
300,'4532',737,,8214,39,,,0,70,,8213,39,,,0,37,,5240,39,,,0,76,,6907,39,,,0,30,,6908,39,,,0,71,,6906,39,,,0,30,,6905,39,,,0,70,,8215,39,,,0,30,,6910,39,,,0,70,,6912,39,,,0,31,,8216,39,,,0,70,,8219,39,,,0,30,,5252,39,,,0,70,,8218,39,,,0,30,,6917,39,,,0,71,,5255,39,,,0,30,,6916,39,,,0,70,,5257,39,,,0,30,,8217,39,,,0,69,,5258,39,,,0,30,,6918,39,,,0,70,,6920,39,,,0,34,,8221,39,,,0,64,,8222,39,,,0,85,,8223,39,,,0,105,,8225,39,,,0,105,,8226,39,,,0,102,,8220,39,,,0,97,,8224,39,,,0
300,'5475',647,,9331,39,,,0,62,,9318,39,,,0,18,,9315,11,,,0,3,,9311,39,,,0,9,,9312,39,,,0,17,,9306,39,,,0,59,,9334,39,,,0,18,,9320,39,,,0,14,,9323,39,,,0,58,,9324,39,,,0,19,,9316,39,,,0,31,,9317,39,,,0,70,,9319,39,,,0,31,,9341,39,,,0,70,,9326,39,,,0,30,,9314,39,,,0,71,,9328,39,,,0,30,,9340,39,,,0,70,,9302,39,,,0,73,,9325,39,,,0,32,,9303,39,,,0,73,,9335,39,,,0,17,,9313,39,,,0,15,,9321,39,,,0,8,,9342,39,,,0,4,,9344,39,,,0,52,,9305,39,,,0,12,,9304,39,,,0,15,,9332,39,,,0,15,,9308,39,,,0,15,,9310,39,,,0,55,,9339,39,,,0,14,,9322,39,,,0,14,,9301,39,,,0,14,,9307,39,,,0,55,,9330,39,,,0,15,,9309,39,,,0,28,,9338,39,,,0,69,,9329,39,,,0,30,,9343,39,,,0,70,,9327,39,,,0,99,,9337,39,,,0,98,,9333,39,,,0,98,,9336,39,,,0,196,,9345,39,,,0
300,'5518',823,,9346,39,,,0,93,,9348,39,,,0,100,,9347,39,,,0,101,,9353,39,,,0,104,,9349,39,,,0,100,,9355,39,,,0,100,,9350,39,,,0,100,,9351,39,,,0,100,,9356,39,,,0,99,,9352,39,,,0,97,,9358,39,,,0,98,,9354,39,,,0,105,,9357,39,,,0,98,,9359,39,,,0
300,'5520',647,,9392,39,,,0,62,,9379,39,,,0,18,,9376,11,,,0,3,,9372,39,,,0,9,,9373,39,,,0,17,,9367,39,,,0,59,,9395,39,,,0,18,,9381,39,,,0,14,,9384,39,,,0,58,,9385,39,,,0,19,,9377,39,,,0,31,,9378,39,,,0,70,,9380,39,,,0,31,,9402,39,,,0,70,,9387,39,,,0,30,,9375,39,,,0,71,,9389,39,,,0,30,,9401,39,,,0,70,,9363,39,,,0,73,,9386,39,,,0,32,,9364,39,,,0,73,,9396,39,,,0,17,,9374,39,,,0,15,,9382,39,,,0,8,,9403,39,,,0,4,,9405,39,,,0,52,,9366,39,,,0,12,,9365,39,,,0,15,,9393,39,,,0,15,,9369,39,,,0,15,,9371,39,,,0,55,,9400,39,,,0,14,,9383,39,,,0,14,,9362,39,,,0,14,,9368,39,,,0,55,,9391,39,,,0,15,,9370,39,,,0,28,,9399,39,,,0,69,,9390,39,,,0,30,,9404,39,,,0,70,,9388,39,,,0,99,,9398,39,,,0,98,,9394,39,,,0,98,,9397,39,,,0
300,'5526',737,,9407,39,,,0,70,,9406,39,,,0,37,,9408,39,,,0,76,,9411,39,,,0,30,,9412,39,,,0,71,,9410,39,,,0,30,,9409,39,,,0,70,,9413,39,,,0,30,,9414,39,,,0,70,,9416,39,,,0,31,,9415,39,,,0,70,,9419,39,,,0,30,,9420,39,,,0,70,,9418,39,,,0,30,,9422,39,,,0,71,,9423,39,,,0,30,,9421,39,,,0,70,,9425,39,,,0,30,,9417,39,,,0,69,,9426,39,,,0,30,,9424,39,,,0,70,,9428,39,,,0,34,,9429,39,,,0,64,,9430,39,,,0,85,,9431,39,,,0,105,,9433,39,,,0,105,,9434,39,,,0,102,,9427,39,,,0,97,,9432,39,,,0
