1601,'4532',823,,8692,9,,,0,114,,7876,9,,,0,95,,7878,9,,,0,110,,8693,9,,,0,95,,8694,9,,,0,100,,7879,9,,,0,100,,7882,9,,,0,100,,6404,9,,,0,105,,6402,9,,,0,95,,8695,9,,,0,100,,8696,9,,,0,100,,8697,9,,,0
1601,'5475',738,,11161,9,,,0,100,,11157,9,,,0,100,,11158,9,,,0,100,,11156,9,,,0,100,,11165,9,,,0,100,,11159,9,,,0,100,,11160,9,,,0,100,,11163,9,,,0,111,,11164,9,,,0,102,,11167,9,,,0,97,,11169,9,,,0,100,,11168,9,,,0,100,,11166,9,,,0,399,,11171,9,,,0,101,,11172,9,,,0
1601,'5518',842,,11173,9,,,0,100,,11176,9,,,0,100,,11174,9,,,0,100,,11175,9,,,0,100,,11177,9,,,0,100,,11179,9,,,0,100,,11184,9,,,0,100,,11181,9,,,0,105,,11178,9,,,0,100,,11180,9,,,0,100,,11182,9,,,0,100,,11183,9,,,0
1601,'5520',738,,11190,9,,,0,100,,11186,9,,,0,100,,11187,9,,,0,100,,11185,9,,,0,100,,11194,9,,,0,100,,11188,9,,,0,100,,11189,9,,,0,100,,11192,9,,,0,111,,11193,9,,,0,102,,11196,9,,,0,97,,11198,9,,,0,100,,11197,9,,,0,100,,11195,9,,,0
1601,'5526',823,,11201,9,,,0,114,,11200,9,,,0,95,,11202,9,,,0,110,,11204,9,,,0,95,,11205,9,,,0,100,,11203,9,,,0,100,,11207,9,,,0,100,,11208,9,,,0,105,,11206,9,,,0,95,,11209,9,,,0,100,,11210,9,,,0,100,,11211,9,,,0
1701,'4532',717,,7959,9,0,11 12,0,100,,8730,9,0,11 12,0,90,,7955,9,0,11 12,0,130,,7957,9,0,11 12,0,170,,7960,9,0,15 1 16,0,100,,7961,9,0,15 1 16,0,130,,7958,9,0,15 1 16,0,170,,7962,9,0,15 1 16,0,105,,8731,9,0,15 1 16,0,100,,8733,9,0,13 14,0,105,,8734,9,0,13 14,0,105,,8735,9,0,13 14,0,110,,8732,9,0,13 14,0,120,,7968,9,0,13 14,0
1701,'5475',723,,11282,9,0,11 12,0,85,,11287,9,0,11 12,0,100,,11275,9,0,11 12,0,100,,11278,9,0,11 12,0,100,,11274,9,0,11 12,0,100,,11276,9,0,15 1 16,0,100,,11279,9,0,15 1 16,0,110,,11281,9,0,15 1 16,0,91,,11284,9,0,15 1 16,0,110,,11289,9,0,15 1 16,0,100,,11285,9,0,15 1 16,0,104,,11288,9,0,15 1 16,0,119,,11286,9,0,13 14,0,100,,11280,9,0,13 14,0,115,,11277,9,0,13 14,0,155,,11290,9,0,13 14,0,37,,11291,9,0,13 14,0,108,,11292,9,0,13 14,0
1701,'5518',817,,11293,9,0,11 12,0,100,,11294,9,0,11 12,0,115,,11295,9,0,11 12,0,95,,11296,9,0,13 14,0,200,,11298,9,0,11 12,0,210,,11297,9,0,13 14,0,100,,11300,9,0,11 12,0,100,,11299,9,0,15 1 16,0,100,,11301,9,0,13 14,0,170,,11302,9,0,13 14,0
1701,'5520',723,,11311,9,0,11 12,0,85,,11316,9,0,11 12,0,100,,11304,9,0,11 12,0,100,,11307,9,0,11 12,0,100,,11303,9,0,11 12,0,100,,11305,9,0,15 1 16,0,100,,11308,9,0,15 1 16,0,110,,11310,9,0,15 1 16,0,91,,11313,9,0,15 1 16,0,110,,11318,9,0,15 1 16,0,100,,11314,9,0,15 1 16,0,104,,11317,9,0,15 1 16,0,119,,11315,9,0,13 14,0,100,,11309,9,0,13 14,0,115,,11306,9,0,13 14,0,155,,11319,9,0,13 14,0
1701,'5526',717,,11324,9,0,11 12,0,100,,11321,9,0,11 12,0,90,,11320,9,0,11 12,0,130,,11322,9,0,11 12,0,170,,11325,9,0,15 1 16,0,100,,11326,9,0,15 1 16,0,130,,11323,9,0,15 1 16,0,170,,11327,9,0,15 1 16,0,105,,11328,9,0,15 1 16,0,100,,11330,9,0,13 14,0,105,,11331,9,0,13 14,0,105,,11332,9,0,13 14,0,110,,11329,9,0,13 14,0,120,,11333,9,0,13 14,0
