701,'4532',624,,8442,15,,,0,101,,8434,15,,,0,130,,8420,15,,,0,170,,8428,15,,,0,30,,8427,15,,,0,148,,8426,15,,,0,130,,8430,15,,,0,98,,8438,15,,,0,85,,8432,15,,,0,85,,8440,15,,,0,53,,8425,15,,,0,175,,8423,15,,,0,110,,8435,15,,,0,276,,8422,15,,,0,228,,8441,15,,,0
701,'5475',630,,10200,15,,,0,70,,10202,15,,,0,16,,10204,15,,,0,32,,10206,15,,,0,71,,10208,15,,,0,28,,10210,15,,,0,70,,10212,15,,,0,30,,10213,15,,,0,70,,10214,15,,,0,101,,10216,15,,,0,100,,10218,15,,,0,100,,10220,15,,,0,101,,10222,15,,,0,85,,10225,15,,,0,30,,10227,15,,,0,70,,10229,15,,,0,30,,10231,15,,,0,70,,10233,15,,,0,30,,10235,15,,,0,67,,10250,15,,,0,45,,10237,15,,,0,100,,10239,15,,,0,99,,10241,15,,,0,100,,10243,15,,,0,100,,10245,15,,,0,102,,10247,15,,,0,102,,10252,15,,,0,95,,10254,15,,,0
701,'5518',735,,10256,15,,,0,195,,10258,15,,,0,170,,10260,15,,,0,100,,10263,15,,,0,100,,10265,15,,,0,100,,10267,15,,,0,100,,10266,15,,,0,100,,10270,15,,,0,100,,10269,15,,,0,100,,10272,15,,,0,130,,10273,15,,,0,204,,10277,15,,,0,197,,10280,15,,,0
701,'5520',630,,10284,15,,,0,70,,10286,15,,,0,16,,10288,15,,,0,32,,10290,15,,,0,71,,10292,15,,,0,28,,10294,15,,,0,70,,10296,15,,,0,30,,10297,15,,,0,70,,10298,15,,,0,101,,10300,15,,,0,100,,10302,15,,,0,100,,10304,15,,,0,101,,10306,15,,,0,85,,10309,15,,,0,30,,10311,15,,,0,70,,10313,15,,,0,30,,10315,15,,,0,70,,10317,15,,,0,30,,10319,15,,,0,67,,10334,15,,,0,45,,10321,15,,,0,100,,10323,15,,,0,99,,10325,15,,,0,100,,10327,15,,,0,100,,10329,15,,,0,102,,10331,15,,,0,102,,10336,15,,,0
701,'5526',624,,10376,15,,,0,101,,10363,15,,,0,130,,10340,15,,,0,170,,10354,15,,,0,30,,10353,15,,,0,148,,10352,15,,,0,130,,10358,15,,,0,98,,10371,15,,,0,85,,10360,15,,,0,85,,10373,15,,,0,53,,10350,15,,,0,175,,10345,15,,,0,110,,10364,15,,,0,276,,10343,15,,,0,228,,10374,15,,,0
901,'4532',605,,7750,7,,,0,30,,6173,7,,,0,70,,7743,7,,,0,30,,6156,7,,,0,70,,7724,7,,,0,30,,8579,7,,,0,71,,8577,7,,,0,30,,6135,7,,,0,70,,8578,7,,,0,30,,8580,7,,,0,15,,6166,7,,,0,55,,7729,7,,,0,15,,8588,7,,,0,15,,8582,7,,,0,70,,6143,7,,,0,30,,7732,7,,,0,70,,8581,7,,,0,30,,6145,7,,,0,70,,6146,7,,,0,15,,6171,7,,,0,15,,8583,7,,,0,15,,6168,7,,,0,55,,7735,7,,,0,15,,6170,7,,,0,15,,8584,7,,,0,15,,6165,7,,,0,55,,6153,7,,,0,15,,7748,7,,,0,15,,7734,7,,,0,15,,7749,7,,,0,55,,6147,7,,,0,30,,7736,7,,,0,75,,7738,7,,,0,40,,7745,7,,,0,70,,8585,7,,,0,100,,8586,7,,,0,100,,8587,7,,,0,100,,7739,7,,,0,105,,7744,7,,,0,104,,7746,7,,,0,105,,7751,7,,,0
901,'5475',605,,10589,7,,,0,30,,10590,7,,,0,71,,10591,7,,,0,15,,10592,7,,,0,15,,10593,7,,,0,15,,10594,7,,,0,55,,10595,7,,,0,15,,10596,7,,,0,7,,10597,7,,,0,10,,10598,7,,,0,13,,10599,7,,,0,55,,10600,7,,,0,15,,10601,7,,,0,15,,10602,7,,,0,15,,10603,7,,,0,55,,10604,7,,,0,15,,10605,7,,,0,15,,10606,7,,,0,15,,10607,7,,,0,56,,10608,7,,,0,15,,10609,7,,,0,15,,10610,7,,,0,15,,10611,7,,,0,55,,10612,7,,,0,15,,10613,7,,,0,14,,10614,7,,,0,16,,10615,7,,,0,55,,10616,7,,,0,15,,10617,7,,,0,15,,10618,7,,,0,15,,10619,7,,,0,54,,10620,7,,,0,16,,10621,7,,,0,14,,10622,7,,,0,15,,10623,7,,,0,56,,10624,7,,,0,7,,10625,7,,,0,8,,10626,7,,,0,15,,10627,7,,,0,14,,10628,7,,,0,55,,10629,7,,,0,16,,10630,7,,,0,15,,10631,7,,,0,15,,10632,7,,,0,48,,10633,7,,,0,7,,10634,7,,,0,14,,10635,7,,,0,15,,10636,7,,,0,15,,10637,7,,,0,55,,10638,7,,,0,15,,10639,7,,,0,15,,10640,7,,,0,15,,10641,7,,,0,54,,10642,7,,,0,15,,10643,7,,,0,16,,10644,7,,,0,14,,10645,7,,,0,55,,10646,7,,,0,20,,10647,7,,,0,20,,10648,7,,,0,74,,10649,7,,,0,30,,10650,7,,,0,67,,10651,7,,,0,33,,10652,7,,,0,67,,10653,7,,,0,33,,10654,7,,,0,68,,10655,7,,,0,30,,10656,7,,,0
901,'5518',705,,10657,7,,,0,30,,10660,7,,,0,70,,10658,7,,,0,30,,10659,7,,,0,70,,10664,7,,,0,30,,10661,7,,,0,70,,10663,7,,,0,30,,10662,7,,,0,70,,10667,7,,,0,30,,10665,7,,,0,70,,10666,7,,,0,30,,10671,7,,,0,70,,10669,7,,,0,30,,10672,7,,,0,70,,10668,7,,,0,30,,10670,7,,,0,71,,10684,7,,,0,30,,10674,7,,,0,70,,10675,7,,,0,29,,10673,7,,,0,70,,10676,7,,,0,30,,10677,7,,,0,70,,10689,7,,,0,30,,10681,7,,,0,70,,10678,7,,,0,30,,10680,7,,,0,70,,10679,7,,,0,30,,10682,7,,,0,70,,10688,7,,,0,30,,10683,7,,,0,70,,10685,7,,,0,30,,10686,7,,,0,70,,10687,7,,,0,30,,10690,7,,,0
901,'5520',605,,10691,7,,,0,30,,10692,7,,,0,71,,10693,7,,,0,15,,10694,7,,,0,15,,10695,7,,,0,15,,10696,7,,,0,55,,10697,7,,,0,15,,10698,7,,,0,7,,10699,7,,,0,10,,10700,7,,,0,13,,10701,7,,,0,55,,10702,7,,,0,15,,10703,7,,,0,15,,10704,7,,,0,15,,10705,7,,,0,55,,10706,7,,,0,15,,10707,7,,,0,15,,10708,7,,,0,15,,10709,7,,,0,56,,10710,7,,,0,15,,10711,7,,,0,15,,10712,7,,,0,15,,10713,7,,,0,55,,10714,7,,,0,15,,10715,7,,,0,14,,10716,7,,,0,16,,10717,7,,,0,55,,10718,7,,,0,15,,10719,7,,,0,15,,10720,7,,,0,15,,10721,7,,,0,54,,10722,7,,,0,16,,10723,7,,,0,14,,10724,7,,,0,15,,10725,7,,,0,56,,10726,7,,,0,7,,10727,7,,,0,8,,10728,7,,,0,15,,10729,7,,,0,14,,10730,7,,,0,55,,10731,7,,,0,16,,10732,7,,,0,15,,10733,7,,,0,15,,10734,7,,,0,48,,10735,7,,,0,7,,10736,7,,,0,14,,10737,7,,,0,15,,10738,7,,,0,15,,10739,7,,,0,55,,10740,7,,,0,15,,10741,7,,,0,15,,10742,7,,,0,15,,10743,7,,,0,54,,10744,7,,,0,15,,10745,7,,,0,16,,10746,7,,,0,14,,10747,7,,,0,55,,10748,7,,,0,20,,10749,7,,,0,20,,10750,7,,,0,74,,10751,7,,,0,30,,10752,7,,,0,67,,10753,7,,,0,33,,10754,7,,,0,67,,10755,7,,,0,33,,10756,7,,,0,68,,10757,7,,,0,30,,10758,7,,,0
901,'5526',605,,10797,7,,,0,30,,10798,7,,,0,70,,10785,7,,,0,30,,10781,7,,,0,70,,10759,7,,,0,30,,10763,7,,,0,71,,10761,7,,,0,30,,10760,7,,,0,70,,10762,7,,,0,30,,10764,7,,,0,15,,10791,7,,,0,55,,10765,7,,,0,15,,10789,7,,,0,15,,10767,7,,,0,70,,10768,7,,,0,30,,10769,7,,,0,70,,10766,7,,,0,30,,10770,7,,,0,70,,10771,7,,,0,15,,10796,7,,,0,15,,10773,7,,,0,15,,10793,7,,,0,55,,10775,7,,,0,15,,10795,7,,,0,15,,10777,7,,,0,15,,10790,7,,,0,55,,10778,7,,,0,15,,10792,7,,,0,15,,10774,7,,,0,15,,10794,7,,,0,55,,10772,7,,,0,30,,10776,7,,,0,75,,10779,7,,,0,40,,10787,7,,,0,70,,10782,7,,,0,100,,10783,7,,,0,100,,10784,7,,,0,100,,10780,7,,,0,105,,10786,7,,,0,104,,10788,7,,,0,105,,10799,7,,,0
1600,'5475',708,,11105,30,,,0
1600,'5520',708,,11134,30,,,0
7001,'5475',1514,,11458,5,,,0
7001,'5520',1514,,11459,5,,,0
7301,'5475',1514,,11466,5,,,0
7301,'5520',1514,,11467,5,,,0
7701,'5475',1530,,11475,5,,,0
7701,'5520',1530,,11476,5,,,0
