300,'4532',716,,8214,9,,,0,30,,8213,9,,,0,76,,5240,9,,,0,36,,6907,9,,,0,70,,6908,9,,,0,31,,6906,9,,,0,70,,6905,9,,,0,30,,8215,9,,,0,70,,6910,9,,,0,30,,6912,9,,,0,71,,8216,9,,,0,70,,8219,9,,,0,30,,5252,9,,,0,70,,8218,9,,,0,30,,6917,9,,,0,71,,5255,9,,,0,30,,6916,9,,,0,70,,5257,9,,,0,30,,8217,9,,,0,70,,5258,9,,,0,30,,6918,9,,,0,70,,6920,9,,,0,35,,8221,9,,,0,64,,8222,9,,,0,45,,8223,9,,,0,105,,8225,9,,,0,105,,8226,9,,,0,103,,8220,9,,,0,98,,8224,9,,,0
300,'5475',625,,9331,9,,,0,22,,9318,9,,,0,60,,9311,9,,,0,9,,9312,9,,,0,15,,9306,9,,,0,18,,9334,9,,,0,58,,9320,9,,,0,16,,9323,9,,,0,19,,9324,9,,,0,59,,9316,9,,,0,30,,9317,9,,,0,70,,9319,9,,,0,31,,9341,9,,,0,70,,9326,9,,,0,30,,9314,9,,,0,71,,9328,9,,,0,30,,9340,9,,,0,70,,9302,9,,,0,31,,9325,9,,,0,70,,9303,9,,,0,33,,9335,9,,,0,15,,9313,9,,,0,55,,9321,9,,,0,10,,9342,9,,,0,5,,9344,9,,,0,15,,9305,9,,,0,13,,9304,9,,,0,55,,9332,9,,,0,15,,9308,9,,,0,15,,9310,9,,,0,15,,9339,9,,,0,55,,9322,9,,,0,14,,9301,9,,,0,14,,9307,9,,,0,15,,9330,9,,,0,55,,9309,9,,,0,29,,9338,9,,,0,69,,9329,9,,,0,30,,9343,9,,,0,70,,9327,9,,,0,99,,9337,9,,,0,59,,9333,9,,,0,100,,9336,9,,,0,96,,9300,9,0,17 18 19,0,100,,9345,9,,,0
300,'5518',801,,9346,9,,,0,53,,9348,9,,,0,100,,9347,9,,,0,101,,9353,9,,,0,103,,9349,9,,,0,100,,9355,9,,,0,100,,9350,9,,,0,100,,9351,9,,,0,100,,9356,9,,,0,100,,9352,9,,,0,98,,9358,9,,,0,98,,9354,9,,,0,146,,9357,9,,,0,59,,9359,9,,,0,100,,9360,9,0,17 18 19,0
300,'5520',625,,9392,9,,,0,22,,9379,9,,,0,60,,9372,9,,,0,9,,9373,9,,,0,15,,9367,9,,,0,18,,9395,9,,,0,58,,9381,9,,,0,16,,9384,9,,,0,19,,9385,9,,,0,59,,9377,9,,,0,30,,9378,9,,,0,70,,9380,9,,,0,31,,9402,9,,,0,70,,9387,9,,,0,30,,9375,9,,,0,71,,9389,9,,,0,30,,9401,9,,,0,70,,9363,9,,,0,31,,9386,9,,,0,70,,9364,9,,,0,33,,9396,9,,,0,15,,9374,9,,,0,55,,9382,9,,,0,10,,9403,9,,,0,5,,9405,9,,,0,15,,9366,9,,,0,13,,9365,9,,,0,55,,9393,9,,,0,15,,9369,9,,,0,15,,9371,9,,,0,15,,9400,9,,,0,55,,9383,9,,,0,14,,9362,9,,,0,14,,9368,9,,,0,15,,9391,9,,,0,55,,9370,9,,,0,29,,9399,9,,,0,69,,9390,9,,,0,30,,9404,9,,,0,70,,9388,9,,,0,99,,9398,9,,,0,59,,9394,9,,,0,100,,9397,9,,,0,96,,9361,9,0,17 18 19,0
300,'5526',716,,9407,9,,,0,30,,9406,9,,,0,76,,9408,9,,,0,36,,9411,9,,,0,70,,9412,9,,,0,31,,9410,9,,,0,70,,9409,9,,,0,30,,9413,9,,,0,70,,9414,9,,,0,30,,9416,9,,,0,71,,9415,9,,,0,70,,9419,9,,,0,30,,9420,9,,,0,70,,9418,9,,,0,30,,9422,9,,,0,71,,9423,9,,,0,30,,9421,9,,,0,70,,9425,9,,,0,30,,9417,9,,,0,70,,9426,9,,,0,30,,9424,9,,,0,70,,9428,9,,,0,35,,9429,9,,,0,64,,9430,9,,,0,45,,9431,9,,,0,105,,9433,9,,,0,105,,9434,9,,,0,103,,9427,9,,,0,98,,9432,9,,,0
1400,'5475',818,,11000,42,0,7 8 2 9 2 10,0
1400,'5520',818,,11025,42,0,7 8 2 9 2 10,0
8100,'5475',813,,11489,52,,,0
8100,'5520',813,,11490,52,,,0
8101,'5475',1522,,11491,14,,,0
8101,'5522',1522,,11492,14,,,0
8101,'5525',1416,,11493,14,,,0
