601,'4532',813,,7275,23,,,0,105,,7276,23,,,0,95,,8309,23,,,0,100,,8310,23,,,0,100,,7274,23,,,0,100,,5638,23,,,0,100,,8311,23,,,0,100,,5642,23,,,0,30,,8313,23,,,0,70,,8315,23,,,0,30,,8318,23,,,0,70,,8316,23,,,0,30,,8317,23,,,0,70,,8314,23,,,0,145,,8312,23,,,0,164,,7285,23,,,0
601,'5475',714,,9953,23,,,0,103,,9954,23,,,0,102,,9955,23,,,0,95,,9957,23,,,0,25,,9956,23,,,0,75,,9958,23,,,0,120,,9959,23,,,0,80,,9960,23,,,0,100,,9961,23,,,0,105,,9962,25,,,0,36,,9963,23,,,0,81,,9964,23,,,0,16,,9965,23,,,0,75,,9968,23,,,0,27,,9966,23,,,0,69,,9967,23,,,0,100,,9969,23,,,0,234,,9970,23,,,0,275,,9971,23,,,0
601,'5518',818,,9972,23,,,0,120,,9973,23,,,0,95,,9976,23,,,0,110,,9975,23,,,0,100,,9974,23,,,0,100,,9979,23,,,0,100,,9977,23,,,0,100,,9978,23,,,0,105,,9980,23,,,0,95,,9981,23,,,0,105,,9983,23,,,0,100,,9982,23,,,0
601,'5520',714,,9984,23,,,0,103,,9985,23,,,0,102,,9986,23,,,0,95,,9988,23,,,0,25,,9987,23,,,0,75,,9989,23,,,0,120,,9990,23,,,0,80,,9991,23,,,0,100,,9992,23,,,0,105,,9993,25,,,0,36,,9994,23,,,0,81,,9995,23,,,0,16,,9996,23,,,0,75,,9999,23,,,0,27,,9997,23,,,0,69,,9998,23,,,0,100,,10000,23,,,0,234,,10001,23,,,0
601,'5526',813,,10003,23,,,0,105,,10004,23,,,0,95,,10006,23,,,0,100,,10007,23,,,0,100,,10002,23,,,0,100,,10005,23,,,0,100,,10008,23,,,0,100,,10009,23,,,0,30,,10011,23,,,0,70,,10013,23,,,0,30,,10017,23,,,0,70,,10014,23,,,0,30,,10016,23,,,0,70,,10012,23,,,0,145,,10010,23,,,0,164,,10015,23,,,0
1600,'4532',853,,8670,26,0,5,0,157,,7847,26,0,5,0,95,,7846,26,0,5,0,111,,8671,26,0,5,0,95,,8672,26,0,5,0,101,,7845,26,0,5,0,100,,7851,26,0,5,0,100,,6360,26,0,5,0,105,,6364,26,0,5,0,95,,8673,26,0,5,0,97,,8674,26,0,5,0,100,,8675,26,0,5,0
1600,'5475',703,,11105,26,,,0,42,,11114,26,0,5,0,71,,11106,26,0,5,0,97,,11101,26,0,5,0,100,,11102,26,0,5,0,100,,11103,26,0,5,0,100,,11109,26,0,5,0,100,,11104,26,0,5,0,103,,11100,26,0,5,0,105,,11107,26,0,5,0,108,,11108,26,0,5,0,100,,11111,26,0,5,0,94,,11113,26,0,5,0,98,,11112,26,0,5,0,99,,11110,26,0,5,0,400,,11115,26,0,5,0,102,,11116,26,0,5,0
1600,'5518',913,,11117,26,0,5,0,100,,11120,26,0,5,0,100,,11118,26,0,5,0,101,,11119,26,0,5,0,102,,11121,26,0,5,0,100,,11124,26,0,5,0,99,,11127,26,0,5,0,100,,11125,26,0,5,0,105,,11122,26,0,5,0,99,,11123,26,0,5,0,97,,11126,26,0,5,0,100,,11128,26,0,5,0
1600,'5520',703,,11134,26,,,0,42,,11143,26,0,5,0,71,,11135,26,0,5,0,97,,11130,26,0,5,0,100,,11131,26,0,5,0,100,,11132,26,0,5,0,100,,11138,26,0,5,0,100,,11133,26,0,5,0,103,,11129,26,0,5,0,105,,11136,26,0,5,0,108,,11137,26,0,5,0,100,,11140,26,0,5,0,94,,11142,26,0,5,0,98,,11141,26,0,5,0,99,,11139,26,0,5,0
1600,'5526',853,,11148,26,0,5,0,157,,11146,26,0,5,0,95,,11145,26,0,5,0,111,,11149,26,0,5,0,95,,11150,26,0,5,0,101,,11144,26,0,5,0,100,,11152,26,0,5,0,100,,11147,26,0,5,0,105,,11151,26,0,5,0,95,,11153,26,0,5,0,97,,11154,26,0,5,0,100,,11155,26,0,5,0
