400,'4532',819,,7037,2,,,0,25,,7038,2,,,0,65,,7036,2,,,0,25,,7039,2,,,0,67,,7040,2,,,0,25,,7041,2,,,0,25,,7042,2,,,0,66,,7043,2,,,0,25,,7044,2,,,0,67,,7045,2,,,0,27,,7046,2,,,0,68,,8285,2,,,0,27,,7048,2,,,0,28,,8286,2,,,0,67,,7052,2,,,0,29,,8288,2,,,0,67,,7050,2,,,0,29,,8289,2,,,0,67,,7051,2,,,0,26,,8287,2,,,0,67,,7055,2,,,0,27,,8290,2,,,0,67,,7058,2,,,0,26,,8291,2,,,0,74,,7061,2,,,0,100,,7060,2,,,0,100,,7062,2,,,0,99,,7063,2,,,0,99,,8292,2,,,0
400,'5475',624,,9565,2,,,0,26,,9570,2,,,0,87,,9567,2,,,0,73,,9572,2,,,0,30,,9569,2,,,0,69,,9575,2,,,0,30,,9568,2,,,0,70,,9566,2,,,0,31,,9576,2,,,0,70,,9581,2,,,0,32,,9578,2,,,0,70,,9571,2,,,0,30,,9583,2,,,0,70,,9592,2,,,0,30,,9582,2,,,0,70,,9594,2,,,0,30,,9573,2,,,0,70,,9593,2,,,0,22,,9595,2,,,0,10,,9590,2,,,0,70,,9579,2,,,0,12,,9596,2,,,0,18,,9580,2,,,0,70,,9577,2,,,0,28,,9587,2,,,0,69,,9574,2,,,0,28,,9588,2,,,0,97,,9589,2,,,0,96,,9585,2,,,0,98,,9584,2,,,0,100,,9586,2,,,0,117,,9591,2,,,0,56,,9597,2,,,0,109,,9598,2,,,0
400,'5518',832,,9601,2,,,0,119,,9602,2,,,0,160,,9599,2,,,0,120,,9600,2,,,0,95,,9606,2,,,0,126,,9604,2,,,0,167,,9605,2,,,0,124,,9603,2,,,0,160,,9607,2,,,0
400,'5520',624,,9608,2,,,0,26,,9613,2,,,0,87,,9610,2,,,0,73,,9615,2,,,0,30,,9612,2,,,0,69,,9618,2,,,0,30,,9611,2,,,0,70,,9609,2,,,0,31,,9619,2,,,0,70,,9624,2,,,0,32,,9621,2,,,0,70,,9614,2,,,0,30,,9626,2,,,0,70,,9635,2,,,0,30,,9625,2,,,0,70,,9637,2,,,0,30,,9616,2,,,0,70,,9636,2,,,0,22,,9638,2,,,0,10,,9633,2,,,0,70,,9622,2,,,0,12,,9639,2,,,0,18,,9623,2,,,0,70,,9620,2,,,0,28,,9630,2,,,0,69,,9617,2,,,0,28,,9631,2,,,0,97,,9632,2,,,0,96,,9628,2,,,0,98,,9627,2,,,0,100,,9629,2,,,0,117,,9634,2,,,0
400,'5526',819,,9641,2,,,0,25,,9642,2,,,0,65,,9640,2,,,0,25,,9643,2,,,0,67,,9644,2,,,0,25,,9645,2,,,0,25,,9646,2,,,0,66,,9647,2,,,0,25,,9648,2,,,0,67,,9649,2,,,0,27,,9650,2,,,0,68,,9651,2,,,0,27,,9652,2,,,0,28,,9653,2,,,0,67,,9656,2,,,0,29,,9658,2,,,0,67,,9654,2,,,0,29,,9660,2,,,0,67,,9655,2,,,0,26,,9657,2,,,0,67,,9659,2,,,0,27,,9661,2,,,0,67,,9662,2,,,0,26,,9663,2,,,0,74,,9665,2,,,0,100,,9664,2,,,0,100,,9666,2,,,0,99,,9667,2,,,0,99,,9668,2,,,0
7001,'5475',1530,,11458,20,,,0
7001,'5520',1530,,11459,20,,,0
7100,'5475',733,,11460,7,,,0
7100,'5520',733,,11461,7,,,0
7200,'5475',740,,11462,7,,,0
7200,'5520',740,,11463,7,,,0
7401,'5475',1539,,11468,17,,,0
7401,'5522',1539,,11469,17,,,0
7401,'5525',1439,,11470,17,,,0
7701,'5475',1545,,11475,20,,,0
7701,'5520',1545,,11476,20,,,0
7900,'5475',750,,11481,15,0,6,0
7900,'5520',750,,11482,15,0,6,0
7901,'5475',1514,,11483,15,0,6,0
7901,'5522',1514,,11484,15,0,6,0
7901,'5525',1514,,11485,15,0,6,0
