1700,'4532',756,,7915,27,,,0,103,,8714,27,,,0,90,,7917,27,,,0,171,,7918,27,,,0
1700,'5475',647,,11214,27,,,0,66,,11222,27,,,0,100,,11221,27,,,0,89,,11226,27,,,0,99,,11213,27,,,0,100,,11217,27,,,0,100,,11212,27,,,0,727,,11227,27,,,0
1700,'5518',904,,11232,27,,,0,100,,11233,27,,,0,198,,11235,26,,,0
1700,'5520',647,,11244,27,,,0,66,,11252,27,,,0,100,,11251,27,,,0,89,,11256,27,,,0,99,,11243,27,,,0,100,,11247,27,,,0,100,,11242,27,,,0,727,,11257,27,,,0
1700,'5526',756,,11260,27,,,0,103,,11261,27,,,0,90,,11262,27,,,0,171,,11263,27,,,0
1701,'4532',1229,,7960,39,0,15 1 16,0,100,,7961,39,0,15 1 16,0,130,,7958,39,0,15 1 16,0,170,,7962,39,0,15 1 16,0,105,,8731,39,0,15 1 16,0,99,,8733,39,0,13 14,0,105,,8734,39,0,13 14,0,105,,8735,39,0,13 14,0,110,,8732,39,0,13 14,0,159,,7968,39,0,13 14,0
1701,'5475',1230,,11276,39,0,15 1 16,0,102,,11279,39,0,15 1 16,0,111,,11281,39,0,15 1 16,0,93,,11284,39,0,15 1 16,0,108,,11289,39,0,15 1 16,0,98,,11285,39,0,15 1 16,0,104,,11288,39,0,15 1 16,0,159,,11286,39,0,13 14,0,98,,11280,39,0,13 14,0,115,,11277,39,0,13 14,0,114,,11290,39,0,13 14,0,79,,11291,39,0,13 14,0,108,,11292,39,0,13 14,0
1701,'5518',1559,,11297,39,0,13 14,0,200,,11299,39,0,15 1 16,0,100,,11301,39,0,13 14,0,170,,11302,39,0,13 14,0
1701,'5520',1230,,11305,39,0,15 1 16,0,102,,11308,39,0,15 1 16,0,111,,11310,39,0,15 1 16,0,93,,11313,39,0,15 1 16,0,108,,11318,39,0,15 1 16,0,98,,11314,39,0,15 1 16,0,104,,11317,39,0,15 1 16,0,159,,11315,39,0,13 14,0,98,,11309,39,0,13 14,0,115,,11306,39,0,13 14,0,114,,11319,39,0,13 14,0
1701,'5526',1229,,11325,39,0,15 1 16,0,100,,11326,39,0,15 1 16,0,130,,11323,39,0,15 1 16,0,170,,11327,39,0,15 1 16,0,105,,11328,39,0,15 1 16,0,99,,11330,39,0,13 14,0,105,,11331,39,0,13 14,0,105,,11332,39,0,13 14,0,110,,11329,39,0,13 14,0,159,,11333,39,0,13 14,0
