400,'4532',824,,7037,8,,,0,25,,7038,8,,,0,65,,7036,8,,,0,25,,7039,8,,,0,67,,7040,8,,,0,25,,7041,8,,,0,25,,7042,8,,,0,66,,7043,8,,,0,25,,7044,8,,,0,67,,7045,8,,,0,27,,7046,8,,,0,68,,8285,8,,,0,27,,7048,8,,,0,68,,8286,8,,,0,27,,7052,8,,,0,69,,8288,8,,,0,27,,7050,8,,,0,29,,8289,8,,,0,67,,7051,8,,,0,26,,8287,8,,,0,67,,7055,8,,,0,27,,8290,8,,,0,67,,7058,8,,,0,26,,8291,8,,,0,74,,7061,8,,,0,100,,7060,8,,,0,100,,7062,8,,,0,99,,7063,8,,,0,99,,8292,8,,,0
400,'5475',629,,9565,8,,,0,26,,9570,8,,,0,88,,9567,8,,,0,73,,9572,8,,,0,29,,9569,8,,,0,69,,9575,8,,,0,30,,9568,8,,,0,70,,9566,8,,,0,31,,9576,8,,,0,70,,9581,8,,,0,32,,9578,8,,,0,70,,9571,8,,,0,30,,9583,8,,,0,70,,9592,8,,,0,30,,9582,8,,,0,70,,9594,8,,,0,30,,9573,8,,,0,70,,9593,8,,,0,22,,9595,8,,,0,10,,9590,8,,,0,70,,9579,8,,,0,12,,9596,8,,,0,18,,9580,8,,,0,70,,9577,8,,,0,28,,9587,8,,,0,69,,9574,8,,,0,28,,9588,8,,,0,97,,9589,8,,,0,96,,9585,8,,,0,98,,9584,8,,,0,100,,9586,8,,,0,117,,9591,8,,,0,56,,9597,8,,,0,109,,9598,8,,,0
400,'5518',837,,9601,8,,,0,119,,9602,8,,,0,160,,9599,8,,,0,120,,9600,8,,,0,95,,9606,8,,,0,126,,9604,8,,,0,167,,9605,8,,,0,124,,9603,8,,,0,160,,9607,8,,,0
400,'5520',629,,9608,8,,,0,26,,9613,8,,,0,88,,9610,8,,,0,73,,9615,8,,,0,29,,9612,8,,,0,69,,9618,8,,,0,30,,9611,8,,,0,70,,9609,8,,,0,31,,9619,8,,,0,70,,9624,8,,,0,32,,9621,8,,,0,70,,9614,8,,,0,30,,9626,8,,,0,70,,9635,8,,,0,30,,9625,8,,,0,70,,9637,8,,,0,30,,9616,8,,,0,70,,9636,8,,,0,22,,9638,8,,,0,10,,9633,8,,,0,70,,9622,8,,,0,12,,9639,8,,,0,18,,9623,8,,,0,70,,9620,8,,,0,28,,9630,8,,,0,69,,9617,8,,,0,28,,9631,8,,,0,97,,9632,8,,,0,96,,9628,8,,,0,98,,9627,8,,,0,100,,9629,8,,,0,117,,9634,8,,,0
400,'5526',824,,9641,8,,,0,25,,9642,8,,,0,65,,9640,8,,,0,25,,9643,8,,,0,67,,9644,8,,,0,25,,9645,8,,,0,25,,9646,8,,,0,66,,9647,8,,,0,25,,9648,8,,,0,67,,9649,8,,,0,27,,9650,8,,,0,68,,9651,8,,,0,27,,9652,8,,,0,68,,9653,8,,,0,27,,9656,8,,,0,69,,9658,8,,,0,27,,9654,8,,,0,29,,9660,8,,,0,67,,9655,8,,,0,26,,9657,8,,,0,67,,9659,8,,,0,27,,9661,8,,,0,67,,9662,8,,,0,26,,9663,8,,,0,74,,9665,8,,,0,100,,9664,8,,,0,100,,9666,8,,,0,99,,9667,8,,,0,99,,9668,8,,,0
7001,'5475',1537,,11458,29,4,,0
7001,'5520',1537,,11459,29,4,,0
7200,'5475',745,,11462,16,,,0
7200,'5520',745,,11463,16,,,0
7401,'5475',1546,,11468,26,4,,0
7401,'5522',1546,,11469,26,4,,0
7401,'5525',1446,,11470,26,4,,0
