701,'4532',636,,8442,29,,,0,70,,7513,26,,,0,31,,8434,29,,,0,70,,8419,26,,,0,31,,7477,26,,,0,71,,8420,29,,,0,29,,8421,26,,,0,70,,7487,26,,,0,31,,8428,29,,,0,14,,7505,26,,,0,56,,8427,29,,,0,15,,7506,26,,,0,22,,8429,26,,,0,72,,8426,29,,,0,28,,7493,26,,,0,70,,8424,26,,,0,32,,8430,29,,,0,68,,7489,26,,,0,30,,8438,29,,,0,13,,8431,26,,,0,55,,8439,26,,,0,16,,8432,29,,,0,14,,7508,26,,,0,15,,7485,26,,,0,56,,8440,29,,,0,14,,7495,26,,,0,15,,8437,26,,,0,64,,8425,29,,,0,29,,7499,26,,,0,70,,7480,26,,,0,36,,8423,29,,,0,73,,7484,26,,,0,36,,8435,29,,,0,74,,7503,26,,,0,105,,7482,26,,,0,97,,8422,29,,,0,101,,8433,26,,,0,98,,8436,26,,,0,26,,8441,29,,,0,69,,8443,26,,,0
701,'5475',607,,10198,9,,,0,18,,10199,26,,,0,17,,10200,29,,,0,14,,10201,26,,,0,56,,10202,29,,,0,6,,10203,26,,,0,10,,10204,29,,,0,16,,10205,26,,,0,59,,10206,29,,,0,12,,10207,26,,,0,19,,10208,29,,,0,11,,10209,26,,,0,56,,10210,29,,,0,12,,10211,26,,,0,18,,10212,29,,,0,13,,10248,26,,,0,57,,10213,29,,,0,13,,10253,26,,,0,17,,10214,29,,,0,69,,10215,26,,,0,34,,10216,29,,,0,67,,10217,26,,,0,32,,10218,29,,,0,68,,10219,26,,,0,32,,10220,29,,,0,68,,10221,26,,,0,34,,10222,29,,,0,11,,10223,26,,,0,55,,10224,26,,,0,18,,10225,29,,,0,13,,10226,26,,,0,17,,10227,29,,,0,52,,10228,26,,,0,18,,10229,29,,,0,12,,10230,26,,,0,18,,10231,29,,,0,52,,10232,26,,,0,18,,10233,29,,,0,11,,10234,26,,,0,18,,10235,29,,,0,11,,10249,26,,,0,56,,10250,29,,,0,13,,10236,26,,,0,72,,10237,29,,,0,27,,10238,26,,,0,73,,10239,29,,,0,27,,10240,26,,,0,31,,10241,29,,,0,69,,10242,26,,,0,30,,10243,29,,,0,69,,10244,26,,,0,30,,10245,29,,,0,68,,10246,26,,,0,33,,10247,29,,,0,72,,10251,26,,,0,30,,10252,29,,,0,96,,10254,29,,,0
701,'5518',721,,10255,26,,,0,27,,10256,29,,,0,99,,10257,26,,,0,97,,10258,29,,,0,73,,10261,26,,,0,30,,10259,26,,,0,67,,10260,29,,,0,33,,10268,26,,,0,67,,10263,29,,,0,29,,10262,26,,,0,72,,10265,29,,,0,28,,10275,26,,,0,72,,10267,29,,,0,29,,10271,26,,,0,71,,10266,29,,,0,29,,10264,26,,,0,71,,10270,29,,,0,27,,10274,26,,,0,72,,10269,29,,,0,27,,10276,26,,,0,71,,10272,29,,,0,29,,10278,26,,,0,101,,10273,29,,,0,99,,10281,26,,,0,104,,10277,29,,,0,96,,10279,26,,,0,101,,10280,29,,,0
701,'5520',607,,10282,9,,,0,18,,10283,26,,,0,17,,10284,29,,,0,14,,10285,26,,,0,56,,10286,29,,,0,6,,10287,26,,,0,10,,10288,29,,,0,16,,10289,26,,,0,59,,10290,29,,,0,12,,10291,26,,,0,19,,10292,29,,,0,11,,10293,26,,,0,56,,10294,29,,,0,12,,10295,26,,,0,18,,10296,29,,,0,13,,10332,26,,,0,57,,10297,29,,,0,13,,10337,26,,,0,17,,10298,29,,,0,69,,10299,26,,,0,34,,10300,29,,,0,67,,10301,26,,,0,32,,10302,29,,,0,68,,10303,26,,,0,32,,10304,29,,,0,68,,10305,26,,,0,34,,10306,29,,,0,11,,10307,26,,,0,55,,10308,26,,,0,18,,10309,29,,,0,13,,10310,26,,,0,17,,10311,29,,,0,52,,10312,26,,,0,18,,10313,29,,,0,12,,10314,26,,,0,18,,10315,29,,,0,52,,10316,26,,,0,18,,10317,29,,,0,11,,10318,26,,,0,18,,10319,29,,,0,11,,10333,26,,,0,56,,10334,29,,,0,13,,10320,26,,,0,72,,10321,29,,,0,27,,10322,26,,,0,73,,10323,29,,,0,27,,10324,26,,,0,31,,10325,29,,,0,69,,10326,26,,,0,30,,10327,29,,,0,69,,10328,26,,,0,30,,10329,29,,,0,68,,10330,26,,,0,33,,10331,29,,,0,72,,10335,26,,,0,30,,10336,29,,,0
701,'5526',636,,10376,29,,,0,70,,10375,26,,,0,31,,10363,29,,,0,70,,10338,26,,,0,31,,10339,26,,,0,71,,10340,29,,,0,29,,10341,26,,,0,70,,10349,26,,,0,31,,10354,29,,,0,14,,10367,26,,,0,56,,10353,29,,,0,15,,10368,26,,,0,22,,10356,26,,,0,72,,10352,29,,,0,28,,10355,26,,,0,70,,10348,26,,,0,32,,10358,29,,,0,68,,10351,26,,,0,30,,10371,29,,,0,13,,10359,26,,,0,55,,10372,26,,,0,16,,10360,29,,,0,14,,10370,26,,,0,15,,10347,26,,,0,56,,10373,29,,,0,14,,10357,26,,,0,15,,10369,26,,,0,64,,10350,29,,,0,29,,10361,26,,,0,70,,10342,26,,,0,36,,10345,29,,,0,73,,10346,26,,,0,36,,10364,29,,,0,74,,10365,26,,,0,105,,10344,26,,,0,97,,10343,29,,,0,101,,10362,26,,,0,98,,10366,26,,,0,26,,10374,29,,,0,69,,10377,26,,,0
7300,'5475',736,,11464,2,,,0
7300,'5520',736,,11465,2,,,0
7301,'5475',1523,,11466,16,,,0
7301,'5520',1523,,11467,16,,,0
7900,'5475',741,,11481,2,0,6,0
7900,'5520',741,,11482,2,0,6,0
