1400,'4532',758,,8658,4,,,0,175,,8660,4,,,0,95,,7811,4,,,0,101,,7808,4,,,0,100,,6289,4,,,0,100,,8661,4,,,0,105,,6291,4,,,0,212,,6292,4,,,0,207,,8659,4,,,0,100,,7810,4,,,0
1400,'5475',612,,11006,4,,,0,31,,11005,4,,,0,86,,10998,4,,,0,27,,11000,4,0,7 8 2 9 2 10,0,83,,11003,4,,,0,91,,11001,4,,,0,114,,10999,4,,,0,185,,11007,4,,,0,217,,11002,4,0,9,0,155,,11008,4,,,0,39,,11009,4,,,0,75,,11010,4,,,0,39,,11011,4,,,0,105,,11004,4,,,0,154,,11012,4,,,0,30,,11013,4,,,0,365,,11015,4,,,0,29,,11014,4,,,0
1400,'5518',903,,11017,4,,,0,200,,11016,4,,,0,130,,11021,4,,,0,95,,11018,4,,,0,100,,11019,4,,,0,130,,11020,4,,,0,265,,11022,4,,,0
1400,'5520',612,,11031,4,,,0,31,,11030,4,,,0,86,,11023,4,,,0,27,,11025,4,0,7 8 2 9 2 10,0,83,,11028,4,,,0,91,,11026,4,,,0,114,,11024,4,,,0,185,,11032,4,,,0,217,,11027,4,0,9,0,155,,11033,4,,,0,39,,11034,4,,,0,75,,11035,4,,,0,39,,11036,4,,,0,105,,11029,4,,,0,154,,11037,4,,,0,30,,11038,4,,,0
1400,'5526',758,,11039,4,,,0,175,,11042,4,,,0,95,,11048,4,,,0,101,,11045,4,,,0,100,,11041,4,,,0,100,,11046,4,,,0,105,,11043,4,,,0,212,,11044,4,,,0,207,,11040,4,,,0,100,,11047,4,,,0
8001,'5475',1456,,11486,10,,,0
8001,'5522',1456,,11487,10,,,0
8001,'5525',1501,,11488,10,,,0
8100,'5475',747,,11489,12,,,0
8100,'5520',747,,11490,12,,,0
8101,'5475',1541,,11491,40,,,0
8101,'5522',1541,,11492,40,,,0
8101,'5525',1435,,11493,40,,,0
