900,'4532',619,,7630,1,,,0,30,,6034,1,,,0,72,,7624,1,,,0,30,,5995,1,,,0,71,,7604,1,,,0,30,,8506,1,,,0,72,,8505,1,,,0,32,,5999,1,,,0,69,,8509,1,,,0,29,,8507,1,,,0,55,,6026,1,,,0,15,,7609,1,,,0,15,,8516,1,,,0,15,,8508,1,,,0,72,,6004,1,,,0,30,,7611,1,,,0,70,,8510,1,,,0,32,,6006,1,,,0,70,,6007,1,,,0,13,,6024,1,,,0,15,,8512,1,,,0,55,,6028,1,,,0,15,,7614,1,,,0,15,,6025,1,,,0,15,,8511,1,,,0,55,,6027,1,,,0,15,,6012,1,,,0,15,,7628,1,,,0,15,,7616,1,,,0,55,,7626,1,,,0,15,,6014,1,,,0,30,,7615,1,,,0,75,,7618,1,,,0,79,,7622,1,,,0,30,,8514,1,,,0,100,,8515,1,,,0,100,,8513,1,,,0,99,,7621,1,,,0,103,,7623,1,,,0,103,,7625,1,,,0,103,,7629,1,,,0
900,'5475',620,,10379,1,,,0,31,,10380,1,,,0,72,,10381,1,,,0,16,,10382,1,,,0,16,,10383,1,,,0,57,,10384,1,,,0,15,,10385,1,,,0,14,,10386,1,,,0,7,,10387,1,,,0,9,,10388,1,,,0,53,,10389,1,,,0,15,,10390,1,,,0,15,,10391,1,,,0,15,,10392,1,,,0,55,,10393,1,,,0,15,,10394,1,,,0,15,,10395,1,,,0,15,,10396,1,,,0,56,,10397,1,,,0,16,,10398,1,,,0,15,,10399,1,,,0,15,,10400,1,,,0,55,,10401,1,,,0,15,,10402,1,,,0,14,,10403,1,,,0,15,,10404,1,,,0,56,,10405,1,,,0,15,,10406,1,,,0,15,,10407,1,,,0,15,,10408,1,,,0,55,,10409,1,,,0,14,,10410,1,,,0,17,,10411,1,,,0,14,,10412,1,,,0,55,,10413,1,,,0,17,,10414,1,,,0,7,,10415,1,,,0,8,,10416,1,,,0,56,,10417,1,,,0,14,,10418,1,,,0,15,,10419,1,,,0,17,,10420,1,,,0,55,,10421,1,,,0,15,,10422,1,,,0,7,,10423,1,,,0,6,,10424,1,,,0,14,,10425,1,,,0,15,,10426,1,,,0,53,,10427,1,,,0,13,,10428,1,,,0,15,,10429,1,,,0,15,,10430,1,,,0,55,,10431,1,,,0,14,,10432,1,,,0,15,,10433,1,,,0,16,,10434,1,,,0,54,,10435,1,,,0,15,,10436,1,,,0,20,,10437,1,,,0,60,,10438,1,,,0,34,,10439,1,,,0,70,,10440,1,,,0,26,,10441,1,,,0,73,,10442,1,,,0,27,,10443,1,,,0,71,,10444,1,,,0,26,,10445,1,,,0,70,,10378,1,,,0
900,'5518',720,,10446,1,,,0,30,,10448,1,,,0,71,,10447,1,,,0,30,,10449,1,,,0,70,,10451,1,,,0,31,,10450,1,,,0,70,,10452,1,,,0,30,,10454,1,,,0,70,,10455,1,,,0,31,,10453,1,,,0,70,,10456,1,,,0,31,,10457,1,,,0,70,,10460,1,,,0,30,,10459,1,,,0,70,,10461,1,,,0,30,,10458,1,,,0,71,,10472,1,,,0,30,,10462,1,,,0,70,,10464,1,,,0,29,,10463,1,,,0,70,,10465,1,,,0,30,,10466,1,,,0,70,,10477,1,,,0,30,,10471,1,,,0,70,,10467,1,,,0,28,,10468,1,,,0,70,,10469,1,,,0,30,,10470,1,,,0,70,,10476,1,,,0,30,,10473,1,,,0,69,,10474,1,,,0,29,,10475,1,,,0,70,,10478,1,,,0,30,,10479,1,,,0
900,'5520',620,,10481,1,,,0,31,,10482,1,,,0,72,,10483,1,,,0,16,,10484,1,,,0,16,,10485,1,,,0,57,,10486,1,,,0,15,,10487,1,,,0,14,,10488,1,,,0,7,,10489,1,,,0,9,,10490,1,,,0,53,,10491,1,,,0,15,,10492,1,,,0,15,,10493,1,,,0,15,,10494,1,,,0,55,,10495,1,,,0,15,,10496,1,,,0,15,,10497,1,,,0,15,,10498,1,,,0,56,,10499,1,,,0,16,,10500,1,,,0,15,,10501,1,,,0,15,,10502,1,,,0,55,,10503,1,,,0,15,,10504,1,,,0,14,,10505,1,,,0,15,,10506,1,,,0,56,,10507,1,,,0,15,,10508,1,,,0,15,,10509,1,,,0,15,,10510,1,,,0,55,,10511,1,,,0,14,,10512,1,,,0,17,,10513,1,,,0,14,,10514,1,,,0,55,,10515,1,,,0,17,,10516,1,,,0,7,,10517,1,,,0,8,,10518,1,,,0,56,,10519,1,,,0,14,,10520,1,,,0,15,,10521,1,,,0,17,,10522,1,,,0,55,,10523,1,,,0,15,,10524,1,,,0,7,,10525,1,,,0,6,,10526,1,,,0,14,,10527,1,,,0,15,,10528,1,,,0,53,,10529,1,,,0,13,,10530,1,,,0,15,,10531,1,,,0,15,,10532,1,,,0,55,,10533,1,,,0,14,,10534,1,,,0,15,,10535,1,,,0,16,,10536,1,,,0,54,,10537,1,,,0,15,,10538,1,,,0,20,,10539,1,,,0,60,,10540,1,,,0,34,,10541,1,,,0,70,,10542,1,,,0,26,,10543,1,,,0,73,,10544,1,,,0,27,,10545,1,,,0,71,,10546,1,,,0,26,,10547,1,,,0,70,,10480,1,,,0
900,'5526',619,,10587,1,,,0,30,,10588,1,,,0,72,,10576,1,,,0,30,,10549,1,,,0,71,,10550,1,,,0,30,,10551,1,,,0,72,,10548,1,,,0,32,,10553,1,,,0,69,,10555,1,,,0,29,,10552,1,,,0,55,,10580,1,,,0,15,,10556,1,,,0,15,,10584,1,,,0,15,,10554,1,,,0,72,,10558,1,,,0,30,,10559,1,,,0,70,,10557,1,,,0,32,,10560,1,,,0,70,,10561,1,,,0,13,,10578,1,,,0,15,,10563,1,,,0,55,,10582,1,,,0,15,,10564,1,,,0,15,,10579,1,,,0,15,,10562,1,,,0,55,,10581,1,,,0,15,,10566,1,,,0,15,,10585,1,,,0,15,,10567,1,,,0,55,,10583,1,,,0,15,,10568,1,,,0,30,,10565,1,,,0,75,,10570,1,,,0,79,,10574,1,,,0,30,,10571,1,,,0,100,,10572,1,,,0,100,,10569,1,,,0,99,,10573,1,,,0,103,,10575,1,,,0,103,,10577,1,,,0,103,,10586,1,,,0
901,'4532',619,,7750,25,4,,0,30,,6173,25,4,,0,72,,7743,25,4,,0,30,,6156,25,4,,0,71,,7724,25,4,,0,30,,8579,25,4,,0,72,,8577,25,4,,0,32,,6135,25,4,,0,69,,8578,25,4,,0,29,,8580,25,4,,0,55,,6166,25,4,,0,15,,7729,25,4,,0,15,,8588,25,4,,0,15,,8582,25,4,,0,72,,6143,25,4,,0,30,,7732,25,4,,0,70,,8581,25,4,,0,32,,6145,25,4,,0,70,,6146,25,4,,0,13,,6171,25,4,,0,15,,8583,25,4,,0,55,,6168,25,4,,0,15,,7735,25,4,,0,15,,6170,25,4,,0,15,,8584,25,4,,0,55,,6165,25,4,,0,15,,6153,25,4,,0,15,,7748,25,4,,0,15,,7734,25,4,,0,55,,7749,25,4,,0,15,,6147,25,4,,0,30,,7736,25,4,,0,75,,7738,25,4,,0,79,,7745,25,4,,0,30,,8585,25,4,,0,100,,8586,25,4,,0,100,,8587,25,4,,0,99,,7739,25,4,,0,103,,7744,25,4,,0,103,,7746,25,4,,0,103,,7751,25,4,,0
901,'5475',620,,10589,25,4,,0,31,,10590,25,4,,0,72,,10591,25,4,,0,16,,10592,25,4,,0,16,,10593,25,4,,0,57,,10594,25,4,,0,15,,10595,25,4,,0,14,,10596,25,4,,0,7,,10597,25,4,,0,9,,10598,25,4,,0,53,,10599,25,4,,0,15,,10600,25,4,,0,15,,10601,25,4,,0,15,,10602,25,4,,0,55,,10603,25,4,,0,15,,10604,25,4,,0,15,,10605,25,4,,0,15,,10606,25,4,,0,56,,10607,25,4,,0,16,,10608,25,4,,0,15,,10609,25,4,,0,15,,10610,25,4,,0,55,,10611,25,4,,0,15,,10612,25,4,,0,14,,10613,25,4,,0,15,,10614,25,4,,0,56,,10615,25,4,,0,15,,10616,25,4,,0,15,,10617,25,4,,0,15,,10618,25,4,,0,55,,10619,25,4,,0,14,,10620,25,4,,0,17,,10621,25,4,,0,14,,10622,25,4,,0,55,,10623,25,4,,0,17,,10624,25,4,,0,7,,10625,25,4,,0,8,,10626,25,4,,0,56,,10627,25,4,,0,14,,10628,25,4,,0,15,,10629,25,4,,0,17,,10630,25,4,,0,55,,10631,25,4,,0,15,,10632,25,4,,0,7,,10633,25,4,,0,6,,10634,25,4,,0,14,,10635,25,4,,0,15,,10636,25,4,,0,53,,10637,25,4,,0,13,,10638,25,4,,0,15,,10639,25,4,,0,15,,10640,25,4,,0,55,,10641,25,4,,0,14,,10642,25,4,,0,15,,10643,25,4,,0,16,,10644,25,4,,0,54,,10645,25,4,,0,15,,10646,25,4,,0,20,,10647,25,4,,0,60,,10648,25,4,,0,34,,10649,25,4,,0,70,,10650,25,4,,0,26,,10651,25,4,,0,73,,10652,25,4,,0,27,,10653,25,4,,0,71,,10654,25,4,,0,26,,10655,25,4,,0,70,,10656,25,4,,0
901,'5518',720,,10657,25,4,,0,30,,10660,25,4,,0,71,,10658,25,4,,0,30,,10659,25,4,,0,70,,10664,25,4,,0,31,,10661,25,4,,0,70,,10663,25,4,,0,30,,10662,25,4,,0,70,,10667,25,4,,0,31,,10665,25,4,,0,70,,10666,25,4,,0,31,,10671,25,4,,0,70,,10669,25,4,,0,30,,10672,25,4,,0,70,,10668,25,4,,0,30,,10670,25,4,,0,71,,10684,25,4,,0,30,,10674,25,4,,0,70,,10675,25,4,,0,29,,10673,25,4,,0,70,,10676,25,4,,0,30,,10677,25,4,,0,70,,10689,25,4,,0,30,,10681,25,4,,0,70,,10678,25,4,,0,28,,10680,25,4,,0,70,,10679,25,4,,0,30,,10682,25,4,,0,70,,10688,25,4,,0,30,,10683,25,4,,0,69,,10685,25,4,,0,29,,10686,25,4,,0,70,,10687,25,4,,0,30,,10690,25,4,,0
901,'5520',620,,10691,25,4,,0,31,,10692,25,4,,0,72,,10693,25,4,,0,16,,10694,25,4,,0,16,,10695,25,4,,0,57,,10696,25,4,,0,15,,10697,25,4,,0,14,,10698,25,4,,0,7,,10699,25,4,,0,9,,10700,25,4,,0,53,,10701,25,4,,0,15,,10702,25,4,,0,15,,10703,25,4,,0,15,,10704,25,4,,0,55,,10705,25,4,,0,15,,10706,25,4,,0,15,,10707,25,4,,0,15,,10708,25,4,,0,56,,10709,25,4,,0,16,,10710,25,4,,0,15,,10711,25,4,,0,15,,10712,25,4,,0,55,,10713,25,4,,0,15,,10714,25,4,,0,14,,10715,25,4,,0,15,,10716,25,4,,0,56,,10717,25,4,,0,15,,10718,25,4,,0,15,,10719,25,4,,0,15,,10720,25,4,,0,55,,10721,25,4,,0,14,,10722,25,4,,0,17,,10723,25,4,,0,14,,10724,25,4,,0,55,,10725,25,4,,0,17,,10726,25,4,,0,7,,10727,25,4,,0,8,,10728,25,4,,0,56,,10729,25,4,,0,14,,10730,25,4,,0,15,,10731,25,4,,0,17,,10732,25,4,,0,55,,10733,25,4,,0,15,,10734,25,4,,0,7,,10735,25,4,,0,6,,10736,25,4,,0,14,,10737,25,4,,0,15,,10738,25,4,,0,53,,10739,25,4,,0,13,,10740,25,4,,0,15,,10741,25,4,,0,15,,10742,25,4,,0,55,,10743,25,4,,0,14,,10744,25,4,,0,15,,10745,25,4,,0,16,,10746,25,4,,0,54,,10747,25,4,,0,15,,10748,25,4,,0,20,,10749,25,4,,0,60,,10750,25,4,,0,34,,10751,25,4,,0,70,,10752,25,4,,0,26,,10753,25,4,,0,73,,10754,25,4,,0,27,,10755,25,4,,0,71,,10756,25,4,,0,26,,10757,25,4,,0,70,,10758,25,4,,0
901,'5526',619,,10797,25,4,,0,30,,10798,25,4,,0,72,,10785,25,4,,0,30,,10781,25,4,,0,71,,10759,25,4,,0,30,,10763,25,4,,0,72,,10761,25,4,,0,32,,10760,25,4,,0,69,,10762,25,4,,0,29,,10764,25,4,,0,55,,10791,25,4,,0,15,,10765,25,4,,0,15,,10789,25,4,,0,15,,10767,25,4,,0,72,,10768,25,4,,0,30,,10769,25,4,,0,70,,10766,25,4,,0,32,,10770,25,4,,0,70,,10771,25,4,,0,13,,10796,25,4,,0,15,,10773,25,4,,0,55,,10793,25,4,,0,15,,10775,25,4,,0,15,,10795,25,4,,0,15,,10777,25,4,,0,55,,10790,25,4,,0,15,,10778,25,4,,0,15,,10792,25,4,,0,15,,10774,25,4,,0,55,,10794,25,4,,0,15,,10772,25,4,,0,30,,10776,25,4,,0,75,,10779,25,4,,0,79,,10787,25,4,,0,30,,10782,25,4,,0,100,,10783,25,4,,0,100,,10784,25,4,,0,99,,10780,25,4,,0,103,,10786,25,4,,0,103,,10788,25,4,,0,103,,10799,25,4,,0
