701,'4532',638,,8442,32,,,0,70,,7513,29,,,0,31,,8434,32,,,0,70,,8419,29,,,0,31,,7477,29,,,0,71,,8420,32,,,0,29,,8421,29,,,0,70,,7487,29,,,0,31,,8428,32,,,0,14,,7505,29,,,0,56,,8427,32,,,0,15,,7506,29,,,0,22,,8429,29,,,0,72,,8426,32,,,0,28,,7493,29,,,0,70,,8424,29,,,0,32,,8430,32,,,0,68,,7489,29,,,0,30,,8438,32,,,0,53,,8431,29,,,0,15,,8439,29,,,0,16,,8432,32,,,0,14,,7508,29,,,0,55,,7485,29,,,0,16,,8440,32,,,0,14,,7495,29,,,0,15,,8437,29,,,0,64,,8425,32,,,0,29,,7499,29,,,0,70,,7480,29,,,0,36,,8423,32,,,0,73,,7484,29,,,0,36,,8435,32,,,0,74,,7503,29,,,0,105,,7482,29,,,0,97,,8422,32,,,0,101,,8433,29,,,0,98,,8436,29,,,0,26,,8441,32,,,0,69,,8443,29,,,0
701,'5475',609,,10198,12,,,0,18,,10199,29,,,0,17,,10200,32,,,0,14,,10201,29,,,0,56,,10202,32,,,0,6,,10203,29,,,0,10,,10204,32,,,0,16,,10205,29,,,0,60,,10206,32,,,0,11,,10207,29,,,0,19,,10208,32,,,0,11,,10209,29,,,0,56,,10210,32,,,0,12,,10211,29,,,0,18,,10212,32,,,0,13,,10248,29,,,0,57,,10213,32,,,0,13,,10253,29,,,0,17,,10214,32,,,0,69,,10215,29,,,0,34,,10216,32,,,0,67,,10217,29,,,0,32,,10218,32,,,0,68,,10219,29,,,0,32,,10220,32,,,0,69,,10221,29,,,0,34,,10222,32,,,0,11,,10223,29,,,0,55,,10224,29,,,0,18,,10225,32,,,0,13,,10226,29,,,0,17,,10227,32,,,0,52,,10228,29,,,0,18,,10229,32,,,0,12,,10230,29,,,0,18,,10231,32,,,0,52,,10232,29,,,0,18,,10233,32,,,0,11,,10234,29,,,0,18,,10235,32,,,0,50,,10249,29,,,0,16,,10250,32,,,0,13,,10236,29,,,0,72,,10237,32,,,0,27,,10238,29,,,0,73,,10239,32,,,0,27,,10240,29,,,0,71,,10241,32,,,0,29,,10242,29,,,0,30,,10243,32,,,0,69,,10244,29,,,0,30,,10245,32,,,0,68,,10246,29,,,0,33,,10247,32,,,0,72,,10251,29,,,0,70,,10252,32,,,0,55,,10254,32,,,0
701,'5518',723,,10255,29,,,0,27,,10256,32,,,0,99,,10257,29,,,0,97,,10258,32,,,0,73,,10261,29,,,0,30,,10259,29,,,0,67,,10260,32,,,0,33,,10268,29,,,0,67,,10263,32,,,0,29,,10262,29,,,0,72,,10265,32,,,0,28,,10275,29,,,0,72,,10267,32,,,0,29,,10271,29,,,0,71,,10266,32,,,0,29,,10264,29,,,0,71,,10270,32,,,0,27,,10274,29,,,0,72,,10269,32,,,0,27,,10276,29,,,0,71,,10272,32,,,0,29,,10278,29,,,0,101,,10273,32,,,0,99,,10281,29,,,0,104,,10277,32,,,0,96,,10279,29,,,0,101,,10280,32,,,0
701,'5520',609,,10282,12,,,0,18,,10283,29,,,0,17,,10284,32,,,0,14,,10285,29,,,0,56,,10286,32,,,0,6,,10287,29,,,0,10,,10288,32,,,0,16,,10289,29,,,0,60,,10290,32,,,0,11,,10291,29,,,0,19,,10292,32,,,0,11,,10293,29,,,0,56,,10294,32,,,0,12,,10295,29,,,0,18,,10296,32,,,0,13,,10332,29,,,0,57,,10297,32,,,0,13,,10337,29,,,0,17,,10298,32,,,0,69,,10299,29,,,0,34,,10300,32,,,0,67,,10301,29,,,0,32,,10302,32,,,0,68,,10303,29,,,0,32,,10304,32,,,0,69,,10305,29,,,0,34,,10306,32,,,0,11,,10307,29,,,0,55,,10308,29,,,0,18,,10309,32,,,0,13,,10310,29,,,0,17,,10311,32,,,0,52,,10312,29,,,0,18,,10313,32,,,0,12,,10314,29,,,0,18,,10315,32,,,0,52,,10316,29,,,0,18,,10317,32,,,0,11,,10318,29,,,0,18,,10319,32,,,0,50,,10333,29,,,0,16,,10334,32,,,0,13,,10320,29,,,0,72,,10321,32,,,0,27,,10322,29,,,0,73,,10323,32,,,0,27,,10324,29,,,0,71,,10325,32,,,0,29,,10326,29,,,0,30,,10327,32,,,0,69,,10328,29,,,0,30,,10329,32,,,0,68,,10330,29,,,0,33,,10331,32,,,0,72,,10335,29,,,0,70,,10336,32,,,0
701,'5526',638,,10376,32,,,0,70,,10375,29,,,0,31,,10363,32,,,0,70,,10338,29,,,0,31,,10339,29,,,0,71,,10340,32,,,0,29,,10341,29,,,0,70,,10349,29,,,0,31,,10354,32,,,0,14,,10367,29,,,0,56,,10353,32,,,0,15,,10368,29,,,0,22,,10356,29,,,0,72,,10352,32,,,0,28,,10355,29,,,0,70,,10348,29,,,0,32,,10358,32,,,0,68,,10351,29,,,0,30,,10371,32,,,0,53,,10359,29,,,0,15,,10372,29,,,0,16,,10360,32,,,0,14,,10370,29,,,0,55,,10347,29,,,0,16,,10373,32,,,0,14,,10357,29,,,0,15,,10369,29,,,0,64,,10350,32,,,0,29,,10361,29,,,0,70,,10342,29,,,0,36,,10345,32,,,0,73,,10346,29,,,0,36,,10364,32,,,0,74,,10365,29,,,0,105,,10344,29,,,0,97,,10343,32,,,0,101,,10362,29,,,0,98,,10366,29,,,0,26,,10374,32,,,0,69,,10377,29,,,0
7300,'5475',737,,11464,5,,,0
7300,'5520',737,,11465,5,,,0
7301,'5475',1525,,11466,19,,,0
7301,'5520',1525,,11467,19,,,0
7900,'5475',742,,11481,5,0,6,0,16,,11481,26,0,6,0
7900,'5520',742,,11482,5,0,6,0,16,,11482,26,0,6,0
