701,'4532',638,,8442,33,,,0,70,,7513,30,,,0,31,,8434,33,,,0,70,,8419,30,,,0,31,,7477,30,,,0,71,,8420,33,,,0,29,,8421,30,,,0,71,,7487,30,,,0,31,,8428,33,,,0,14,,7505,30,,,0,56,,8427,33,,,0,15,,7506,30,,,0,22,,8429,30,,,0,72,,8426,33,,,0,28,,7493,30,,,0,70,,8424,30,,,0,32,,8430,33,,,0,68,,7489,30,,,0,30,,8438,33,,,0,53,,8431,30,,,0,15,,8439,30,,,0,16,,8432,33,,,0,14,,7508,30,,,0,55,,7485,30,,,0,16,,8440,33,,,0,14,,7495,30,,,0,15,,8437,30,,,0,64,,8425,33,,,0,29,,7499,30,,,0,70,,7480,30,,,0,36,,8423,33,,,0,73,,7484,30,,,0,36,,8435,33,,,0,74,,7503,30,,,0,105,,7482,30,,,0,96,,8422,33,,,0,101,,8433,30,,,0,98,,8436,30,,,0,26,,8441,33,,,0,69,,8443,30,,,0
701,'5475',610,,10198,13,,,0,18,,10199,30,,,0,17,,10200,33,,,0,14,,10201,30,,,0,56,,10202,33,,,0,6,,10203,30,,,0,10,,10204,33,,,0,16,,10205,30,,,0,60,,10206,33,,,0,11,,10207,30,,,0,19,,10208,33,,,0,11,,10209,30,,,0,56,,10210,33,,,0,12,,10211,30,,,0,18,,10212,33,,,0,13,,10248,30,,,0,57,,10213,33,,,0,13,,10253,30,,,0,17,,10214,33,,,0,69,,10215,30,,,0,34,,10216,33,,,0,67,,10217,30,,,0,32,,10218,33,,,0,68,,10219,30,,,0,32,,10220,33,,,0,69,,10221,30,,,0,34,,10222,33,,,0,11,,10223,30,,,0,55,,10224,30,,,0,18,,10225,33,,,0,13,,10226,30,,,0,17,,10227,33,,,0,52,,10228,30,,,0,18,,10229,33,,,0,12,,10230,30,,,0,18,,10231,33,,,0,52,,10232,30,,,0,18,,10233,33,,,0,11,,10234,30,,,0,18,,10235,33,,,0,50,,10249,30,,,0,16,,10250,33,,,0,13,,10236,30,,,0,72,,10237,33,,,0,27,,10238,30,,,0,73,,10239,33,,,0,27,,10240,30,,,0,71,,10241,33,,,0,29,,10242,30,,,0,70,,10243,33,,,0,29,,10244,30,,,0,30,,10245,33,,,0,68,,10246,30,,,0,73,,10247,33,,,0,31,,10251,30,,,0,70,,10252,33,,,0,56,,10254,33,,,0
701,'5518',723,,10255,30,,,0,27,,10256,33,,,0,100,,10257,30,,,0,97,,10258,33,,,0,73,,10261,30,,,0,30,,10259,30,,,0,67,,10260,33,,,0,33,,10268,30,,,0,67,,10263,33,,,0,29,,10262,30,,,0,72,,10265,33,,,0,28,,10275,30,,,0,72,,10267,33,,,0,29,,10271,30,,,0,71,,10266,33,,,0,29,,10264,30,,,0,71,,10270,33,,,0,27,,10274,30,,,0,72,,10269,33,,,0,27,,10276,30,,,0,71,,10272,33,,,0,29,,10278,30,,,0,101,,10273,33,,,0,99,,10281,30,,,0,104,,10277,33,,,0,95,,10279,30,,,0,101,,10280,33,,,0
701,'5520',610,,10282,13,,,0,18,,10283,30,,,0,17,,10284,33,,,0,14,,10285,30,,,0,56,,10286,33,,,0,6,,10287,30,,,0,10,,10288,33,,,0,16,,10289,30,,,0,60,,10290,33,,,0,11,,10291,30,,,0,19,,10292,33,,,0,11,,10293,30,,,0,56,,10294,33,,,0,12,,10295,30,,,0,18,,10296,33,,,0,13,,10332,30,,,0,57,,10297,33,,,0,13,,10337,30,,,0,17,,10298,33,,,0,69,,10299,30,,,0,34,,10300,33,,,0,67,,10301,30,,,0,32,,10302,33,,,0,68,,10303,30,,,0,32,,10304,33,,,0,69,,10305,30,,,0,34,,10306,33,,,0,11,,10307,30,,,0,55,,10308,30,,,0,18,,10309,33,,,0,13,,10310,30,,,0,17,,10311,33,,,0,52,,10312,30,,,0,18,,10313,33,,,0,12,,10314,30,,,0,18,,10315,33,,,0,52,,10316,30,,,0,18,,10317,33,,,0,11,,10318,30,,,0,18,,10319,33,,,0,50,,10333,30,,,0,16,,10334,33,,,0,13,,10320,30,,,0,72,,10321,33,,,0,27,,10322,30,,,0,73,,10323,33,,,0,27,,10324,30,,,0,71,,10325,33,,,0,29,,10326,30,,,0,70,,10327,33,,,0,29,,10328,30,,,0,30,,10329,33,,,0,68,,10330,30,,,0,73,,10331,33,,,0,31,,10335,30,,,0,70,,10336,33,,,0
701,'5526',638,,10376,33,,,0,70,,10375,30,,,0,31,,10363,33,,,0,70,,10338,30,,,0,31,,10339,30,,,0,71,,10340,33,,,0,29,,10341,30,,,0,71,,10349,30,,,0,31,,10354,33,,,0,14,,10367,30,,,0,56,,10353,33,,,0,15,,10368,30,,,0,22,,10356,30,,,0,72,,10352,33,,,0,28,,10355,30,,,0,70,,10348,30,,,0,32,,10358,33,,,0,68,,10351,30,,,0,30,,10371,33,,,0,53,,10359,30,,,0,15,,10372,30,,,0,16,,10360,33,,,0,14,,10370,30,,,0,55,,10347,30,,,0,16,,10373,33,,,0,14,,10357,30,,,0,15,,10369,30,,,0,64,,10350,33,,,0,29,,10361,30,,,0,70,,10342,30,,,0,36,,10345,33,,,0,73,,10346,30,,,0,36,,10364,33,,,0,74,,10365,30,,,0,105,,10344,30,,,0,96,,10343,33,,,0,101,,10362,30,,,0,98,,10366,30,,,0,26,,10374,33,,,0,69,,10377,30,,,0
7300,'5475',738,,11464,6,,,0
7300,'5520',738,,11465,6,,,0
7301,'5475',1525,,11466,20,,,0
7301,'5520',1525,,11467,20,,,0
7900,'5475',743,,11481,6,0,6,0
7900,'5520',743,,11482,6,0,6,0
7901,'5475',1507,,11483,6,0,6,0
7901,'5522',1507,,11484,6,0,6,0
7901,'5525',1507,,11485,6,0,6,0
