1400,'4532',758,,8658,3,,,0,175,,8660,3,,,0,95,,7811,3,,,0,101,,7808,3,,,0,100,,6289,3,,,0,100,,8661,3,,,0,105,,6291,3,,,0,211,,6292,3,,,0,208,,8659,3,,,0,100,,7810,3,,,0
1400,'5475',611,,11006,3,,,0,31,,11005,3,,,0,86,,10998,3,,,0,27,,11000,3,0,7 8 2 9 2 10,0,84,,11003,3,,,0,91,,11001,3,,,0,114,,10999,3,,,0,185,,11007,3,,,0,217,,11002,3,0,9,0,155,,11008,3,,,0,39,,11009,3,,,0,75,,11010,3,,,0,39,,11011,3,,,0,105,,11004,3,,,0,154,,11012,3,,,0,30,,11013,3,,,0,365,,11015,3,,,0,29,,11014,3,,,0
1400,'5518',903,,11017,3,,,0,200,,11016,3,,,0,130,,11021,3,,,0,95,,11018,3,,,0,100,,11019,3,,,0,130,,11020,3,,,0,265,,11022,3,,,0
1400,'5520',611,,11031,3,,,0,31,,11030,3,,,0,86,,11023,3,,,0,27,,11025,3,0,7 8 2 9 2 10,0,84,,11028,3,,,0,91,,11026,3,,,0,114,,11024,3,,,0,185,,11032,3,,,0,217,,11027,3,0,9,0,155,,11033,3,,,0,39,,11034,3,,,0,75,,11035,3,,,0,39,,11036,3,,,0,105,,11029,3,,,0,154,,11037,3,,,0,30,,11038,3,,,0
1400,'5526',758,,11039,3,,,0,175,,11042,3,,,0,95,,11048,3,,,0,101,,11045,3,,,0,100,,11041,3,,,0,100,,11046,3,,,0,105,,11043,3,,,0,211,,11044,3,,,0,208,,11040,3,,,0,100,,11047,3,,,0
8001,'5475',1455,,11486,9,,,0
8001,'5522',1455,,11487,9,,,0
8001,'5525',1500,,11488,9,,,0
8100,'5475',746,,11489,11,,,0
8100,'5520',746,,11490,11,,,0
