401,'4532',808,,7104,11,,,0,25,,7105,11,,,0,25,,7107,11,,,0,65,,7106,11,,,0,25,,7108,11,,,0,65,,7110,11,,,0,25,,7111,11,,,0,66,,7112,11,,,0,25,,7109,11,,,0,26,,7114,11,,,0,66,,7116,11,,,0,28,,8295,11,,,0,67,,7115,11,,,0,28,,8296,11,,,0,67,,7119,11,,,0,30,,8299,11,,,0,67,,7123,11,,,0,29,,8298,11,,,0,67,,7124,11,,,0,26,,8300,11,,,0,27,,7120,11,,,0,67,,8297,11,,,0,27,,7126,11,,,0,67,,8301,11,,,0,35,,7127,11,,,0,100,,7129,11,,,0,100,,7130,11,,,0,99,,7131,11,,,0,100,,8302,11,,,0
401,'5475',613,,9669,11,,,0,25,,9673,11,,,0,87,,9671,11,,,0,31,,9675,11,,,0,70,,9672,11,,,0,30,,9676,11,,,0,70,,9697,11,,,0,30,,9670,11,,,0,70,,9679,11,,,0,30,,9680,11,,,0,71,,9678,11,,,0,30,,9677,11,,,0,70,,9686,11,,,0,30,,9698,11,,,0,70,,9685,11,,,0,30,,9674,11,,,0,70,,9695,11,,,0,30,,9684,11,,,0,61,,9699,11,,,0,10,,9694,11,,,0,30,,9691,11,,,0,52,,9700,11,,,0,18,,9682,11,,,0,30,,9681,11,,,0,69,,9690,11,,,0,30,,9683,11,,,0,69,,9692,11,,,0,97,,9693,11,,,0,97,,9688,11,,,0,99,,9687,11,,,0,100,,9689,11,,,0,118,,9696,11,,,0,16,,9701,11,,,0,149,,9702,11,,,0
401,'5518',821,,9706,11,,,0,117,,9703,11,,,0,120,,9704,11,,,0,160,,9705,11,,,0,94,,9709,11,,,0,126,,9707,11,,,0,167,,9708,11,,,0,125,,9710,11,,,0,120,,9711,11,,,0
401,'5520',613,,9712,11,,,0,25,,9716,11,,,0,87,,9714,11,,,0,31,,9718,11,,,0,70,,9715,11,,,0,30,,9719,11,,,0,70,,9740,11,,,0,30,,9713,11,,,0,70,,9722,11,,,0,30,,9723,11,,,0,71,,9721,11,,,0,30,,9720,11,,,0,70,,9729,11,,,0,30,,9741,11,,,0,70,,9728,11,,,0,30,,9717,11,,,0,70,,9738,11,,,0,30,,9727,11,,,0,61,,9742,11,,,0,10,,9737,11,,,0,30,,9734,11,,,0,52,,9743,11,,,0,18,,9725,11,,,0,30,,9724,11,,,0,69,,9733,11,,,0,30,,9726,11,,,0,69,,9735,11,,,0,97,,9736,11,,,0,97,,9731,11,,,0,99,,9730,11,,,0,100,,9732,11,,,0,118,,9739,11,,,0
401,'5526',808,,9744,11,,,0,25,,9745,11,,,0,25,,9747,11,,,0,65,,9746,11,,,0,25,,9748,11,,,0,65,,9750,11,,,0,25,,9751,11,,,0,66,,9752,11,,,0,25,,9749,11,,,0,26,,9754,11,,,0,66,,9756,11,,,0,28,,9753,11,,,0,67,,9755,11,,,0,28,,9757,11,,,0,67,,9759,11,,,0,30,,9762,11,,,0,67,,9763,11,,,0,29,,9761,11,,,0,67,,9764,11,,,0,26,,9765,11,,,0,27,,9760,11,,,0,67,,9758,11,,,0,27,,9766,11,,,0,67,,9768,11,,,0,35,,9767,11,,,0,100,,9769,11,,,0,100,,9770,11,,,0,99,,9771,11,,,0,100,,9772,11,,,0
7001,'5475',1518,,11458,10,,,0
7001,'5520',1518,,11459,10,,,0
7301,'5475',1518,,11466,10,,,0
7301,'5520',1518,,11467,10,,,0
7401,'5475',1529,,11468,7,,,0
7401,'5522',1529,,11469,7,,,0
7401,'5525',1429,,11470,7,,,0
7701,'5475',1535,,11475,10,,,0
7701,'5520',1535,,11476,10,,,0
