301,'4532',709,,8252,7,,,0,30,,8250,7,,,0,76,,5324,7,,,0,36,,6973,33,,,0,70,,6975,33,,,0,31,,6980,33,,,0,70,,6978,33,,,0,30,,8253,33,,,0,70,,6976,33,,,0,30,,6979,33,,,0,71,,8251,33,,,0,30,,8254,33,,,0,70,,5333,33,,,0,30,,8255,33,,,0,70,,6983,33,,,0,30,,5332,33,,,0,70,,6984,33,,,0,30,,5338,33,,,0,70,,8256,33,,,0,30,,5342,33,,,0,70,,6985,33,,,0,30,,6990,33,,,0,75,,8257,33,,,0,24,,8258,33,,,0,85,,8259,33,,,0,105,,8260,33,,,0,105,,8261,33,,,0,104,,8262,33,,,0,99,,8263,33,,,0
301,'5475',617,,9458,7,,,0,22,,9453,7,,,0,20,,9450,33,,,0,49,,9449,33,,,0,15,,9438,7,,,0,18,,9442,33,,,0,18,,9451,33,,,0,56,,9461,33,,,0,19,,9445,33,,,0,19,,9452,33,,,0,70,,9460,33,,,0,30,,9457,33,,,0,71,,9475,33,,,0,30,,9439,33,,,0,70,,9436,33,,,0,31,,9462,33,,,0,70,,9446,33,,,0,30,,9474,33,,,0,71,,9468,33,,,0,30,,9467,33,,,0,73,,9473,33,,,0,15,,9466,33,,,0,15,,9471,33,,,0,50,,9476,33,,,0,20,,9469,33,,,0,13,,9464,33,,,0,15,,9444,33,,,0,55,,9443,33,,,0,15,,9440,33,,,0,15,,9472,33,,,0,15,,9441,33,,,0,54,,9455,33,,,0,14,,9454,33,,,0,15,,9447,33,,,0,15,,9448,33,,,0,69,,9470,33,,,0,29,,9459,33,,,0,70,,9477,33,,,0,30,,9437,33,,,0,99,,9465,33,,,0,100,,9456,33,,,0,100,,9463,33,,,0,97,,9435,33,,,0,100,,9478,33,,,0
301,'5518',847,,9479,33,,,0,100,,9480,33,,,0,101,,9485,33,,,0,103,,9481,33,,,0,99,,9486,33,,,0,100,,9482,33,,,0,100,,9483,33,,,0,101,,9488,33,,,0,100,,9484,33,,,0,98,,9490,33,,,0,98,,9487,33,,,0,106,,9489,33,,,0,99,,9491,33,,,0,100,,9492,33,,,0
301,'5520',617,,9516,7,,,0,22,,9511,7,,,0,20,,9508,33,,,0,49,,9507,33,,,0,15,,9496,7,,,0,18,,9500,33,,,0,18,,9509,33,,,0,56,,9519,33,,,0,19,,9503,33,,,0,19,,9510,33,,,0,70,,9518,33,,,0,30,,9515,33,,,0,71,,9533,33,,,0,30,,9497,33,,,0,70,,9494,33,,,0,31,,9520,33,,,0,70,,9504,33,,,0,30,,9532,33,,,0,71,,9526,33,,,0,30,,9525,33,,,0,73,,9531,33,,,0,15,,9524,33,,,0,15,,9529,33,,,0,50,,9534,33,,,0,20,,9527,33,,,0,13,,9522,33,,,0,15,,9502,33,,,0,55,,9501,33,,,0,15,,9498,33,,,0,15,,9530,33,,,0,15,,9499,33,,,0,54,,9513,33,,,0,14,,9512,33,,,0,15,,9505,33,,,0,15,,9506,33,,,0,69,,9528,33,,,0,29,,9517,33,,,0,70,,9535,33,,,0,30,,9495,33,,,0,99,,9523,33,,,0,100,,9514,33,,,0,100,,9521,33,,,0,97,,9493,33,,,0
301,'5526',709,,9539,7,,,0,30,,9536,7,,,0,76,,9540,7,,,0,36,,9538,33,,,0,70,,9541,33,,,0,31,,9546,33,,,0,70,,9544,33,,,0,30,,9543,33,,,0,70,,9542,33,,,0,30,,9545,33,,,0,71,,9537,33,,,0,30,,9547,33,,,0,70,,9549,33,,,0,30,,9550,33,,,0,70,,9551,33,,,0,30,,9548,33,,,0,70,,9552,33,,,0,30,,9554,33,,,0,70,,9555,33,,,0,30,,9558,33,,,0,70,,9553,33,,,0,30,,9560,33,,,0,75,,9556,33,,,0,24,,9557,33,,,0,85,,9559,33,,,0,105,,9561,33,,,0,105,,9562,33,,,0,104,,9563,33,,,0,99,,9564,33,,,0
1400,'5475',812,,11000,29,0,7 8 2 9 2 10,0,690,,11002,29,0,9,0
1400,'5520',812,,11025,29,0,7 8 2 9 2 10,0,690,,11027,29,0,9,0
8100,'5475',806,,11489,39,,,0
8100,'5520',806,,11490,39,,,0
8101,'5475',1515,,11491,1,,,0
8101,'5522',1515,,11492,1,,,0
8101,'5525',1409,,11493,1,,,0
