701,'4532',624,,8442,16,,,0,101,,8434,16,,,0,131,,8420,16,,,0,170,,8428,16,,,0,30,,8427,16,,,0,148,,8426,16,,,0,130,,8430,16,,,0,98,,8438,16,,,0,85,,8432,16,,,0,85,,8440,16,,,0,53,,8425,16,,,0,175,,8423,16,,,0,110,,8435,16,,,0,276,,8422,16,,,0,228,,8441,16,,,0
701,'5475',631,,10200,16,,,0,70,,10202,16,,,0,16,,10204,16,,,0,32,,10206,16,,,0,71,,10208,16,,,0,28,,10210,16,,,0,70,,10212,16,,,0,30,,10213,16,,,0,70,,10214,16,,,0,101,,10216,16,,,0,100,,10218,16,,,0,100,,10220,16,,,0,101,,10222,16,,,0,85,,10225,16,,,0,30,,10227,16,,,0,70,,10229,16,,,0,30,,10231,16,,,0,70,,10233,16,,,0,30,,10235,16,,,0,67,,10250,16,,,0,45,,10237,16,,,0,100,,10239,16,,,0,99,,10241,16,,,0,100,,10243,16,,,0,99,,10245,16,,,0,103,,10247,16,,,0,102,,10252,16,,,0,94,,10254,16,,,0
701,'5518',736,,10256,16,,,0,195,,10258,16,,,0,170,,10260,16,,,0,100,,10263,16,,,0,100,,10265,16,,,0,100,,10267,16,,,0,100,,10266,16,,,0,100,,10270,16,,,0,100,,10269,16,,,0,100,,10272,16,,,0,130,,10273,16,,,0,203,,10277,16,,,0,198,,10280,16,,,0
701,'5520',631,,10284,16,,,0,70,,10286,16,,,0,16,,10288,16,,,0,32,,10290,16,,,0,71,,10292,16,,,0,28,,10294,16,,,0,70,,10296,16,,,0,30,,10297,16,,,0,70,,10298,16,,,0,101,,10300,16,,,0,100,,10302,16,,,0,100,,10304,16,,,0,101,,10306,16,,,0,85,,10309,16,,,0,30,,10311,16,,,0,70,,10313,16,,,0,30,,10315,16,,,0,70,,10317,16,,,0,30,,10319,16,,,0,67,,10334,16,,,0,45,,10321,16,,,0,100,,10323,16,,,0,99,,10325,16,,,0,100,,10327,16,,,0,99,,10329,16,,,0,103,,10331,16,,,0,102,,10336,16,,,0
701,'5526',624,,10376,16,,,0,101,,10363,16,,,0,131,,10340,16,,,0,170,,10354,16,,,0,30,,10353,16,,,0,148,,10352,16,,,0,130,,10358,16,,,0,98,,10371,16,,,0,85,,10360,16,,,0,85,,10373,16,,,0,53,,10350,16,,,0,175,,10345,16,,,0,110,,10364,16,,,0,276,,10343,16,,,0,228,,10374,16,,,0
901,'4532',606,,7750,8,,,0,30,,6173,8,,,0,70,,7743,8,,,0,30,,6156,8,,,0,70,,7724,8,,,0,30,,8579,8,,,0,71,,8577,8,,,0,30,,6135,8,,,0,70,,8578,8,,,0,30,,8580,8,,,0,15,,6166,8,,,0,55,,7729,8,,,0,15,,8588,8,,,0,15,,8582,8,,,0,70,,6143,8,,,0,30,,7732,8,,,0,70,,8581,8,,,0,30,,6145,8,,,0,70,,6146,8,,,0,15,,6171,8,,,0,15,,8583,8,,,0,15,,6168,8,,,0,55,,7735,8,,,0,15,,6170,8,,,0,15,,8584,8,,,0,15,,6165,8,,,0,55,,6153,8,,,0,15,,7748,8,,,0,15,,7734,8,,,0,15,,7749,8,,,0,55,,6147,8,,,0,30,,7736,8,,,0,75,,7738,8,,,0,40,,7745,8,,,0,70,,8585,8,,,0,100,,8586,8,,,0,100,,8587,8,,,0,100,,7739,8,,,0,105,,7744,8,,,0,104,,7746,8,,,0,105,,7751,8,,,0
901,'5475',606,,10589,8,,,0,30,,10590,8,,,0,71,,10591,8,,,0,15,,10592,8,,,0,15,,10593,8,,,0,15,,10594,8,,,0,55,,10595,8,,,0,15,,10596,8,,,0,7,,10597,8,,,0,10,,10598,8,,,0,13,,10599,8,,,0,55,,10600,8,,,0,15,,10601,8,,,0,15,,10602,8,,,0,15,,10603,8,,,0,55,,10604,8,,,0,15,,10605,8,,,0,15,,10606,8,,,0,15,,10607,8,,,0,56,,10608,8,,,0,15,,10609,8,,,0,15,,10610,8,,,0,15,,10611,8,,,0,55,,10612,8,,,0,15,,10613,8,,,0,14,,10614,8,,,0,16,,10615,8,,,0,55,,10616,8,,,0,15,,10617,8,,,0,15,,10618,8,,,0,15,,10619,8,,,0,54,,10620,8,,,0,16,,10621,8,,,0,14,,10622,8,,,0,15,,10623,8,,,0,56,,10624,8,,,0,7,,10625,8,,,0,8,,10626,8,,,0,15,,10627,8,,,0,14,,10628,8,,,0,55,,10629,8,,,0,16,,10630,8,,,0,15,,10631,8,,,0,15,,10632,8,,,0,48,,10633,8,,,0,7,,10634,8,,,0,14,,10635,8,,,0,15,,10636,8,,,0,15,,10637,8,,,0,55,,10638,8,,,0,15,,10639,8,,,0,15,,10640,8,,,0,15,,10641,8,,,0,54,,10642,8,,,0,15,,10643,8,,,0,16,,10644,8,,,0,14,,10645,8,,,0,55,,10646,8,,,0,20,,10647,8,,,0,20,,10648,8,,,0,74,,10649,8,,,0,30,,10650,8,,,0,67,,10651,8,,,0,33,,10652,8,,,0,67,,10653,8,,,0,33,,10654,8,,,0,68,,10655,8,,,0,30,,10656,8,,,0
901,'5518',706,,10657,8,,,0,30,,10660,8,,,0,70,,10658,8,,,0,30,,10659,8,,,0,70,,10664,8,,,0,30,,10661,8,,,0,70,,10663,8,,,0,30,,10662,8,,,0,70,,10667,8,,,0,30,,10665,8,,,0,70,,10666,8,,,0,30,,10671,8,,,0,70,,10669,8,,,0,30,,10672,8,,,0,70,,10668,8,,,0,30,,10670,8,,,0,71,,10684,8,,,0,30,,10674,8,,,0,70,,10675,8,,,0,29,,10673,8,,,0,70,,10676,8,,,0,30,,10677,8,,,0,70,,10689,8,,,0,30,,10681,8,,,0,70,,10678,8,,,0,30,,10680,8,,,0,70,,10679,8,,,0,30,,10682,8,,,0,70,,10688,8,,,0,30,,10683,8,,,0,70,,10685,8,,,0,30,,10686,8,,,0,70,,10687,8,,,0,30,,10690,8,,,0
901,'5520',606,,10691,8,,,0,30,,10692,8,,,0,71,,10693,8,,,0,15,,10694,8,,,0,15,,10695,8,,,0,15,,10696,8,,,0,55,,10697,8,,,0,15,,10698,8,,,0,7,,10699,8,,,0,10,,10700,8,,,0,13,,10701,8,,,0,55,,10702,8,,,0,15,,10703,8,,,0,15,,10704,8,,,0,15,,10705,8,,,0,55,,10706,8,,,0,15,,10707,8,,,0,15,,10708,8,,,0,15,,10709,8,,,0,56,,10710,8,,,0,15,,10711,8,,,0,15,,10712,8,,,0,15,,10713,8,,,0,55,,10714,8,,,0,15,,10715,8,,,0,14,,10716,8,,,0,16,,10717,8,,,0,55,,10718,8,,,0,15,,10719,8,,,0,15,,10720,8,,,0,15,,10721,8,,,0,54,,10722,8,,,0,16,,10723,8,,,0,14,,10724,8,,,0,15,,10725,8,,,0,56,,10726,8,,,0,7,,10727,8,,,0,8,,10728,8,,,0,15,,10729,8,,,0,14,,10730,8,,,0,55,,10731,8,,,0,16,,10732,8,,,0,15,,10733,8,,,0,15,,10734,8,,,0,48,,10735,8,,,0,7,,10736,8,,,0,14,,10737,8,,,0,15,,10738,8,,,0,15,,10739,8,,,0,55,,10740,8,,,0,15,,10741,8,,,0,15,,10742,8,,,0,15,,10743,8,,,0,54,,10744,8,,,0,15,,10745,8,,,0,16,,10746,8,,,0,14,,10747,8,,,0,55,,10748,8,,,0,20,,10749,8,,,0,20,,10750,8,,,0,74,,10751,8,,,0,30,,10752,8,,,0,67,,10753,8,,,0,33,,10754,8,,,0,67,,10755,8,,,0,33,,10756,8,,,0,68,,10757,8,,,0,30,,10758,8,,,0
901,'5526',606,,10797,8,,,0,30,,10798,8,,,0,70,,10785,8,,,0,30,,10781,8,,,0,70,,10759,8,,,0,30,,10763,8,,,0,71,,10761,8,,,0,30,,10760,8,,,0,70,,10762,8,,,0,30,,10764,8,,,0,15,,10791,8,,,0,55,,10765,8,,,0,15,,10789,8,,,0,15,,10767,8,,,0,70,,10768,8,,,0,30,,10769,8,,,0,70,,10766,8,,,0,30,,10770,8,,,0,70,,10771,8,,,0,15,,10796,8,,,0,15,,10773,8,,,0,15,,10793,8,,,0,55,,10775,8,,,0,15,,10795,8,,,0,15,,10777,8,,,0,15,,10790,8,,,0,55,,10778,8,,,0,15,,10792,8,,,0,15,,10774,8,,,0,15,,10794,8,,,0,55,,10772,8,,,0,30,,10776,8,,,0,75,,10779,8,,,0,40,,10787,8,,,0,70,,10782,8,,,0,100,,10783,8,,,0,100,,10784,8,,,0,100,,10780,8,,,0,105,,10786,8,,,0,104,,10788,8,,,0,105,,10799,8,,,0
1600,'5475',708,,11105,31,,,0
1600,'5520',708,,11134,31,,,0
7001,'5475',1515,,11458,6,,,0
7001,'5520',1515,,11459,6,,,0
7301,'5475',1514,,11466,6,,,0
7301,'5520',1514,,11467,6,,,0
7701,'5475',1531,,11475,6,,,0
7701,'5520',1531,,11476,6,,,0
