301,'4532',838,,6973,13,,,0,70,,6975,13,,,0,31,,6980,13,,,0,70,,6978,13,,,0,30,,8253,13,,,0,70,,6976,13,,,0,30,,6979,13,,,0,70,,8251,13,,,0,30,,8254,13,,,0,70,,5333,13,,,0,30,,8255,13,,,0,70,,6983,13,,,0,30,,5332,13,,,0,70,,6984,13,,,0,30,,5338,13,,,0,70,,8256,13,,,0,30,,5342,13,,,0,70,,6985,13,,,0,30,,6990,13,,,0,75,,8257,13,,,0,25,,8258,13,,,0,85,,8259,13,,,0,105,,8260,13,,,0,105,,8261,13,,,0,105,,8262,13,,,0,100,,8263,13,,,0
301,'5475',647,,9450,13,,,0,9,,9449,13,,,0,71,,9442,13,,,0,16,,9451,13,,,0,16,,9461,13,,,0,60,,9445,13,,,0,20,,9452,13,,,0,70,,9460,13,,,0,30,,9457,13,,,0,71,,9475,13,,,0,30,,9439,13,,,0,70,,9436,13,,,0,30,,9462,13,,,0,70,,9446,13,,,0,30,,9474,13,,,0,71,,9468,13,,,0,30,,9467,13,,,0,70,,9473,13,,,0,15,,9466,13,,,0,15,,9471,13,,,0,10,,9476,13,,,0,60,,9469,13,,,0,15,,9464,13,,,0,15,,9444,13,,,0,15,,9443,13,,,0,55,,9440,13,,,0,15,,9472,13,,,0,15,,9441,13,,,0,15,,9455,13,,,0,55,,9454,13,,,0,15,,9447,13,,,0,15,,9448,13,,,0,70,,9470,13,,,0,29,,9459,13,,,0,70,,9477,13,,,0,30,,9437,13,,,0,99,,9465,13,,,0,100,,9456,13,,,0,100,,9463,13,,,0,99,,9435,13,,,0,100,,9478,13,,,0
301,'5518',835,,9479,13,,,0,100,,9480,13,,,0,101,,9485,13,,,0,103,,9481,13,,,0,97,,9486,13,,,0,100,,9482,13,,,0,100,,9483,13,,,0,100,,9488,13,,,0,100,,9484,13,,,0,98,,9490,13,,,0,100,,9487,13,,,0,106,,9489,13,,,0,100,,9491,13,,,0,100,,9492,13,,,0
301,'5520',647,,9508,13,,,0,9,,9507,13,,,0,71,,9500,13,,,0,16,,9509,13,,,0,16,,9519,13,,,0,60,,9503,13,,,0,20,,9510,13,,,0,70,,9518,13,,,0,30,,9515,13,,,0,71,,9533,13,,,0,30,,9497,13,,,0,70,,9494,13,,,0,30,,9520,13,,,0,70,,9504,13,,,0,30,,9532,13,,,0,71,,9526,13,,,0,30,,9525,13,,,0,70,,9531,13,,,0,15,,9524,13,,,0,15,,9529,13,,,0,10,,9534,13,,,0,60,,9527,13,,,0,15,,9522,13,,,0,15,,9502,13,,,0,15,,9501,13,,,0,55,,9498,13,,,0,15,,9530,13,,,0,15,,9499,13,,,0,15,,9513,13,,,0,55,,9512,13,,,0,15,,9505,13,,,0,15,,9506,13,,,0,70,,9528,13,,,0,29,,9517,13,,,0,70,,9535,13,,,0,30,,9495,13,,,0,99,,9523,13,,,0,100,,9514,13,,,0,100,,9521,13,,,0,99,,9493,13,,,0
301,'5526',838,,9538,13,,,0,70,,9541,13,,,0,31,,9546,13,,,0,70,,9544,13,,,0,30,,9543,13,,,0,70,,9542,13,,,0,30,,9545,13,,,0,70,,9537,13,,,0,30,,9547,13,,,0,70,,9549,13,,,0,30,,9550,13,,,0,70,,9551,13,,,0,30,,9548,13,,,0,70,,9552,13,,,0,30,,9554,13,,,0,70,,9555,13,,,0,30,,9558,13,,,0,70,,9553,13,,,0,30,,9560,13,,,0,75,,9556,13,,,0,25,,9557,13,,,0,85,,9559,13,,,0,105,,9561,13,,,0,105,,9562,13,,,0,105,,9563,13,,,0,100,,9564,13,,,0
1301,'4532',810,,6254,2,,,0,105,,6255,2,,,0,100,,6259,2,,,0,101,,6253,2,,,0,195,,6257,2,,,0,145,,6256,2,,,0,100,,6260,2,,,0,100,,6261,2,,,0,100,,6262,2,,,0,100,,6258,2,,,0,100,,6263,2,,,0
1301,'5475',805,,10964,2,,,0,108,,10967,2,,,0,100,,10966,2,,,0,100,,10965,2,,,0,211,,10963,2,,,0,103,,10968,2,,,0,108,,10969,2,,,0,108,,10970,2,,,0,107,,10971,2,,,0,105,,10972,2,,,0,600,,10973,2,,,0
1301,'5518',1120,,10976,2,,,0,325,,10974,2,,,0,270,,10975,2,,,0
1301,'5520',805,,10978,2,,,0,108,,10981,2,,,0,100,,10980,2,,,0,100,,10979,2,,,0,211,,10977,2,,,0,103,,10982,2,,,0,108,,10983,2,,,0,108,,10984,2,,,0,107,,10985,2,,,0,105,,10986,2,,,0
1301,'5526',810,,10988,2,,,0,105,,10989,2,,,0,100,,10993,2,,,0,101,,10987,2,,,0,195,,10991,2,,,0,145,,10990,2,,,0,100,,10994,2,,,0,100,,10995,2,,,0,100,,10996,2,,,0,100,,10992,2,,,0,100,,10997,2,,,0
1401,'4532',746,,8664,2,,,0,175,,8666,2,,,0,95,,7828,2,,,0,100,,7826,2,,,0,100,,6322,2,,,0,100,,8667,2,,,0,105,,6321,2,,,0,210,,6325,2,,,0,210,,8665,2,,,0,100,,7827,2,,,0
1401,'5475',601,,11056,2,,,0,30,,11057,2,,,0,85,,11049,2,,,0,25,,11051,2,,,0,84,,11054,2,,,0,91,,11052,2,,,0,115,,11050,2,,,0,185,,11058,2,,,0,215,,11053,2,,,0,115,,11060,2,,,0,80,,11059,2,,,0,75,,11061,2,,,0,40,,11062,2,,,0,105,,11055,2,,,0,155,,11063,2,,,0,30,,11064,2,,,0,326,,11066,2,,,0,69,,11065,2,,,0
1401,'5518',851,,11068,2,,,0,200,,11067,2,,,0,170,,11072,2,,,0,95,,11070,2,,,0,100,,11069,2,,,0,130,,11071,2,,,0,265,,11073,2,,,0
1401,'5520',601,,11081,2,,,0,30,,11082,2,,,0,85,,11074,2,,,0,25,,11076,2,,,0,84,,11079,2,,,0,91,,11077,2,,,0,115,,11075,2,,,0,185,,11083,2,,,0,215,,11078,2,,,0,115,,11085,2,,,0,80,,11084,2,,,0,75,,11086,2,,,0,40,,11087,2,,,0,105,,11080,2,,,0,155,,11088,2,,,0,30,,11089,2,,,0
1401,'5526',746,,11090,2,,,0,175,,11094,2,,,0,95,,11098,2,,,0,100,,11096,2,,,0,100,,11092,2,,,0,100,,11099,2,,,0,105,,11091,2,,,0,210,,11095,2,,,0,210,,11093,2,,,0,100,,11097,2,,,0
