300,'4532',721,,8214,17,,,0,30,,8213,17,,,0,76,,5240,17,,,0,76,,6907,17,,,0,30,,6908,17,,,0,71,,6906,17,,,0,30,,6905,17,,,0,70,,8215,17,,,0,30,,6910,17,,,0,70,,6912,17,,,0,31,,8216,17,,,0,70,,8219,17,,,0,30,,5252,17,,,0,70,,8218,17,,,0,30,,6917,17,,,0,71,,5255,17,,,0,30,,6916,17,,,0,70,,5257,17,,,0,30,,8217,17,,,0,70,,5258,17,,,0,30,,6918,17,,,0,70,,6920,17,,,0,35,,8221,17,,,0,64,,8222,17,,,0,45,,8223,17,,,0,105,,8225,17,,,0,145,,8226,17,,,0,103,,8220,17,,,0,98,,8224,17,,,0
300,'5475',631,,9331,17,,,0,22,,9318,17,,,0,60,,9311,17,,,0,9,,9312,17,,,0,15,,9306,17,,,0,18,,9334,17,,,0,58,,9320,17,,,0,16,,9323,17,,,0,19,,9324,17,,,0,59,,9316,17,,,0,30,,9317,17,,,0,70,,9319,17,,,0,31,,9341,17,,,0,70,,9326,17,,,0,30,,9314,17,,,0,71,,9328,17,,,0,30,,9340,17,,,0,70,,9302,17,,,0,31,,9325,17,,,0,71,,9303,17,,,0,33,,9335,17,,,0,15,,9313,17,,,0,55,,9321,17,,,0,10,,9342,17,,,0,4,,9344,17,,,0,15,,9305,17,,,0,13,,9304,17,,,0,55,,9332,17,,,0,15,,9308,17,,,0,15,,9310,17,,,0,15,,9339,17,,,0,54,,9322,17,,,0,14,,9301,17,,,0,14,,9307,17,,,0,15,,9330,17,,,0,55,,9309,17,,,0,29,,9338,17,,,0,69,,9329,17,,,0,30,,9343,17,,,0,70,,9327,17,,,0,99,,9337,17,,,0,99,,9333,17,,,0,100,,9336,17,,,0,96,,9300,17,0,17 18 19,0,100,,9345,17,,,0
300,'5518',806,,9346,17,,,0,53,,9348,17,,,0,100,,9347,17,,,0,141,,9353,17,,,0,103,,9349,17,,,0,100,,9355,17,,,0,100,,9350,17,,,0,100,,9351,17,,,0,100,,9356,17,,,0,100,,9352,17,,,0,98,,9358,17,,,0,58,,9354,17,,,0,146,,9357,17,,,0,99,,9359,17,,,0,100,,9360,17,0,17 18 19,0
300,'5520',631,,9392,17,,,0,22,,9379,17,,,0,60,,9372,17,,,0,9,,9373,17,,,0,15,,9367,17,,,0,18,,9395,17,,,0,58,,9381,17,,,0,16,,9384,17,,,0,19,,9385,17,,,0,59,,9377,17,,,0,30,,9378,17,,,0,70,,9380,17,,,0,31,,9402,17,,,0,70,,9387,17,,,0,30,,9375,17,,,0,71,,9389,17,,,0,30,,9401,17,,,0,70,,9363,17,,,0,31,,9386,17,,,0,71,,9364,17,,,0,33,,9396,17,,,0,15,,9374,17,,,0,55,,9382,17,,,0,10,,9403,17,,,0,4,,9405,17,,,0,15,,9366,17,,,0,13,,9365,17,,,0,55,,9393,17,,,0,15,,9369,17,,,0,15,,9371,17,,,0,15,,9400,17,,,0,54,,9383,17,,,0,14,,9362,17,,,0,14,,9368,17,,,0,15,,9391,17,,,0,55,,9370,17,,,0,29,,9399,17,,,0,69,,9390,17,,,0,30,,9404,17,,,0,70,,9388,17,,,0,99,,9398,17,,,0,99,,9394,17,,,0,100,,9397,17,,,0,96,,9361,17,0,17 18 19,0
300,'5526',721,,9407,17,,,0,30,,9406,17,,,0,76,,9408,17,,,0,76,,9411,17,,,0,30,,9412,17,,,0,71,,9410,17,,,0,30,,9409,17,,,0,70,,9413,17,,,0,30,,9414,17,,,0,70,,9416,17,,,0,31,,9415,17,,,0,70,,9419,17,,,0,30,,9420,17,,,0,70,,9418,17,,,0,30,,9422,17,,,0,71,,9423,17,,,0,30,,9421,17,,,0,70,,9425,17,,,0,30,,9417,17,,,0,70,,9426,17,,,0,30,,9424,17,,,0,70,,9428,17,,,0,35,,9429,17,,,0,64,,9430,17,,,0,45,,9431,17,,,0,105,,9433,17,,,0,145,,9434,17,,,0,103,,9427,17,,,0,98,,9432,17,,,0
1400,'5475',823,,11000,50,0,7 8 2 9 2 10,0
1400,'5520',823,,11025,50,0,7 8 2 9 2 10,0
8100,'5475',817,,11489,60,,,0
8100,'5520',817,,11490,60,,,0
8101,'5475',1527,,11491,22,,,0
8101,'5522',1527,,11492,22,,,0
8101,'5525',1421,,11493,22,,,0
