100,'4532',630,,6634,1,,,0,9,,8080,1,,,0,70,,6637,1,,,0,30,,8069,1,,,0,65,,6639,1,,,0,20,,6613,1,,,0,15,,8082,1,,,0,17,,6614,1,,,0,56,,6641,1,,,0,15,,4891,1,,,0,30,,8071,1,,,0,70,,4896,1,,,0,30,,8070,1,,,0,72,,4898,1,,,0,30,,6618,1,,,0,70,,4901,1,,,0,30,,6617,1,,,0,70,,4902,1,,,0,30,,6620,1,,,0,71,,8072,1,,,0,70,,6621,1,,,0,30,,6623,1,,,0,70,,8074,1,,,0,13,,8083,1,,,0,15,,6625,1,,,0,15,,8084,1,,,0,15,,8073,1,,,0,55,,8085,1,,,0,15,,6626,1,,,0,15,,8086,1,,,0,15,,8075,1,,,0,55,,8087,1,,,0,15,,6628,1,,,0,30,,6629,1,,,0,85,,6633,1,,,0,100,,8078,1,,,0,105,,8077,1,,,0,104,,8076,1,,,0,103,,8079,1,,,0,99,,8081,1,,,0
100,'5475',620,,8747,1,,,0,32,,8748,1,,,0,70,,8749,1,,,0,15,,8750,1,,,0,17,,8758,1,,,0,55,,8757,1,,,0,16,,8785,1,,,0,14,,8786,1,,,0,15,,8761,1,,,0,55,,8753,1,,,0,15,,8780,1,,,0,20,,8779,1,,,0,61,,8790,1,,,0,20,,8789,1,,,0,31,,8788,1,,,0,70,,8793,1,,,0,31,,8792,1,,,0,70,,8777,1,,,0,30,,8776,1,,,0,70,,8767,1,,,0,30,,8756,1,,,0,71,,8755,1,,,0,20,,8759,1,,,0,59,,8754,1,,,0,20,,8782,1,,,0,15,,8764,1,,,0,15,,8781,1,,,0,55,,8787,1,,,0,15,,8783,1,,,0,15,,8796,1,,,0,14,,8795,1,,,0,55,,8775,1,,,0,15,,8772,1,,,0,14,,8797,1,,,0,15,,8773,1,,,0,55,,8770,1,,,0,15,,8791,1,,,0,20,,8794,1,,,0,59,,8771,1,,,0,25,,8778,1,,,0,28,,8774,1,,,0,70,,8769,1,,,0,30,,8765,1,,,0,70,,8763,1,,,0,30,,8762,1,,,0,70,,8760,1,,,0,30,,8768,1,,,0,69,,8784,1,,,0,28,,8766,1,,,0,69,,8751,1,,,0,30,,8752,1,,,0,98,,8798,1,,,0
100,'5518',700,,8799,1,,,0,19,,8800,1,,,0,30,,8801,1,,,0,70,,8803,1,,,0,30,,8802,1,,,0,70,,8804,1,,,0,32,,8807,1,,,0,70,,8805,1,,,0,30,,8806,1,,,0,71,,8808,1,,,0,31,,8820,1,,,0,70,,8810,1,,,0,30,,8809,1,,,0,70,,8813,1,,,0,30,,8811,1,,,0,70,,8814,1,,,0,31,,8815,1,,,0,70,,8812,1,,,0,30,,8816,1,,,0,70,,8817,1,,,0,30,,8827,1,,,0,70,,8818,1,,,0,30,,8830,1,,,0,73,,8821,1,,,0,25,,8819,1,,,0,70,,8822,1,,,0,30,,8831,1,,,0,69,,8824,1,,,0,30,,8823,1,,,0,69,,8825,1,,,0,30,,8826,1,,,0,70,,8828,1,,,0,30,,8832,1,,,0,77,,8829,1,,,0,22,,8833,1,,,0
100,'5520',620,,8835,1,,,0,32,,8836,1,,,0,70,,8837,1,,,0,15,,8838,1,,,0,17,,8846,1,,,0,55,,8845,1,,,0,16,,8873,1,,,0,14,,8874,1,,,0,15,,8849,1,,,0,55,,8841,1,,,0,15,,8868,1,,,0,20,,8867,1,,,0,61,,8878,1,,,0,20,,8877,1,,,0,31,,8876,1,,,0,70,,8881,1,,,0,31,,8880,1,,,0,70,,8865,1,,,0,30,,8864,1,,,0,70,,8855,1,,,0,30,,8844,1,,,0,71,,8843,1,,,0,20,,8847,1,,,0,59,,8842,1,,,0,20,,8870,1,,,0,15,,8852,1,,,0,15,,8869,1,,,0,55,,8875,1,,,0,15,,8871,1,,,0,15,,8884,1,,,0,14,,8883,1,,,0,55,,8863,1,,,0,15,,8860,1,,,0,14,,8885,1,,,0,15,,8861,1,,,0,55,,8858,1,,,0,15,,8879,1,,,0,20,,8882,1,,,0,59,,8859,1,,,0,25,,8866,1,,,0,28,,8862,1,,,0,70,,8857,1,,,0,30,,8853,1,,,0,70,,8851,1,,,0,30,,8850,1,,,0,70,,8848,1,,,0,30,,8856,1,,,0,69,,8872,1,,,0,28,,8854,1,,,0,69,,8839,1,,,0,30,,8840,1,,,0
100,'5526',630,,8913,1,,,0,9,,8915,1,,,0,70,,8916,1,,,0,30,,8886,1,,,0,65,,8918,1,,,0,20,,8888,1,,,0,15,,8919,1,,,0,17,,8889,1,,,0,56,,8920,1,,,0,15,,8887,1,,,0,30,,8891,1,,,0,70,,8892,1,,,0,30,,8890,1,,,0,72,,8894,1,,,0,30,,8895,1,,,0,70,,8897,1,,,0,30,,8893,1,,,0,70,,8898,1,,,0,30,,8899,1,,,0,71,,8896,1,,,0,70,,8900,1,,,0,30,,8902,1,,,0,70,,8903,1,,,0,13,,8921,1,,,0,15,,8904,1,,,0,15,,8922,1,,,0,15,,8901,1,,,0,55,,8923,1,,,0,15,,8905,1,,,0,15,,8924,1,,,0,15,,8906,1,,,0,55,,8925,1,,,0,15,,8907,1,,,0,30,,8908,1,,,0,85,,8912,1,,,0,100,,8911,1,,,0,105,,8910,1,,,0,104,,8909,1,,,0,103,,8914,1,,,0,99,,8917,1,,,0
101,'4532',639,,8128,28,4,,0,70,,6729,28,4,,0,30,,8126,28,4,,0,65,,6731,28,4,,0,20,,6725,28,4,,0,15,,8130,28,4,,0,17,,6705,28,4,,0,56,,6733,28,4,,0,15,,5016,28,4,,0,30,,8117,28,4,,0,70,,5018,28,4,,0,30,,8118,28,4,,0,72,,5020,28,4,,0,30,,6708,28,4,,0,70,,5022,28,4,,0,30,,6709,28,4,,0,70,,5024,28,4,,0,30,,6710,28,4,,0,71,,8119,28,4,,0,70,,6712,28,4,,0,30,,6713,28,4,,0,70,,8120,28,4,,0,13,,8131,28,4,,0,15,,6716,28,4,,0,15,,8132,28,4,,0,15,,8121,28,4,,0,55,,8133,28,4,,0,15,,6718,28,4,,0,15,,8134,28,4,,0,15,,8122,28,4,,0,55,,8135,28,4,,0,15,,6720,28,4,,0,30,,6714,28,4,,0,85,,6721,28,4,,0,100,,8123,28,4,,0,105,,8124,28,4,,0,104,,8125,28,4,,0,103,,8127,28,4,,0,99,,8129,28,4,,0
101,'5475',620,,8926,28,4,,0,32,,8927,28,4,,0,70,,8928,28,4,,0,15,,8933,28,4,,0,17,,8930,28,4,,0,55,,8929,28,4,,0,16,,8932,28,4,,0,14,,8931,28,4,,0,15,,8934,28,4,,0,55,,8935,28,4,,0,15,,8972,28,4,,0,20,,8936,28,4,,0,61,,8976,28,4,,0,20,,8970,28,4,,0,31,,8939,28,4,,0,70,,8969,28,4,,0,31,,8937,28,4,,0,70,,8938,28,4,,0,30,,8940,28,4,,0,70,,8942,28,4,,0,30,,8943,28,4,,0,71,,8968,28,4,,0,20,,8944,28,4,,0,59,,8971,28,4,,0,20,,8941,28,4,,0,15,,8947,28,4,,0,15,,8948,28,4,,0,55,,8946,28,4,,0,15,,8973,28,4,,0,15,,8945,28,4,,0,14,,8950,28,4,,0,55,,8951,28,4,,0,15,,8949,28,4,,0,14,,8953,28,4,,0,15,,8974,28,4,,0,55,,8954,28,4,,0,15,,8952,28,4,,0,20,,8955,28,4,,0,59,,8956,28,4,,0,25,,8975,28,4,,0,28,,8957,28,4,,0,70,,8958,28,4,,0,30,,8959,28,4,,0,70,,8960,28,4,,0,30,,8961,28,4,,0,70,,8963,28,4,,0,30,,8962,28,4,,0,69,,8964,28,4,,0,28,,8965,28,4,,0,69,,8966,28,4,,0,30,,8967,28,4,,0,98,,8977,28,4,,0
101,'5518',719,,8978,28,4,,0,30,,8979,28,4,,0,70,,8982,28,4,,0,30,,8981,28,4,,0,70,,8980,28,4,,0,32,,8986,28,4,,0,70,,8983,28,4,,0,30,,8985,28,4,,0,71,,8984,28,4,,0,31,,8997,28,4,,0,70,,8987,28,4,,0,30,,8988,28,4,,0,70,,8989,28,4,,0,30,,8990,28,4,,0,70,,8991,28,4,,0,31,,8996,28,4,,0,70,,8992,28,4,,0,30,,8993,28,4,,0,70,,8995,28,4,,0,30,,9006,28,4,,0,70,,8994,28,4,,0,30,,9008,28,4,,0,73,,8999,28,4,,0,25,,8998,28,4,,0,70,,9000,28,4,,0,30,,9009,28,4,,0,69,,9004,28,4,,0,30,,9001,28,4,,0,69,,9003,28,4,,0,30,,9002,28,4,,0,70,,9005,28,4,,0,30,,9010,28,4,,0,77,,9007,28,4,,0,22,,9011,28,4,,0
101,'5520',620,,9012,28,4,,0,32,,9013,28,4,,0,70,,9014,28,4,,0,15,,9019,28,4,,0,17,,9016,28,4,,0,55,,9015,28,4,,0,16,,9018,28,4,,0,14,,9017,28,4,,0,15,,9020,28,4,,0,55,,9021,28,4,,0,15,,9058,28,4,,0,20,,9022,28,4,,0,61,,9062,28,4,,0,20,,9056,28,4,,0,31,,9025,28,4,,0,70,,9055,28,4,,0,31,,9023,28,4,,0,70,,9024,28,4,,0,30,,9026,28,4,,0,70,,9028,28,4,,0,30,,9029,28,4,,0,71,,9054,28,4,,0,20,,9030,28,4,,0,59,,9057,28,4,,0,20,,9027,28,4,,0,15,,9033,28,4,,0,15,,9034,28,4,,0,55,,9032,28,4,,0,15,,9059,28,4,,0,15,,9031,28,4,,0,14,,9036,28,4,,0,55,,9037,28,4,,0,15,,9035,28,4,,0,14,,9039,28,4,,0,15,,9060,28,4,,0,55,,9040,28,4,,0,15,,9038,28,4,,0,20,,9041,28,4,,0,59,,9042,28,4,,0,25,,9061,28,4,,0,28,,9043,28,4,,0,70,,9044,28,4,,0,30,,9045,28,4,,0,70,,9046,28,4,,0,30,,9047,28,4,,0,70,,9049,28,4,,0,30,,9048,28,4,,0,69,,9050,28,4,,0,28,,9051,28,4,,0,69,,9052,28,4,,0,30,,9053,28,4,,0
101,'5526',639,,9091,28,4,,0,70,,9092,28,4,,0,30,,9089,28,4,,0,65,,9094,28,4,,0,20,,9088,28,4,,0,15,,9095,28,4,,0,17,,9063,28,4,,0,56,,9096,28,4,,0,15,,9064,28,4,,0,30,,9065,28,4,,0,70,,9066,28,4,,0,30,,9067,28,4,,0,72,,9068,28,4,,0,30,,9069,28,4,,0,70,,9070,28,4,,0,30,,9071,28,4,,0,70,,9072,28,4,,0,30,,9073,28,4,,0,71,,9074,28,4,,0,70,,9075,28,4,,0,30,,9076,28,4,,0,70,,9078,28,4,,0,13,,9097,28,4,,0,15,,9079,28,4,,0,15,,9098,28,4,,0,15,,9080,28,4,,0,55,,9099,28,4,,0,15,,9081,28,4,,0,15,,9100,28,4,,0,15,,9082,28,4,,0,55,,9101,28,4,,0,15,,9083,28,4,,0,30,,9077,28,4,,0,85,,9084,28,4,,0,100,,9085,28,4,,0,105,,9086,28,4,,0,104,,9087,28,4,,0,103,,9090,28,4,,0,99,,9093,28,4,,0
