1401,'4532',751,,8664,9,,,0,175,,8666,9,,,0,95,,7828,9,,,0,101,,7826,9,,,0,100,,6322,9,,,0,100,,8667,9,,,0,105,,6321,9,,,0,210,,6325,9,,,0,209,,8665,9,,,0,100,,7827,9,,,0
1401,'5475',605,,11056,9,,,0,31,,11057,9,,,0,85,,11049,9,,,0,26,,11051,9,,,0,84,,11054,9,,,0,91,,11052,9,,,0,114,,11050,9,,,0,185,,11058,9,,,0,217,,11053,9,,,0,115,,11060,9,,,0,79,,11059,9,,,0,75,,11061,9,,,0,39,,11062,9,,,0,105,,11055,9,,,0,155,,11063,9,,,0,30,,11064,9,,,0,366,,11066,9,,,0,29,,11065,9,,,0
1401,'5518',856,,11068,9,,,0,200,,11067,9,,,0,170,,11072,9,,,0,95,,11070,9,,,0,100,,11069,9,,,0,130,,11071,9,,,0,265,,11073,9,,,0
1401,'5520',605,,11081,9,,,0,31,,11082,9,,,0,85,,11074,9,,,0,26,,11076,9,,,0,84,,11079,9,,,0,91,,11077,9,,,0,114,,11075,9,,,0,185,,11083,9,,,0,217,,11078,9,,,0,115,,11085,9,,,0,79,,11084,9,,,0,75,,11086,9,,,0,39,,11087,9,,,0,105,,11080,9,,,0,155,,11088,9,,,0,30,,11089,9,,,0
1401,'5526',751,,11090,9,,,0,175,,11094,9,,,0,95,,11098,9,,,0,101,,11096,9,,,0,100,,11092,9,,,0,100,,11099,9,,,0,105,,11091,9,,,0,210,,11095,9,,,0,209,,11093,9,,,0,100,,11097,9,,,0
8001,'5475',1505,,11486,23,,,0
8001,'5522',1505,,11487,23,,,0
8001,'5525',1510,,11488,23,,,0
8100,'5475',740,,11489,4,,,0
8100,'5520',740,,11490,4,,,0
8101,'5475',1533,,11491,32,,,0
8101,'5522',1533,,11492,32,,,0
8101,'5525',1427,,11493,32,,,0
