601,'4532',810,,7275,17,,,0,105,,7276,17,,,0,95,,8309,17,,,0,100,,8310,17,,,0,100,,7274,17,,,0,100,,5638,17,,,0,100,,8311,17,,,0,100,,5642,17,,,0,30,,8313,17,,,0,70,,8315,17,,,0,30,,8318,17,,,0,70,,8316,17,,,0,30,,8317,17,,,0,70,,8314,17,,,0,145,,8312,17,,,0,164,,7285,17,,,0
601,'5475',711,,9953,17,,,0,102,,9954,17,,,0,103,,9955,17,,,0,95,,9957,17,,,0,25,,9956,17,,,0,75,,9958,17,,,0,120,,9959,17,,,0,80,,9960,17,,,0,100,,9961,17,,,0,104,,9962,19,,,0,37,,9963,17,,,0,80,,9964,17,,,0,16,,9965,17,,,0,76,,9968,17,,,0,27,,9966,17,,,0,69,,9967,17,,,0,100,,9969,17,,,0,234,,9970,17,,,0,275,,9971,17,,,0
601,'5518',815,,9972,17,,,0,120,,9973,17,,,0,95,,9976,17,,,0,110,,9975,17,,,0,100,,9974,17,,,0,100,,9979,17,,,0,100,,9977,17,,,0,100,,9978,17,,,0,105,,9980,17,,,0,95,,9981,17,,,0,105,,9983,17,,,0,100,,9982,17,,,0
601,'5520',711,,9984,17,,,0,102,,9985,17,,,0,103,,9986,17,,,0,95,,9988,17,,,0,25,,9987,17,,,0,75,,9989,17,,,0,120,,9990,17,,,0,80,,9991,17,,,0,100,,9992,17,,,0,104,,9993,19,,,0,37,,9994,17,,,0,80,,9995,17,,,0,16,,9996,17,,,0,76,,9999,17,,,0,27,,9997,17,,,0,69,,9998,17,,,0,100,,10000,17,,,0,234,,10001,17,,,0
601,'5526',810,,10003,17,,,0,105,,10004,17,,,0,95,,10006,17,,,0,100,,10007,17,,,0,100,,10002,17,,,0,100,,10005,17,,,0,100,,10008,17,,,0,100,,10009,17,,,0,30,,10011,17,,,0,70,,10013,17,,,0,30,,10017,17,,,0,70,,10014,17,,,0,30,,10016,17,,,0,70,,10012,17,,,0,145,,10010,17,,,0,164,,10015,17,,,0
1600,'4532',851,,8670,22,0,5,0,156,,7847,22,0,5,0,95,,7846,22,0,5,0,111,,8671,22,0,5,0,95,,8672,22,0,5,0,101,,7845,22,0,5,0,100,,7851,22,0,5,0,100,,6360,22,0,5,0,105,,6364,22,0,5,0,95,,8673,22,0,5,0,97,,8674,22,0,5,0,100,,8675,22,0,5,0
1600,'5475',701,,11105,22,,,0,41,,11114,22,0,5,0,71,,11106,22,0,5,0,98,,11101,22,0,5,0,100,,11102,22,0,5,0,100,,11103,22,0,5,0,100,,11109,22,0,5,0,100,,11104,22,0,5,0,103,,11100,22,0,5,0,103,,11107,22,0,5,0,110,,11108,22,0,5,0,100,,11111,22,0,5,0,93,,11113,22,0,5,0,98,,11112,22,0,5,0,99,,11110,22,0,5,0,400,,11115,22,0,5,0,102,,11116,22,0,5,0
1600,'5518',911,,11117,22,0,5,0,100,,11120,22,0,5,0,100,,11118,22,0,5,0,100,,11119,22,0,5,0,102,,11121,22,0,5,0,100,,11124,22,0,5,0,99,,11127,22,0,5,0,100,,11125,22,0,5,0,105,,11122,22,0,5,0,99,,11123,22,0,5,0,98,,11126,22,0,5,0,100,,11128,22,0,5,0
1600,'5520',701,,11134,22,,,0,41,,11143,22,0,5,0,71,,11135,22,0,5,0,98,,11130,22,0,5,0,100,,11131,22,0,5,0,100,,11132,22,0,5,0,100,,11138,22,0,5,0,100,,11133,22,0,5,0,103,,11129,22,0,5,0,103,,11136,22,0,5,0,110,,11137,22,0,5,0,100,,11140,22,0,5,0,93,,11142,22,0,5,0,98,,11141,22,0,5,0,99,,11139,22,0,5,0
1600,'5526',851,,11148,22,0,5,0,156,,11146,22,0,5,0,95,,11145,22,0,5,0,111,,11149,22,0,5,0,95,,11150,22,0,5,0,101,,11144,22,0,5,0,100,,11152,22,0,5,0,100,,11147,22,0,5,0,105,,11151,22,0,5,0,95,,11153,22,0,5,0,97,,11154,22,0,5,0,100,,11155,22,0,5,0
