300,'4532',712,,8214,1,,,0,30,,8213,1,,,0,76,,5240,1,,,0,36,,6907,1,,,0,70,,6908,1,,,0,31,,6906,1,,,0,70,,6905,1,,,0,30,,8215,1,,,0,70,,6910,1,,,0,30,,6912,1,,,0,71,,8216,1,,,0,30,,8219,1,,,0,70,,5252,1,,,0,30,,8218,1,,,0,70,,6917,1,,,0,31,,5255,1,,,0,70,,6916,1,,,0,30,,5257,1,,,0,70,,8217,1,,,0,30,,5258,1,,,0,70,,6918,1,,,0,30,,6920,1,,,0,75,,8221,1,,,0,24,,8222,1,,,0,85,,8223,1,,,0,105,,8225,1,,,0,105,,8226,1,,,0,103,,8220,1,,,0,99,,8224,1,,,0
300,'5475',621,,9331,1,,,0,22,,9318,1,,,0,60,,9311,1,,,0,9,,9312,1,,,0,15,,9306,1,,,0,18,,9334,1,,,0,58,,9320,1,,,0,16,,9323,1,,,0,19,,9324,1,,,0,19,,9316,1,,,0,70,,9317,1,,,0,30,,9319,1,,,0,71,,9341,1,,,0,30,,9326,1,,,0,70,,9314,1,,,0,31,,9328,1,,,0,70,,9340,1,,,0,30,,9302,1,,,0,71,,9325,1,,,0,70,,9303,1,,,0,33,,9335,1,,,0,15,,9313,1,,,0,55,,9321,1,,,0,10,,9342,1,,,0,5,,9344,1,,,0,15,,9305,1,,,0,13,,9304,1,,,0,55,,9332,1,,,0,15,,9308,1,,,0,15,,9310,1,,,0,15,,9339,1,,,0,55,,9322,1,,,0,14,,9301,1,,,0,14,,9307,1,,,0,15,,9330,1,,,0,15,,9309,1,,,0,69,,9338,1,,,0,29,,9329,1,,,0,70,,9343,1,,,0,30,,9327,1,,,0,99,,9337,1,,,0,99,,9333,1,,,0,100,,9336,1,,,0,96,,9300,1,0,17 18 19,0,100,,9345,1,,,0
300,'5518',757,,9346,1,,,0,93,,9348,1,,,0,100,,9347,1,,,0,101,,9353,1,,,0,103,,9349,1,,,0,100,,9355,1,,,0,100,,9350,1,,,0,100,,9351,1,,,0,100,,9356,1,,,0,100,,9352,1,,,0,98,,9358,1,,,0,98,,9354,1,,,0,106,,9357,1,,,0,99,,9359,1,,,0,100,,9360,1,0,17 18 19,0
300,'5520',621,,9392,1,,,0,22,,9379,1,,,0,60,,9372,1,,,0,9,,9373,1,,,0,15,,9367,1,,,0,18,,9395,1,,,0,58,,9381,1,,,0,16,,9384,1,,,0,19,,9385,1,,,0,19,,9377,1,,,0,70,,9378,1,,,0,30,,9380,1,,,0,71,,9402,1,,,0,30,,9387,1,,,0,70,,9375,1,,,0,31,,9389,1,,,0,70,,9401,1,,,0,30,,9363,1,,,0,71,,9386,1,,,0,70,,9364,1,,,0,33,,9396,1,,,0,15,,9374,1,,,0,55,,9382,1,,,0,10,,9403,1,,,0,5,,9405,1,,,0,15,,9366,1,,,0,13,,9365,1,,,0,55,,9393,1,,,0,15,,9369,1,,,0,15,,9371,1,,,0,15,,9400,1,,,0,55,,9383,1,,,0,14,,9362,1,,,0,14,,9368,1,,,0,15,,9391,1,,,0,15,,9370,1,,,0,69,,9399,1,,,0,29,,9390,1,,,0,70,,9404,1,,,0,30,,9388,1,,,0,99,,9398,1,,,0,99,,9394,1,,,0,100,,9397,1,,,0,96,,9361,1,0,17 18 19,0
300,'5526',712,,9407,1,,,0,30,,9406,1,,,0,76,,9408,1,,,0,36,,9411,1,,,0,70,,9412,1,,,0,31,,9410,1,,,0,70,,9409,1,,,0,30,,9413,1,,,0,70,,9414,1,,,0,30,,9416,1,,,0,71,,9415,1,,,0,30,,9419,1,,,0,70,,9420,1,,,0,30,,9418,1,,,0,70,,9422,1,,,0,31,,9423,1,,,0,70,,9421,1,,,0,30,,9425,1,,,0,70,,9417,1,,,0,30,,9426,1,,,0,70,,9424,1,,,0,30,,9428,1,,,0,75,,9429,1,,,0,24,,9430,1,,,0,85,,9431,1,,,0,105,,9433,1,,,0,105,,9434,1,,,0,103,,9427,1,,,0,99,,9432,1,,,0
301,'4532',712,,8252,12,4,,0,30,,8250,12,4,,0,76,,5324,12,4,,0,36,,6973,38,4,,0,70,,6975,38,4,,0,31,,6980,38,4,,0,70,,6978,38,4,,0,30,,8253,38,4,,0,70,,6976,38,4,,0,30,,6979,38,4,,0,71,,8251,38,4,,0,30,,8254,38,4,,0,70,,5333,38,4,,0,30,,8255,38,4,,0,70,,6983,38,4,,0,31,,5332,38,4,,0,70,,6984,38,4,,0,30,,5338,38,4,,0,70,,8256,38,4,,0,30,,5342,38,4,,0,70,,6985,38,4,,0,30,,6990,38,4,,0,75,,8257,38,4,,0,24,,8258,38,4,,0,85,,8259,38,4,,0,105,,8260,38,4,,0,105,,8261,38,4,,0,103,,8262,38,4,,0,99,,8263,38,4,,0
301,'5475',621,,9458,12,4,,0,22,,9453,12,4,,0,60,,9450,38,4,,0,9,,9449,38,4,,0,15,,9438,12,4,,0,18,,9442,38,4,,0,58,,9451,38,4,,0,16,,9461,38,4,,0,19,,9445,38,4,,0,19,,9452,38,4,,0,70,,9460,38,4,,0,30,,9457,38,4,,0,71,,9475,38,4,,0,30,,9439,38,4,,0,70,,9436,38,4,,0,31,,9462,38,4,,0,70,,9446,38,4,,0,30,,9474,38,4,,0,71,,9468,38,4,,0,70,,9467,38,4,,0,33,,9473,38,4,,0,15,,9466,38,4,,0,55,,9471,38,4,,0,10,,9476,38,4,,0,20,,9469,38,4,,0,13,,9464,38,4,,0,55,,9444,38,4,,0,15,,9443,38,4,,0,15,,9440,38,4,,0,15,,9472,38,4,,0,55,,9441,38,4,,0,14,,9455,38,4,,0,14,,9454,38,4,,0,15,,9447,38,4,,0,15,,9448,38,4,,0,69,,9470,38,4,,0,29,,9459,38,4,,0,70,,9477,38,4,,0,30,,9437,38,4,,0,99,,9465,38,4,,0,99,,9456,38,4,,0,100,,9463,38,4,,0,96,,9435,38,4,,0,100,,9478,38,4,,0
301,'5518',850,,9479,38,4,,0,100,,9480,38,4,,0,101,,9485,38,4,,0,103,,9481,38,4,,0,100,,9486,38,4,,0,100,,9482,38,4,,0,100,,9483,38,4,,0,100,,9488,38,4,,0,100,,9484,38,4,,0,98,,9490,38,4,,0,98,,9487,38,4,,0,106,,9489,38,4,,0,99,,9491,38,4,,0,100,,9492,38,4,,0
301,'5520',621,,9516,12,4,,0,22,,9511,12,4,,0,60,,9508,38,4,,0,9,,9507,38,4,,0,15,,9496,12,4,,0,18,,9500,38,4,,0,58,,9509,38,4,,0,16,,9519,38,4,,0,19,,9503,38,4,,0,19,,9510,38,4,,0,70,,9518,38,4,,0,30,,9515,38,4,,0,71,,9533,38,4,,0,30,,9497,38,4,,0,70,,9494,38,4,,0,31,,9520,38,4,,0,70,,9504,38,4,,0,30,,9532,38,4,,0,71,,9526,38,4,,0,70,,9525,38,4,,0,33,,9531,38,4,,0,15,,9524,38,4,,0,55,,9529,38,4,,0,10,,9534,38,4,,0,20,,9527,38,4,,0,13,,9522,38,4,,0,55,,9502,38,4,,0,15,,9501,38,4,,0,15,,9498,38,4,,0,15,,9530,38,4,,0,55,,9499,38,4,,0,14,,9513,38,4,,0,14,,9512,38,4,,0,15,,9505,38,4,,0,15,,9506,38,4,,0,69,,9528,38,4,,0,29,,9517,38,4,,0,70,,9535,38,4,,0,30,,9495,38,4,,0,99,,9523,38,4,,0,99,,9514,38,4,,0,100,,9521,38,4,,0,96,,9493,38,4,,0
301,'5526',712,,9539,12,4,,0,30,,9536,12,4,,0,76,,9540,12,4,,0,36,,9538,38,4,,0,70,,9541,38,4,,0,31,,9546,38,4,,0,70,,9544,38,4,,0,30,,9543,38,4,,0,70,,9542,38,4,,0,30,,9545,38,4,,0,71,,9537,38,4,,0,30,,9547,38,4,,0,70,,9549,38,4,,0,30,,9550,38,4,,0,70,,9551,38,4,,0,31,,9548,38,4,,0,70,,9552,38,4,,0,30,,9554,38,4,,0,70,,9555,38,4,,0,30,,9558,38,4,,0,70,,9553,38,4,,0,30,,9560,38,4,,0,75,,9556,38,4,,0,24,,9557,38,4,,0,85,,9559,38,4,,0,105,,9561,38,4,,0,105,,9562,38,4,,0,103,,9563,38,4,,0,99,,9564,38,4,,0
1400,'5475',814,,11000,34,0,7 8 2 9 2 10,0,690,,11002,34,4,,0
1400,'5520',814,,11025,34,0,7 8 2 9 2 10,0,690,,11027,34,4,,0
8100,'5475',809,,11489,44,,,0
8100,'5520',809,,11490,44,,,0
8101,'5475',1518,,11491,6,,,0
8101,'5522',1518,,11492,6,,,0
8101,'5525',1412,,11493,6,,,0
