300,'4532',713,,8214,3,,,0,30,,8213,3,,,0,76,,5240,3,,,0,36,,6907,3,,,0,70,,6908,3,,,0,31,,6906,3,,,0,70,,6905,3,,,0,30,,8215,3,,,0,70,,6910,3,,,0,30,,6912,3,,,0,71,,8216,3,,,0,30,,8219,3,,,0,70,,5252,3,,,0,30,,8218,3,,,0,70,,6917,3,,,0,31,,5255,3,,,0,70,,6916,3,,,0,30,,5257,3,,,0,70,,8217,3,,,0,30,,5258,3,,,0,70,,6918,3,,,0,30,,6920,3,,,0,75,,8221,3,,,0,24,,8222,3,,,0,85,,8223,3,,,0,105,,8225,3,,,0,105,,8226,3,,,0,103,,8220,3,,,0,99,,8224,3,,,0
300,'5475',622,,9331,3,,,0,22,,9318,3,,,0,60,,9311,3,,,0,9,,9312,3,,,0,15,,9306,3,,,0,18,,9334,3,,,0,58,,9320,3,,,0,16,,9323,3,,,0,19,,9324,3,,,0,19,,9316,3,,,0,70,,9317,3,,,0,30,,9319,3,,,0,71,,9341,3,,,0,30,,9326,3,,,0,70,,9314,3,,,0,71,,9328,3,,,0,30,,9340,3,,,0,70,,9302,3,,,0,31,,9325,3,,,0,70,,9303,3,,,0,33,,9335,3,,,0,15,,9313,3,,,0,55,,9321,3,,,0,10,,9342,3,,,0,5,,9344,3,,,0,15,,9305,3,,,0,13,,9304,3,,,0,55,,9332,3,,,0,15,,9308,3,,,0,15,,9310,3,,,0,15,,9339,3,,,0,55,,9322,3,,,0,14,,9301,3,,,0,14,,9307,3,,,0,15,,9330,3,,,0,55,,9309,3,,,0,29,,9338,3,,,0,29,,9329,3,,,0,70,,9343,3,,,0,30,,9327,3,,,0,99,,9337,3,,,0,99,,9333,3,,,0,100,,9336,3,,,0,96,,9300,3,0,17 18 19,0,100,,9345,3,,,0
300,'5518',758,,9346,3,,,0,93,,9348,3,,,0,100,,9347,3,,,0,101,,9353,3,,,0,103,,9349,3,,,0,100,,9355,3,,,0,100,,9350,3,,,0,100,,9351,3,,,0,100,,9356,3,,,0,100,,9352,3,,,0,98,,9358,3,,,0,98,,9354,3,,,0,106,,9357,3,,,0,99,,9359,3,,,0,100,,9360,3,0,17 18 19,0
300,'5520',622,,9392,3,,,0,22,,9379,3,,,0,60,,9372,3,,,0,9,,9373,3,,,0,15,,9367,3,,,0,18,,9395,3,,,0,58,,9381,3,,,0,16,,9384,3,,,0,19,,9385,3,,,0,19,,9377,3,,,0,70,,9378,3,,,0,30,,9380,3,,,0,71,,9402,3,,,0,30,,9387,3,,,0,70,,9375,3,,,0,71,,9389,3,,,0,30,,9401,3,,,0,70,,9363,3,,,0,31,,9386,3,,,0,70,,9364,3,,,0,33,,9396,3,,,0,15,,9374,3,,,0,55,,9382,3,,,0,10,,9403,3,,,0,5,,9405,3,,,0,15,,9366,3,,,0,13,,9365,3,,,0,55,,9393,3,,,0,15,,9369,3,,,0,15,,9371,3,,,0,15,,9400,3,,,0,55,,9383,3,,,0,14,,9362,3,,,0,14,,9368,3,,,0,15,,9391,3,,,0,55,,9370,3,,,0,29,,9399,3,,,0,29,,9390,3,,,0,70,,9404,3,,,0,30,,9388,3,,,0,99,,9398,3,,,0,99,,9394,3,,,0,100,,9397,3,,,0,96,,9361,3,0,17 18 19,0
300,'5526',713,,9407,3,,,0,30,,9406,3,,,0,76,,9408,3,,,0,36,,9411,3,,,0,70,,9412,3,,,0,31,,9410,3,,,0,70,,9409,3,,,0,30,,9413,3,,,0,70,,9414,3,,,0,30,,9416,3,,,0,71,,9415,3,,,0,30,,9419,3,,,0,70,,9420,3,,,0,30,,9418,3,,,0,70,,9422,3,,,0,31,,9423,3,,,0,70,,9421,3,,,0,30,,9425,3,,,0,70,,9417,3,,,0,30,,9426,3,,,0,70,,9424,3,,,0,30,,9428,3,,,0,75,,9429,3,,,0,24,,9430,3,,,0,85,,9431,3,,,0,105,,9433,3,,,0,105,,9434,3,,,0,103,,9427,3,,,0,99,,9432,3,,,0
1400,'5475',815,,11000,36,0,7 8 2 9 2 10,0
1400,'5520',815,,11025,36,0,7 8 2 9 2 10,0
8100,'5475',810,,11489,46,,,0
8100,'5520',810,,11490,46,,,0
8101,'5475',1519,,11491,8,,,0
8101,'5522',1519,,11492,8,,,0
8101,'5525',1413,,11493,8,,,0
