700,'4532',642,,8357,4,,,0,70,,7391,4,,,0,31,,8348,4,,,0,70,,8333,4,,,0,31,,7355,4,,,0,71,,8335,4,,,0,29,,8334,4,,,0,71,,7363,4,,,0,31,,8340,4,,,0,54,,7383,4,,,0,16,,8341,4,,,0,15,,7384,4,,,0,22,,8343,4,,,0,73,,8339,4,,,0,28,,7372,4,,,0,70,,8338,4,,,0,32,,8344,4,,,0,68,,7367,4,,,0,30,,8351,4,,,0,53,,8345,4,,,0,14,,8352,4,,,0,16,,8346,4,,,0,14,,7389,4,,,0,55,,7364,4,,,0,16,,8354,4,,,0,14,,7376,4,,,0,15,,8353,4,,,0,64,,8342,4,,,0,29,,7377,4,,,0,70,,7358,4,,,0,36,,8336,4,,,0,73,,7360,4,,,0,36,,8349,4,,,0,74,,7380,4,,,0,105,,7361,4,,,0,96,,8337,4,,,0,101,,8347,4,,,0,98,,8350,4,,,0,26,,8355,4,,,0,69,,8356,4,,,0
700,'5475',614,,10018,4,,,0,18,,10019,4,,,0,17,,10020,4,,,0,54,,10021,4,,,0,16,,10022,4,,,0,6,,10023,4,,,0,10,,10024,4,,,0,17,,10025,4,,,0,60,,10026,4,,,0,11,,10027,4,,,0,19,,10028,4,,,0,11,,10029,4,,,0,56,,10030,4,,,0,12,,10031,4,,,0,18,,10032,4,,,0,13,,10048,4,,,0,57,,10033,4,,,0,13,,10073,4,,,0,17,,10034,4,,,0,69,,10035,4,,,0,34,,10036,4,,,0,67,,10037,4,,,0,32,,10038,4,,,0,68,,10039,4,,,0,32,,10040,4,,,0,69,,10041,4,,,0,34,,10042,4,,,0,11,,10043,4,,,0,55,,10044,4,,,0,18,,10045,4,,,0,13,,10046,4,,,0,17,,10047,4,,,0,52,,10049,4,,,0,18,,10052,4,,,0,12,,10064,4,,,0,18,,10053,4,,,0,52,,10050,4,,,0,18,,10054,4,,,0,11,,10065,4,,,0,18,,10055,4,,,0,50,,10051,4,,,0,16,,10056,4,,,0,13,,10067,4,,,0,72,,10057,4,,,0,27,,10066,4,,,0,73,,10058,4,,,0,27,,10069,4,,,0,71,,10059,4,,,0,29,,10068,4,,,0,70,,10060,4,,,0,28,,10070,4,,,0,70,,10061,4,,,0,28,,10071,4,,,0,73,,10062,4,,,0,31,,10072,4,,,0,70,,10063,4,,,0,95,,10074,4,,,0
700,'5518',727,,10075,4,,,0,27,,10076,4,,,0,100,,10077,4,,,0,97,,10078,4,,,0,73,,10080,4,,,0,30,,10079,4,,,0,67,,10082,4,,,0,33,,10088,4,,,0,67,,10083,4,,,0,29,,10081,4,,,0,72,,10084,4,,,0,28,,10095,4,,,0,72,,10086,4,,,0,29,,10090,4,,,0,71,,10085,4,,,0,29,,10087,4,,,0,71,,10089,4,,,0,27,,10093,4,,,0,72,,10091,4,,,0,27,,10096,4,,,0,71,,10092,4,,,0,29,,10098,4,,,0,101,,10094,4,,,0,99,,10100,4,,,0,104,,10097,4,,,0,95,,10099,4,,,0,101,,10101,4,,,0
700,'5520',614,,10102,4,,,0,18,,10103,4,,,0,17,,10104,4,,,0,54,,10105,4,,,0,16,,10106,4,,,0,6,,10107,4,,,0,10,,10108,4,,,0,17,,10109,4,,,0,60,,10110,4,,,0,11,,10111,4,,,0,19,,10112,4,,,0,11,,10113,4,,,0,56,,10114,4,,,0,12,,10115,4,,,0,18,,10116,4,,,0,13,,10132,4,,,0,57,,10117,4,,,0,13,,10157,4,,,0,17,,10118,4,,,0,69,,10119,4,,,0,34,,10120,4,,,0,67,,10121,4,,,0,32,,10122,4,,,0,68,,10123,4,,,0,32,,10124,4,,,0,69,,10125,4,,,0,34,,10126,4,,,0,11,,10127,4,,,0,55,,10128,4,,,0,18,,10129,4,,,0,13,,10130,4,,,0,17,,10131,4,,,0,52,,10133,4,,,0,18,,10136,4,,,0,12,,10148,4,,,0,18,,10137,4,,,0,52,,10134,4,,,0,18,,10138,4,,,0,11,,10149,4,,,0,18,,10139,4,,,0,50,,10135,4,,,0,16,,10140,4,,,0,13,,10151,4,,,0,72,,10141,4,,,0,27,,10150,4,,,0,73,,10142,4,,,0,27,,10153,4,,,0,71,,10143,4,,,0,29,,10152,4,,,0,70,,10144,4,,,0,28,,10154,4,,,0,70,,10145,4,,,0,28,,10155,4,,,0,73,,10146,4,,,0,31,,10156,4,,,0,70,,10147,4,,,0
700,'5526',642,,10197,4,,,0,70,,10195,4,,,0,31,,10183,4,,,0,70,,10158,4,,,0,31,,10159,4,,,0,71,,10161,4,,,0,29,,10160,4,,,0,71,,10167,4,,,0,31,,10172,4,,,0,54,,10187,4,,,0,16,,10173,4,,,0,15,,10188,4,,,0,22,,10175,4,,,0,73,,10170,4,,,0,28,,10176,4,,,0,70,,10169,4,,,0,32,,10177,4,,,0,68,,10171,4,,,0,30,,10189,4,,,0,53,,10178,4,,,0,14,,10190,4,,,0,16,,10179,4,,,0,14,,10193,4,,,0,55,,10168,4,,,0,16,,10192,4,,,0,14,,10180,4,,,0,15,,10191,4,,,0,64,,10174,4,,,0,29,,10181,4,,,0,70,,10162,4,,,0,36,,10163,4,,,0,73,,10164,4,,,0,36,,10185,4,,,0,74,,10184,4,,,0,105,,10165,4,,,0,96,,10166,4,,,0,101,,10182,4,,,0,98,,10186,4,,,0,26,,10194,4,,,0,69,,10196,4,,,0
7300,'5475',741,,11464,12,,,0
7300,'5520',741,,11465,12,,,0
7301,'5475',1529,,11466,26,,,0
7301,'5520',1529,,11467,26,,,0
7900,'5475',747,,11481,12,0,6,0
7900,'5520',747,,11482,12,0,6,0
7901,'5475',1511,,11483,12,0,6,0
7901,'5522',1511,,11484,12,0,6,0
7901,'5525',1511,,11485,12,0,6,0
