700,'4532',648,,8357,14,,,0,70,,7391,14,,,0,31,,8348,14,,,0,70,,8333,14,,,0,31,,7355,14,,,0,71,,8335,14,,,0,29,,8334,14,,,0,71,,7363,14,,,0,31,,8340,14,,,0,54,,7383,14,,,0,16,,8341,14,,,0,15,,7384,14,,,0,22,,8343,14,,,0,73,,8339,14,,,0,68,,7372,14,,,0,30,,8338,14,,,0,72,,8344,14,,,0,28,,7367,14,,,0,70,,8351,14,,,0,13,,8345,14,,,0,14,,8352,14,,,0,16,,8346,14,,,0,14,,7389,14,,,0,55,,7364,14,,,0,16,,8354,14,,,0,14,,7376,14,,,0,15,,8353,14,,,0,64,,8342,14,,,0,29,,7377,14,,,0,70,,7358,14,,,0,36,,8336,14,,,0,73,,7360,14,,,0,76,,8349,14,,,0,34,,7380,14,,,0,105,,7361,14,,,0,96,,8337,14,,,0,100,,8347,14,,,0,98,,8350,14,,,0,66,,8355,14,,,0,29,,8356,14,,,0
700,'5475',620,,10018,14,,,0,18,,10019,14,,,0,17,,10020,14,,,0,54,,10021,14,,,0,16,,10022,14,,,0,7,,10023,14,,,0,10,,10024,14,,,0,17,,10025,14,,,0,60,,10026,14,,,0,11,,10027,14,,,0,19,,10028,14,,,0,10,,10029,14,,,0,56,,10030,14,,,0,12,,10031,14,,,0,18,,10032,14,,,0,13,,10048,14,,,0,57,,10033,14,,,0,13,,10073,14,,,0,17,,10034,14,,,0,70,,10035,14,,,0,33,,10036,14,,,0,68,,10037,14,,,0,32,,10038,14,,,0,68,,10039,14,,,0,32,,10040,14,,,0,69,,10041,14,,,0,34,,10042,14,,,0,51,,10043,14,,,0,15,,10044,14,,,0,18,,10045,14,,,0,13,,10046,14,,,0,57,,10047,14,,,0,12,,10049,14,,,0,18,,10052,14,,,0,11,,10064,14,,,0,59,,10053,14,,,0,11,,10050,14,,,0,18,,10054,14,,,0,11,,10065,14,,,0,58,,10055,14,,,0,10,,10051,14,,,0,16,,10056,14,,,0,13,,10067,14,,,0,72,,10057,14,,,0,27,,10066,14,,,0,73,,10058,14,,,0,27,,10069,14,,,0,71,,10059,14,,,0,29,,10068,14,,,0,70,,10060,14,,,0,28,,10070,14,,,0,70,,10061,14,,,0,28,,10071,14,,,0,73,,10062,14,,,0,31,,10072,14,,,0,70,,10063,14,,,0,95,,10074,14,,,0
700,'5518',733,,10075,14,,,0,67,,10076,14,,,0,100,,10077,14,,,0,57,,10078,14,,,0,73,,10080,14,,,0,70,,10079,14,,,0,27,,10082,14,,,0,73,,10088,14,,,0,27,,10083,14,,,0,29,,10081,14,,,0,72,,10084,14,,,0,28,,10095,14,,,0,72,,10086,14,,,0,29,,10090,14,,,0,71,,10085,14,,,0,29,,10087,14,,,0,71,,10089,14,,,0,27,,10093,14,,,0,72,,10091,14,,,0,27,,10096,14,,,0,71,,10092,14,,,0,29,,10098,14,,,0,101,,10094,14,,,0,99,,10100,14,,,0,104,,10097,14,,,0,95,,10099,14,,,0,100,,10101,14,,,0
700,'5520',620,,10102,14,,,0,18,,10103,14,,,0,17,,10104,14,,,0,54,,10105,14,,,0,16,,10106,14,,,0,7,,10107,14,,,0,10,,10108,14,,,0,17,,10109,14,,,0,60,,10110,14,,,0,11,,10111,14,,,0,19,,10112,14,,,0,10,,10113,14,,,0,56,,10114,14,,,0,12,,10115,14,,,0,18,,10116,14,,,0,13,,10132,14,,,0,57,,10117,14,,,0,13,,10157,14,,,0,17,,10118,14,,,0,70,,10119,14,,,0,33,,10120,14,,,0,68,,10121,14,,,0,32,,10122,14,,,0,68,,10123,14,,,0,32,,10124,14,,,0,69,,10125,14,,,0,34,,10126,14,,,0,51,,10127,14,,,0,15,,10128,14,,,0,18,,10129,14,,,0,13,,10130,14,,,0,57,,10131,14,,,0,12,,10133,14,,,0,18,,10136,14,,,0,11,,10148,14,,,0,59,,10137,14,,,0,11,,10134,14,,,0,18,,10138,14,,,0,11,,10149,14,,,0,58,,10139,14,,,0,10,,10135,14,,,0,16,,10140,14,,,0,13,,10151,14,,,0,72,,10141,14,,,0,27,,10150,14,,,0,73,,10142,14,,,0,27,,10153,14,,,0,71,,10143,14,,,0,29,,10152,14,,,0,70,,10144,14,,,0,28,,10154,14,,,0,70,,10145,14,,,0,28,,10155,14,,,0,73,,10146,14,,,0,31,,10156,14,,,0,70,,10147,14,,,0
700,'5526',648,,10197,14,,,0,70,,10195,14,,,0,31,,10183,14,,,0,70,,10158,14,,,0,31,,10159,14,,,0,71,,10161,14,,,0,29,,10160,14,,,0,71,,10167,14,,,0,31,,10172,14,,,0,54,,10187,14,,,0,16,,10173,14,,,0,15,,10188,14,,,0,22,,10175,14,,,0,73,,10170,14,,,0,68,,10176,14,,,0,30,,10169,14,,,0,72,,10177,14,,,0,28,,10171,14,,,0,70,,10189,14,,,0,13,,10178,14,,,0,14,,10190,14,,,0,16,,10179,14,,,0,14,,10193,14,,,0,55,,10168,14,,,0,16,,10192,14,,,0,14,,10180,14,,,0,15,,10191,14,,,0,64,,10174,14,,,0,29,,10181,14,,,0,70,,10162,14,,,0,36,,10163,14,,,0,73,,10164,14,,,0,76,,10185,14,,,0,34,,10184,14,,,0,105,,10165,14,,,0,96,,10166,14,,,0,100,,10182,14,,,0,98,,10186,14,,,0,66,,10194,14,,,0,29,,10196,14,,,0
7200,'5475',747,,11462,20,,,0
7200,'5520',747,,11463,20,,,0
7300,'5475',747,,11464,22,,,0
7300,'5520',747,,11465,22,,,0
7901,'5475',1523,,11483,28,4,,0
7901,'5522',1523,,11484,28,4,,0
7901,'5525',1523,,11485,28,4,,0
