400,'4532',837,,7037,22,,,0,66,,7038,22,,,0,25,,7036,22,,,0,25,,7039,22,,,0,67,,7040,22,,,0,26,,7041,22,,,0,65,,7042,22,,,0,26,,7043,22,,,0,66,,7044,22,,,0,27,,7045,22,,,0,27,,7046,22,,,0,68,,8285,22,,,0,27,,7048,22,,,0,69,,8286,22,,,0,27,,7052,22,,,0,69,,8288,22,,,0,27,,7050,22,,,0,68,,8289,22,,,0,27,,7051,22,,,0,66,,8287,22,,,0,27,,7055,22,,,0,27,,8290,22,,,0,67,,7058,22,,,0,25,,8291,22,,,0,74,,7061,22,,,0,99,,7060,22,,,0,100,,7062,22,,,0,99,,7063,22,,,0,99,,8292,22,,,0
400,'5475',643,,9565,22,,,0,66,,9570,22,,,0,50,,9567,22,,,0,74,,9572,22,,,0,68,,9569,22,,,0,28,,9575,22,,,0,30,,9568,22,,,0,70,,9566,22,,,0,72,,9576,22,,,0,30,,9581,22,,,0,72,,9578,22,,,0,30,,9571,22,,,0,70,,9583,22,,,0,30,,9592,22,,,0,71,,9582,22,,,0,30,,9594,22,,,0,70,,9573,22,,,0,30,,9593,22,,,0,22,,9595,22,,,0,50,,9590,22,,,0,30,,9579,22,,,0,12,,9596,22,,,0,58,,9580,22,,,0,29,,9577,22,,,0,68,,9587,22,,,0,29,,9574,22,,,0,27,,9588,22,,,0,96,,9589,22,,,0,96,,9585,22,,,0,97,,9584,22,,,0,100,,9586,22,,,0,157,,9591,22,,,0,15,,9597,22,,,0,109,,9598,22,,,0
400,'5518',851,,9601,22,,,0,159,,9602,22,,,0,120,,9599,22,,,0,121,,9600,22,,,0,95,,9606,22,,,0,167,,9604,22,,,0,127,,9605,22,,,0,162,,9603,22,,,0,120,,9607,22,,,0
400,'5520',643,,9608,22,,,0,66,,9613,22,,,0,50,,9610,22,,,0,74,,9615,22,,,0,68,,9612,22,,,0,28,,9618,22,,,0,30,,9611,22,,,0,70,,9609,22,,,0,72,,9619,22,,,0,30,,9624,22,,,0,72,,9621,22,,,0,30,,9614,22,,,0,70,,9626,22,,,0,30,,9635,22,,,0,71,,9625,22,,,0,30,,9637,22,,,0,70,,9616,22,,,0,30,,9636,22,,,0,22,,9638,22,,,0,50,,9633,22,,,0,30,,9622,22,,,0,12,,9639,22,,,0,58,,9623,22,,,0,29,,9620,22,,,0,68,,9630,22,,,0,29,,9617,22,,,0,27,,9631,22,,,0,96,,9632,22,,,0,96,,9628,22,,,0,97,,9627,22,,,0,100,,9629,22,,,0,157,,9634,22,,,0
400,'5526',837,,9641,22,,,0,66,,9642,22,,,0,25,,9640,22,,,0,25,,9643,22,,,0,67,,9644,22,,,0,26,,9645,22,,,0,65,,9646,22,,,0,26,,9647,22,,,0,66,,9648,22,,,0,27,,9649,22,,,0,27,,9650,22,,,0,68,,9651,22,,,0,27,,9652,22,,,0,69,,9653,22,,,0,27,,9656,22,,,0,69,,9658,22,,,0,27,,9654,22,,,0,68,,9660,22,,,0,27,,9655,22,,,0,66,,9657,22,,,0,27,,9659,22,,,0,27,,9661,22,,,0,67,,9662,22,,,0,25,,9663,22,,,0,74,,9665,22,,,0,99,,9664,22,,,0,100,,9666,22,,,0,99,,9667,22,,,0,99,,9668,22,,,0
701,'4532',626,,8442,18,,,0,30,,7513,15,,,0,71,,8434,18,,,0,30,,8419,15,,,0,70,,7477,15,,,0,31,,8420,18,,,0,69,,8421,15,,,0,30,,7487,15,,,0,71,,8428,18,,,0,14,,7505,15,,,0,16,,8427,18,,,0,55,,7506,15,,,0,22,,8429,15,,,0,72,,8426,18,,,0,28,,7493,15,,,0,70,,8424,15,,,0,32,,8430,18,,,0,68,,7489,15,,,0,30,,8438,18,,,0,13,,8431,15,,,0,55,,8439,15,,,0,16,,8432,18,,,0,14,,7508,15,,,0,15,,7485,15,,,0,56,,8440,18,,,0,14,,7495,15,,,0,15,,8437,15,,,0,24,,8425,18,,,0,69,,7499,15,,,0,30,,7480,15,,,0,76,,8423,18,,,0,74,,7484,15,,,0,36,,8435,18,,,0,74,,7503,15,,,0,105,,7482,15,,,0,97,,8422,18,,,0,102,,8433,15,,,0,99,,8436,15,,,0,26,,8441,18,,,0,69,,8443,15,,,0
701,'5475',616,,10199,15,,,0,17,,10200,18,,,0,14,,10201,15,,,0,56,,10202,18,,,0,6,,10203,15,,,0,10,,10204,18,,,0,15,,10205,15,,,0,18,,10206,18,,,0,53,,10207,15,,,0,18,,10208,18,,,0,12,,10209,15,,,0,16,,10210,18,,,0,52,,10211,15,,,0,18,,10212,18,,,0,13,,10248,15,,,0,17,,10213,18,,,0,53,,10253,15,,,0,17,,10214,18,,,0,29,,10215,15,,,0,72,,10216,18,,,0,28,,10217,15,,,0,71,,10218,18,,,0,29,,10219,15,,,0,71,,10220,18,,,0,29,,10221,15,,,0,73,,10222,18,,,0,12,,10223,15,,,0,15,,10224,15,,,0,57,,10225,18,,,0,14,,10226,15,,,0,16,,10227,18,,,0,13,,10228,15,,,0,57,,10229,18,,,0,13,,10230,15,,,0,17,,10231,18,,,0,13,,10232,15,,,0,57,,10233,18,,,0,13,,10234,15,,,0,17,,10235,18,,,0,12,,10249,15,,,0,56,,10250,18,,,0,13,,10236,15,,,0,32,,10237,18,,,0,67,,10238,15,,,0,33,,10239,18,,,0,67,,10240,15,,,0,31,,10241,18,,,0,69,,10242,15,,,0,31,,10243,18,,,0,69,,10244,15,,,0,30,,10245,18,,,0,69,,10246,15,,,0,33,,10247,18,,,0,72,,10251,15,,,0,30,,10252,18,,,0,95,,10254,18,,,0
701,'5518',711,,10255,15,,,0,27,,10256,18,,,0,99,,10257,15,,,0,97,,10258,18,,,0,73,,10261,15,,,0,30,,10259,15,,,0,67,,10260,18,,,0,33,,10268,15,,,0,67,,10263,18,,,0,28,,10262,15,,,0,72,,10265,18,,,0,28,,10275,15,,,0,72,,10267,18,,,0,29,,10271,15,,,0,71,,10266,18,,,0,29,,10264,15,,,0,71,,10270,18,,,0,28,,10274,15,,,0,72,,10269,18,,,0,28,,10276,15,,,0,71,,10272,18,,,0,29,,10278,15,,,0,101,,10273,18,,,0,99,,10281,15,,,0,104,,10277,18,,,0,96,,10279,15,,,0,101,,10280,18,,,0
701,'5520',616,,10283,15,,,0,17,,10284,18,,,0,14,,10285,15,,,0,56,,10286,18,,,0,6,,10287,15,,,0,10,,10288,18,,,0,15,,10289,15,,,0,18,,10290,18,,,0,53,,10291,15,,,0,18,,10292,18,,,0,12,,10293,15,,,0,16,,10294,18,,,0,52,,10295,15,,,0,18,,10296,18,,,0,13,,10332,15,,,0,17,,10297,18,,,0,53,,10337,15,,,0,17,,10298,18,,,0,29,,10299,15,,,0,72,,10300,18,,,0,28,,10301,15,,,0,71,,10302,18,,,0,29,,10303,15,,,0,71,,10304,18,,,0,29,,10305,15,,,0,73,,10306,18,,,0,12,,10307,15,,,0,15,,10308,15,,,0,57,,10309,18,,,0,14,,10310,15,,,0,16,,10311,18,,,0,13,,10312,15,,,0,57,,10313,18,,,0,13,,10314,15,,,0,17,,10315,18,,,0,13,,10316,15,,,0,57,,10317,18,,,0,13,,10318,15,,,0,17,,10319,18,,,0,12,,10333,15,,,0,56,,10334,18,,,0,13,,10320,15,,,0,32,,10321,18,,,0,67,,10322,15,,,0,33,,10323,18,,,0,67,,10324,15,,,0,31,,10325,18,,,0,69,,10326,15,,,0,31,,10327,18,,,0,69,,10328,15,,,0,30,,10329,18,,,0,69,,10330,15,,,0,33,,10331,18,,,0,72,,10335,15,,,0,30,,10336,18,,,0
701,'5526',626,,10376,18,,,0,30,,10375,15,,,0,71,,10363,18,,,0,30,,10338,15,,,0,70,,10339,15,,,0,31,,10340,18,,,0,69,,10341,15,,,0,30,,10349,15,,,0,71,,10354,18,,,0,14,,10367,15,,,0,16,,10353,18,,,0,55,,10368,15,,,0,22,,10356,15,,,0,72,,10352,18,,,0,28,,10355,15,,,0,70,,10348,15,,,0,32,,10358,18,,,0,68,,10351,15,,,0,30,,10371,18,,,0,13,,10359,15,,,0,55,,10372,15,,,0,16,,10360,18,,,0,14,,10370,15,,,0,15,,10347,15,,,0,56,,10373,18,,,0,14,,10357,15,,,0,15,,10369,15,,,0,24,,10350,18,,,0,69,,10361,15,,,0,30,,10342,15,,,0,76,,10345,18,,,0,74,,10346,15,,,0,36,,10364,18,,,0,74,,10365,15,,,0,105,,10344,15,,,0,97,,10343,18,,,0,102,,10362,15,,,0,99,,10366,15,,,0,26,,10374,18,,,0,69,,10377,15,,,0
900,'4532',635,,7630,25,,,0,70,,6034,25,,,0,33,,7624,25,,,0,70,,5995,25,,,0,31,,7604,25,,,0,70,,8506,25,,,0,32,,8505,25,,,0,72,,5999,25,,,0,29,,8509,25,,,0,69,,8507,25,,,0,15,,6026,25,,,0,15,,7609,25,,,0,15,,8516,25,,,0,55,,8508,25,,,0,32,,6004,25,,,0,71,,7611,25,,,0,30,,8510,25,,,0,72,,6006,25,,,0,30,,6007,25,,,0,12,,6024,25,,,0,55,,8512,25,,,0,15,,6028,25,,,0,15,,7614,25,,,0,15,,6025,25,,,0,55,,8511,25,,,0,15,,6027,25,,,0,15,,6012,25,,,0,15,,7628,25,,,0,55,,7616,25,,,0,15,,7626,25,,,0,15,,6014,25,,,0,70,,7615,25,,,0,35,,7618,25,,,0,79,,7622,25,,,0,30,,8514,25,,,0,100,,8515,25,,,0,100,,8513,25,,,0,99,,7621,25,,,0,102,,7623,25,,,0,142,,7625,25,,,0,103,,7629,25,,,0
900,'5475',637,,10379,25,,,0,72,,10380,25,,,0,33,,10381,25,,,0,16,,10382,25,,,0,56,,10383,25,,,0,17,,10384,25,,,0,14,,10385,25,,,0,13,,10386,25,,,0,47,,10387,25,,,0,9,,10388,25,,,0,13,,10389,25,,,0,15,,10390,25,,,0,15,,10391,25,,,0,55,,10392,25,,,0,15,,10393,25,,,0,15,,10394,25,,,0,15,,10395,25,,,0,55,,10396,25,,,0,16,,10397,25,,,0,16,,10398,25,,,0,15,,10399,25,,,0,55,,10400,25,,,0,15,,10401,25,,,0,16,,10402,25,,,0,14,,10403,25,,,0,55,,10404,25,,,0,16,,10405,25,,,0,15,,10406,25,,,0,55,,10407,25,,,0,15,,10408,25,,,0,15,,10409,25,,,0,14,,10410,25,,,0,58,,10411,25,,,0,14,,10412,25,,,0,15,,10413,25,,,0,17,,10414,25,,,0,7,,10415,25,,,0,48,,10416,25,,,0,16,,10417,25,,,0,14,,10418,25,,,0,15,,10419,25,,,0,57,,10420,25,,,0,15,,10421,25,,,0,14,,10422,25,,,0,7,,10423,25,,,0,6,,10424,25,,,0,53,,10425,25,,,0,15,,10426,25,,,0,13,,10427,25,,,0,12,,10428,25,,,0,15,,10429,25,,,0,55,,10430,25,,,0,15,,10431,25,,,0,14,,10432,25,,,0,15,,10433,25,,,0,56,,10434,25,,,0,14,,10435,25,,,0,15,,10436,25,,,0,20,,10437,25,,,0,60,,10438,25,,,0,34,,10439,25,,,0,70,,10440,25,,,0,25,,10441,25,,,0,73,,10442,25,,,0,25,,10443,25,,,0,71,,10444,25,,,0,26,,10445,25,,,0,70,,10378,25,,,0
900,'5518',736,,10446,25,,,0,70,,10448,25,,,0,31,,10447,25,,,0,70,,10449,25,,,0,30,,10451,25,,,0,71,,10450,25,,,0,30,,10452,25,,,0,70,,10454,25,,,0,30,,10455,25,,,0,71,,10453,25,,,0,30,,10456,25,,,0,71,,10457,25,,,0,30,,10460,25,,,0,71,,10459,25,,,0,30,,10461,25,,,0,70,,10458,25,,,0,31,,10472,25,,,0,70,,10462,25,,,0,30,,10464,25,,,0,69,,10463,25,,,0,30,,10465,25,,,0,70,,10466,25,,,0,30,,10477,25,,,0,70,,10471,25,,,0,29,,10467,25,,,0,68,,10468,25,,,0,30,,10469,25,,,0,70,,10470,25,,,0,30,,10476,25,,,0,70,,10473,25,,,0,29,,10474,25,,,0,68,,10475,25,,,0,30,,10478,25,,,0,70,,10479,25,,,0
900,'5520',637,,10481,25,,,0,72,,10482,25,,,0,33,,10483,25,,,0,16,,10484,25,,,0,56,,10485,25,,,0,17,,10486,25,,,0,14,,10487,25,,,0,13,,10488,25,,,0,47,,10489,25,,,0,9,,10490,25,,,0,13,,10491,25,,,0,15,,10492,25,,,0,15,,10493,25,,,0,55,,10494,25,,,0,15,,10495,25,,,0,15,,10496,25,,,0,15,,10497,25,,,0,55,,10498,25,,,0,16,,10499,25,,,0,16,,10500,25,,,0,15,,10501,25,,,0,55,,10502,25,,,0,15,,10503,25,,,0,16,,10504,25,,,0,14,,10505,25,,,0,55,,10506,25,,,0,16,,10507,25,,,0,15,,10508,25,,,0,55,,10509,25,,,0,15,,10510,25,,,0,15,,10511,25,,,0,14,,10512,25,,,0,58,,10513,25,,,0,14,,10514,25,,,0,15,,10515,25,,,0,17,,10516,25,,,0,7,,10517,25,,,0,48,,10518,25,,,0,16,,10519,25,,,0,14,,10520,25,,,0,15,,10521,25,,,0,57,,10522,25,,,0,15,,10523,25,,,0,14,,10524,25,,,0,7,,10525,25,,,0,6,,10526,25,,,0,53,,10527,25,,,0,15,,10528,25,,,0,13,,10529,25,,,0,12,,10530,25,,,0,15,,10531,25,,,0,55,,10532,25,,,0,15,,10533,25,,,0,14,,10534,25,,,0,15,,10535,25,,,0,56,,10536,25,,,0,14,,10537,25,,,0,15,,10538,25,,,0,20,,10539,25,,,0,60,,10540,25,,,0,34,,10541,25,,,0,70,,10542,25,,,0,25,,10543,25,,,0,73,,10544,25,,,0,25,,10545,25,,,0,71,,10546,25,,,0,26,,10547,25,,,0,70,,10480,25,,,0
900,'5526',635,,10587,25,,,0,70,,10588,25,,,0,33,,10576,25,,,0,70,,10549,25,,,0,31,,10550,25,,,0,70,,10551,25,,,0,32,,10548,25,,,0,72,,10553,25,,,0,29,,10555,25,,,0,69,,10552,25,,,0,15,,10580,25,,,0,15,,10556,25,,,0,15,,10584,25,,,0,55,,10554,25,,,0,32,,10558,25,,,0,71,,10559,25,,,0,30,,10557,25,,,0,72,,10560,25,,,0,30,,10561,25,,,0,12,,10578,25,,,0,55,,10563,25,,,0,15,,10582,25,,,0,15,,10564,25,,,0,15,,10579,25,,,0,55,,10562,25,,,0,15,,10581,25,,,0,15,,10566,25,,,0,15,,10585,25,,,0,55,,10567,25,,,0,15,,10583,25,,,0,15,,10568,25,,,0,70,,10565,25,,,0,35,,10570,25,,,0,79,,10574,25,,,0,30,,10571,25,,,0,100,,10572,25,,,0,100,,10569,25,,,0,99,,10573,25,,,0,102,,10575,25,,,0,142,,10577,25,,,0,103,,10586,25,,,0
901,'4532',607,,7750,10,,,0,30,,6173,10,,,0,71,,7743,10,,,0,30,,6156,10,,,0,70,,7724,10,,,0,30,,8579,10,,,0,71,,8577,10,,,0,30,,6135,10,,,0,70,,8578,10,,,0,30,,8580,10,,,0,15,,6166,10,,,0,55,,7729,10,,,0,15,,8588,10,,,0,15,,8582,10,,,0,71,,6143,10,,,0,30,,7732,10,,,0,70,,8581,10,,,0,30,,6145,10,,,0,70,,6146,10,,,0,14,,6171,10,,,0,15,,8583,10,,,0,15,,6168,10,,,0,55,,7735,10,,,0,15,,6170,10,,,0,15,,8584,10,,,0,15,,6165,10,,,0,55,,6153,10,,,0,15,,7748,10,,,0,15,,7734,10,,,0,15,,7749,10,,,0,55,,6147,10,,,0,30,,7736,10,,,0,75,,7738,10,,,0,40,,7745,10,,,0,70,,8585,10,,,0,100,,8586,10,,,0,100,,8587,10,,,0,100,,7739,10,,,0,105,,7744,10,,,0,104,,7746,10,,,0,104,,7751,10,,,0
901,'5475',608,,10589,10,,,0,30,,10590,10,,,0,71,,10591,10,,,0,15,,10592,10,,,0,15,,10593,10,,,0,16,,10594,10,,,0,55,,10595,10,,,0,15,,10596,10,,,0,7,,10597,10,,,0,9,,10598,10,,,0,13,,10599,10,,,0,55,,10600,10,,,0,15,,10601,10,,,0,15,,10602,10,,,0,15,,10603,10,,,0,55,,10604,10,,,0,15,,10605,10,,,0,15,,10606,10,,,0,15,,10607,10,,,0,56,,10608,10,,,0,15,,10609,10,,,0,15,,10610,10,,,0,15,,10611,10,,,0,55,,10612,10,,,0,15,,10613,10,,,0,14,,10614,10,,,0,16,,10615,10,,,0,55,,10616,10,,,0,15,,10617,10,,,0,15,,10618,10,,,0,15,,10619,10,,,0,54,,10620,10,,,0,16,,10621,10,,,0,14,,10622,10,,,0,15,,10623,10,,,0,56,,10624,10,,,0,7,,10625,10,,,0,8,,10626,10,,,0,16,,10627,10,,,0,14,,10628,10,,,0,55,,10629,10,,,0,16,,10630,10,,,0,15,,10631,10,,,0,15,,10632,10,,,0,48,,10633,10,,,0,7,,10634,10,,,0,14,,10635,10,,,0,15,,10636,10,,,0,15,,10637,10,,,0,54,,10638,10,,,0,15,,10639,10,,,0,15,,10640,10,,,0,15,,10641,10,,,0,54,,10642,10,,,0,15,,10643,10,,,0,16,,10644,10,,,0,14,,10645,10,,,0,55,,10646,10,,,0,20,,10647,10,,,0,20,,10648,10,,,0,74,,10649,10,,,0,30,,10650,10,,,0,67,,10651,10,,,0,33,,10652,10,,,0,67,,10653,10,,,0,33,,10654,10,,,0,67,,10655,10,,,0,30,,10656,10,,,0
901,'5518',708,,10657,10,,,0,30,,10660,10,,,0,70,,10658,10,,,0,30,,10659,10,,,0,70,,10664,10,,,0,30,,10661,10,,,0,70,,10663,10,,,0,30,,10662,10,,,0,70,,10667,10,,,0,30,,10665,10,,,0,70,,10666,10,,,0,30,,10671,10,,,0,70,,10669,10,,,0,30,,10672,10,,,0,70,,10668,10,,,0,30,,10670,10,,,0,71,,10684,10,,,0,30,,10674,10,,,0,70,,10675,10,,,0,29,,10673,10,,,0,70,,10676,10,,,0,30,,10677,10,,,0,70,,10689,10,,,0,30,,10681,10,,,0,70,,10678,10,,,0,30,,10680,10,,,0,70,,10679,10,,,0,30,,10682,10,,,0,70,,10688,10,,,0,30,,10683,10,,,0,70,,10685,10,,,0,29,,10686,10,,,0,70,,10687,10,,,0,30,,10690,10,,,0
901,'5520',608,,10691,10,,,0,30,,10692,10,,,0,71,,10693,10,,,0,15,,10694,10,,,0,15,,10695,10,,,0,16,,10696,10,,,0,55,,10697,10,,,0,15,,10698,10,,,0,7,,10699,10,,,0,9,,10700,10,,,0,13,,10701,10,,,0,55,,10702,10,,,0,15,,10703,10,,,0,15,,10704,10,,,0,15,,10705,10,,,0,55,,10706,10,,,0,15,,10707,10,,,0,15,,10708,10,,,0,15,,10709,10,,,0,56,,10710,10,,,0,15,,10711,10,,,0,15,,10712,10,,,0,15,,10713,10,,,0,55,,10714,10,,,0,15,,10715,10,,,0,14,,10716,10,,,0,16,,10717,10,,,0,55,,10718,10,,,0,15,,10719,10,,,0,15,,10720,10,,,0,15,,10721,10,,,0,54,,10722,10,,,0,16,,10723,10,,,0,14,,10724,10,,,0,15,,10725,10,,,0,56,,10726,10,,,0,7,,10727,10,,,0,8,,10728,10,,,0,16,,10729,10,,,0,14,,10730,10,,,0,55,,10731,10,,,0,16,,10732,10,,,0,15,,10733,10,,,0,15,,10734,10,,,0,48,,10735,10,,,0,7,,10736,10,,,0,14,,10737,10,,,0,15,,10738,10,,,0,15,,10739,10,,,0,54,,10740,10,,,0,15,,10741,10,,,0,15,,10742,10,,,0,15,,10743,10,,,0,54,,10744,10,,,0,15,,10745,10,,,0,16,,10746,10,,,0,14,,10747,10,,,0,55,,10748,10,,,0,20,,10749,10,,,0,20,,10750,10,,,0,74,,10751,10,,,0,30,,10752,10,,,0,67,,10753,10,,,0,33,,10754,10,,,0,67,,10755,10,,,0,33,,10756,10,,,0,67,,10757,10,,,0,30,,10758,10,,,0
901,'5526',607,,10797,10,,,0,30,,10798,10,,,0,71,,10785,10,,,0,30,,10781,10,,,0,70,,10759,10,,,0,30,,10763,10,,,0,71,,10761,10,,,0,30,,10760,10,,,0,70,,10762,10,,,0,30,,10764,10,,,0,15,,10791,10,,,0,55,,10765,10,,,0,15,,10789,10,,,0,15,,10767,10,,,0,71,,10768,10,,,0,30,,10769,10,,,0,70,,10766,10,,,0,30,,10770,10,,,0,70,,10771,10,,,0,14,,10796,10,,,0,15,,10773,10,,,0,15,,10793,10,,,0,55,,10775,10,,,0,15,,10795,10,,,0,15,,10777,10,,,0,15,,10790,10,,,0,55,,10778,10,,,0,15,,10792,10,,,0,15,,10774,10,,,0,15,,10794,10,,,0,55,,10772,10,,,0,30,,10776,10,,,0,75,,10779,10,,,0,40,,10787,10,,,0,70,,10782,10,,,0,100,,10783,10,,,0,100,,10784,10,,,0,100,,10780,10,,,0,105,,10786,10,,,0,104,,10788,10,,,0,104,,10799,10,,,0
1600,'5475',710,,11105,33,,,0
1600,'5520',710,,11134,33,,,0
