1601,'4532',820,,8692,7,,,0,114,,7876,7,,,0,95,,7878,7,,,0,110,,8693,7,,,0,95,,8694,7,,,0,100,,7879,7,,,0,100,,7882,7,,,0,100,,6404,7,,,0,105,,6402,7,,,0,95,,8695,7,,,0,100,,8696,7,,,0,100,,8697,7,,,0
1601,'5475',735,,11161,7,,,0,100,,11157,7,,,0,100,,11158,7,,,0,100,,11156,7,,,0,100,,11165,7,,,0,100,,11159,7,,,0,100,,11160,7,,,0,100,,11163,7,,,0,111,,11164,7,,,0,101,,11167,7,,,0,98,,11169,7,,,0,100,,11168,7,,,0,100,,11166,7,,,0,399,,11171,7,,,0,101,,11172,7,,,0
1601,'5518',839,,11173,7,,,0,100,,11176,7,,,0,100,,11174,7,,,0,100,,11175,7,,,0,100,,11177,7,,,0,100,,11179,7,,,0,100,,11184,7,,,0,100,,11181,7,,,0,105,,11178,7,,,0,100,,11180,7,,,0,100,,11182,7,,,0,100,,11183,7,,,0
1601,'5520',735,,11190,7,,,0,100,,11186,7,,,0,100,,11187,7,,,0,100,,11185,7,,,0,100,,11194,7,,,0,100,,11188,7,,,0,100,,11189,7,,,0,100,,11192,7,,,0,111,,11193,7,,,0,101,,11196,7,,,0,98,,11198,7,,,0,100,,11197,7,,,0,100,,11195,7,,,0
1601,'5526',820,,11201,7,,,0,114,,11200,7,,,0,95,,11202,7,,,0,110,,11204,7,,,0,95,,11205,7,,,0,100,,11203,7,,,0,100,,11207,7,,,0,100,,11208,7,,,0,105,,11206,7,,,0,95,,11209,7,,,0,100,,11210,7,,,0,100,,11211,7,,,0
1701,'4532',714,,7959,7,0,11 12,0,100,,8730,7,0,11 12,0,90,,7955,7,0,11 12,0,130,,7957,7,0,11 12,0,170,,7960,7,0,15 1 16,0,100,,7961,7,0,15 1 16,0,130,,7958,7,0,15 1 16,0,170,,7962,7,0,15 1 16,0,105,,8731,7,0,15 1 16,0,100,,8733,7,0,13 14,0,105,,8734,7,0,13 14,0,105,,8735,7,0,13 14,0,110,,8732,7,0,13 14,0,120,,7968,7,0,13 14,0
1701,'5475',720,,11282,7,0,11 12,0,85,,11287,7,0,11 12,0,100,,11275,7,0,11 12,0,100,,11278,7,0,11 12,0,100,,11274,7,0,11 12,0,100,,11276,7,0,15 1 16,0,100,,11279,7,0,15 1 16,0,110,,11281,7,0,15 1 16,0,91,,11284,7,0,15 1 16,0,110,,11289,7,0,15 1 16,0,100,,11285,7,0,15 1 16,0,104,,11288,7,0,15 1 16,0,119,,11286,7,0,13 14,0,100,,11280,7,0,13 14,0,115,,11277,7,0,13 14,0,155,,11290,7,0,13 14,0,37,,11291,7,0,13 14,0,108,,11292,7,0,13 14,0
1701,'5518',814,,11293,7,0,11 12,0,100,,11294,7,0,11 12,0,115,,11295,7,0,11 12,0,95,,11296,7,0,13 14,0,200,,11298,7,0,11 12,0,210,,11297,7,0,13 14,0,100,,11300,7,0,11 12,0,100,,11299,7,0,15 1 16,0,100,,11301,7,0,13 14,0,170,,11302,7,0,13 14,0
1701,'5520',720,,11311,7,0,11 12,0,85,,11316,7,0,11 12,0,100,,11304,7,0,11 12,0,100,,11307,7,0,11 12,0,100,,11303,7,0,11 12,0,100,,11305,7,0,15 1 16,0,100,,11308,7,0,15 1 16,0,110,,11310,7,0,15 1 16,0,91,,11313,7,0,15 1 16,0,110,,11318,7,0,15 1 16,0,100,,11314,7,0,15 1 16,0,104,,11317,7,0,15 1 16,0,119,,11315,7,0,13 14,0,100,,11309,7,0,13 14,0,115,,11306,7,0,13 14,0,155,,11319,7,0,13 14,0
1701,'5526',714,,11324,7,0,11 12,0,100,,11321,7,0,11 12,0,90,,11320,7,0,11 12,0,130,,11322,7,0,11 12,0,170,,11325,7,0,15 1 16,0,100,,11326,7,0,15 1 16,0,130,,11323,7,0,15 1 16,0,170,,11327,7,0,15 1 16,0,105,,11328,7,0,15 1 16,0,100,,11330,7,0,13 14,0,105,,11331,7,0,13 14,0,105,,11332,7,0,13 14,0,110,,11329,7,0,13 14,0,120,,11333,7,0,13 14,0
1800,'4532',739,,7996,6,,,0,101,,7997,6,,,0,101,,7998,6,,,0,101,,7999,6,,,0,101,,8000,6,,,0,103,,8001,6,,,0,91,,8002,6,,,0,101,,8003,6,,,0,106,,8004,6,,,0,105,,8005,6,,,0,100,,8006,6,,,0,101,,8007,6,,,0,101,,8008,6,,,0,101,,8009,6,,,0,101,,8010,6,,,0
1800,'5475',537,,11334,6,,,0,101,,11335,6,,,0,101,,11336,6,,,0,102,,11337,6,,,0,100,,11338,6,,,0,101,,11339,6,,,0,101,,11340,6,,,0,103,,11341,6,,,0,90,,11342,6,,,0,102,,11343,6,,,0,106,,11344,6,,,0,105,,11345,6,,,0,101,,11346,6,,,0,100,,11347,6,,,0,101,,11348,6,,,0,101,,11349,6,,,0,101,,11350,6,,,0
1800,'5518',739,,11354,6,,,0,101,,11352,6,,,0,101,,11351,6,,,0,101,,11353,6,,,0,101,,11357,6,,,0,103,,11358,6,,,0,91,,11356,6,,,0,101,,11362,6,,,0,105,,11363,6,,,0,105,,11355,6,,,0,101,,11360,6,,,0,101,,11359,6,,,0,101,,11361,6,,,0
1800,'5520',537,,11364,6,,,0,101,,11365,6,,,0,101,,11366,6,,,0,102,,11367,6,,,0,100,,11368,6,,,0,101,,11369,6,,,0,101,,11370,6,,,0,103,,11371,6,,,0,90,,11372,6,,,0,102,,11373,6,,,0,106,,11374,6,,,0,105,,11375,6,,,0,101,,11376,6,,,0,100,,11377,6,,,0,101,,11378,6,,,0,101,,11379,6,,,0,101,,11380,6,,,0
1800,'5526',739,,11381,6,,,0,101,,11382,6,,,0,101,,11383,6,,,0,101,,11384,6,,,0,101,,11385,6,,,0,103,,11386,6,,,0,91,,11387,6,,,0,101,,11388,6,,,0,106,,11389,6,,,0,105,,11390,6,,,0,100,,11391,6,,,0,101,,11392,6,,,0,101,,11393,6,,,0,101,,11394,6,,,0,101,,11395,6,,,0
