701,'4532',639,,8442,34,,,0,70,,7513,31,,,0,31,,8434,34,,,0,70,,8419,31,,,0,31,,7477,31,,,0,71,,8420,34,,,0,29,,8421,31,,,0,71,,7487,31,,,0,31,,8428,34,,,0,14,,7505,31,,,0,56,,8427,34,,,0,15,,7506,31,,,0,22,,8429,31,,,0,73,,8426,34,,,0,28,,7493,31,,,0,70,,8424,31,,,0,32,,8430,34,,,0,68,,7489,31,,,0,30,,8438,34,,,0,53,,8431,31,,,0,14,,8439,31,,,0,16,,8432,34,,,0,14,,7508,31,,,0,55,,7485,31,,,0,16,,8440,34,,,0,14,,7495,31,,,0,15,,8437,31,,,0,64,,8425,34,,,0,29,,7499,31,,,0,70,,7480,31,,,0,36,,8423,34,,,0,73,,7484,31,,,0,36,,8435,34,,,0,74,,7503,31,,,0,105,,7482,31,,,0,96,,8422,34,,,0,101,,8433,31,,,0,98,,8436,31,,,0,26,,8441,34,,,0,69,,8443,31,,,0
701,'5475',611,,10198,14,,,0,18,,10199,31,,,0,17,,10200,34,,,0,54,,10201,31,,,0,16,,10202,34,,,0,6,,10203,31,,,0,10,,10204,34,,,0,17,,10205,31,,,0,59,,10206,34,,,0,12,,10207,31,,,0,19,,10208,34,,,0,11,,10209,31,,,0,56,,10210,34,,,0,12,,10211,31,,,0,18,,10212,34,,,0,13,,10248,31,,,0,57,,10213,34,,,0,13,,10253,31,,,0,17,,10214,34,,,0,69,,10215,31,,,0,34,,10216,34,,,0,67,,10217,31,,,0,32,,10218,34,,,0,68,,10219,31,,,0,32,,10220,34,,,0,68,,10221,31,,,0,34,,10222,34,,,0,11,,10223,31,,,0,55,,10224,31,,,0,18,,10225,34,,,0,13,,10226,31,,,0,17,,10227,34,,,0,52,,10228,31,,,0,18,,10229,34,,,0,12,,10230,31,,,0,18,,10231,34,,,0,52,,10232,31,,,0,18,,10233,34,,,0,11,,10234,31,,,0,18,,10235,34,,,0,51,,10249,31,,,0,16,,10250,34,,,0,13,,10236,31,,,0,72,,10237,34,,,0,27,,10238,31,,,0,73,,10239,34,,,0,27,,10240,31,,,0,71,,10241,34,,,0,29,,10242,31,,,0,70,,10243,34,,,0,28,,10244,31,,,0,70,,10245,34,,,0,28,,10246,31,,,0,73,,10247,34,,,0,31,,10251,31,,,0,70,,10252,34,,,0,56,,10254,34,,,0
701,'5518',724,,10255,31,,,0,27,,10256,34,,,0,100,,10257,31,,,0,97,,10258,34,,,0,73,,10261,31,,,0,30,,10259,31,,,0,67,,10260,34,,,0,33,,10268,31,,,0,67,,10263,34,,,0,29,,10262,31,,,0,72,,10265,34,,,0,28,,10275,31,,,0,72,,10267,34,,,0,29,,10271,31,,,0,71,,10266,34,,,0,29,,10264,31,,,0,71,,10270,34,,,0,27,,10274,31,,,0,72,,10269,34,,,0,27,,10276,31,,,0,71,,10272,34,,,0,29,,10278,31,,,0,101,,10273,34,,,0,99,,10281,31,,,0,104,,10277,34,,,0,95,,10279,31,,,0,101,,10280,34,,,0
701,'5520',611,,10282,14,,,0,18,,10283,31,,,0,17,,10284,34,,,0,54,,10285,31,,,0,16,,10286,34,,,0,6,,10287,31,,,0,10,,10288,34,,,0,17,,10289,31,,,0,59,,10290,34,,,0,12,,10291,31,,,0,19,,10292,34,,,0,11,,10293,31,,,0,56,,10294,34,,,0,12,,10295,31,,,0,18,,10296,34,,,0,13,,10332,31,,,0,57,,10297,34,,,0,13,,10337,31,,,0,17,,10298,34,,,0,69,,10299,31,,,0,34,,10300,34,,,0,67,,10301,31,,,0,32,,10302,34,,,0,68,,10303,31,,,0,32,,10304,34,,,0,68,,10305,31,,,0,34,,10306,34,,,0,11,,10307,31,,,0,55,,10308,31,,,0,18,,10309,34,,,0,13,,10310,31,,,0,17,,10311,34,,,0,52,,10312,31,,,0,18,,10313,34,,,0,12,,10314,31,,,0,18,,10315,34,,,0,52,,10316,31,,,0,18,,10317,34,,,0,11,,10318,31,,,0,18,,10319,34,,,0,51,,10333,31,,,0,16,,10334,34,,,0,13,,10320,31,,,0,72,,10321,34,,,0,27,,10322,31,,,0,73,,10323,34,,,0,27,,10324,31,,,0,71,,10325,34,,,0,29,,10326,31,,,0,70,,10327,34,,,0,28,,10328,31,,,0,70,,10329,34,,,0,28,,10330,31,,,0,73,,10331,34,,,0,31,,10335,31,,,0,70,,10336,34,,,0
701,'5526',639,,10376,34,,,0,70,,10375,31,,,0,31,,10363,34,,,0,70,,10338,31,,,0,31,,10339,31,,,0,71,,10340,34,,,0,29,,10341,31,,,0,71,,10349,31,,,0,31,,10354,34,,,0,14,,10367,31,,,0,56,,10353,34,,,0,15,,10368,31,,,0,22,,10356,31,,,0,73,,10352,34,,,0,28,,10355,31,,,0,70,,10348,31,,,0,32,,10358,34,,,0,68,,10351,31,,,0,30,,10371,34,,,0,53,,10359,31,,,0,14,,10372,31,,,0,16,,10360,34,,,0,14,,10370,31,,,0,55,,10347,31,,,0,16,,10373,34,,,0,14,,10357,31,,,0,15,,10369,31,,,0,64,,10350,34,,,0,29,,10361,31,,,0,70,,10342,31,,,0,36,,10345,34,,,0,73,,10346,31,,,0,36,,10364,34,,,0,74,,10365,31,,,0,105,,10344,31,,,0,96,,10343,34,,,0,101,,10362,31,,,0,98,,10366,31,,,0,26,,10374,34,,,0,69,,10377,31,,,0
7300,'5475',739,,11464,7,,,0
7300,'5520',739,,11465,7,,,0
7301,'5475',1526,,11466,21,,,0
7301,'5520',1526,,11467,21,,,0
7900,'5475',744,,11481,7,0,6,0
7900,'5520',744,,11482,7,0,6,0
7901,'5475',1507,,11483,7,0,6,0
7901,'5522',1507,,11484,7,0,6,0
7901,'5525',1507,,11485,7,0,6,0
