700,'4532',736,,7391,36,,,0,101,,8333,36,,,0,71,,7355,36,,,0,100,,8334,36,,,0,31,,7363,36,,,0,85,,7383,36,,,0,31,,7384,36,,,0,63,,8343,36,,,0,103,,7372,36,,,0,30,,8338,36,,,0,100,,7367,36,,,0,83,,8345,36,,,0,14,,8352,36,,,0,70,,7389,36,,,0,15,,7364,36,,,0,70,,7376,36,,,0,15,,8353,36,,,0,93,,7377,36,,,0,30,,7358,36,,,0,108,,7360,36,,,0,110,,7380,36,,,0,145,,7361,36,,,0,153,,8347,36,,,0,96,,8350,36,,,0,95,,8356,36,,,0
700,'5475',657,,10019,36,,,0,71,,10021,36,,,0,24,,10023,36,,,0,71,,10025,36,,,0,27,,10027,36,,,0,69,,10029,36,,,0,28,,10031,36,,,0,71,,10048,36,,,0,30,,10073,36,,,0,90,,10035,36,,,0,101,,10037,36,,,0,100,,10039,36,,,0,103,,10041,36,,,0,84,,10043,36,,,0,15,,10044,36,,,0,71,,10046,36,,,0,29,,10049,36,,,0,69,,10064,36,,,0,31,,10050,36,,,0,65,,10065,36,,,0,28,,10051,36,,,0,69,,10067,36,,,0,99,,10066,36,,,0,99,,10069,36,,,0,99,,10068,36,,,0,56,,10070,36,,,0,96,,10071,36,,,0,104,,10072,36,,,0
700,'5518',752,,10075,36,,,0,167,,10077,36,,,0,130,,10080,36,,,0,70,,10079,36,,,0,100,,10088,36,,,0,97,,10081,36,,,0,101,,10095,36,,,0,102,,10090,36,,,0,100,,10087,36,,,0,99,,10093,36,,,0,97,,10096,36,,,0,99,,10098,36,,,0,200,,10100,36,,,0,197,,10099,36,,,0
700,'5520',657,,10103,36,,,0,71,,10105,36,,,0,24,,10107,36,,,0,71,,10109,36,,,0,27,,10111,36,,,0,69,,10113,36,,,0,28,,10115,36,,,0,71,,10132,36,,,0,30,,10157,36,,,0,90,,10119,36,,,0,101,,10121,36,,,0,100,,10123,36,,,0,103,,10125,36,,,0,84,,10127,36,,,0,15,,10128,36,,,0,71,,10130,36,,,0,29,,10133,36,,,0,69,,10148,36,,,0,31,,10134,36,,,0,65,,10149,36,,,0,28,,10135,36,,,0,69,,10151,36,,,0,99,,10150,36,,,0,99,,10153,36,,,0,99,,10152,36,,,0,56,,10154,36,,,0,96,,10155,36,,,0,104,,10156,36,,,0
700,'5526',736,,10195,36,,,0,101,,10158,36,,,0,71,,10159,36,,,0,100,,10160,36,,,0,31,,10167,36,,,0,85,,10187,36,,,0,31,,10188,36,,,0,63,,10175,36,,,0,103,,10176,36,,,0,30,,10169,36,,,0,100,,10171,36,,,0,83,,10178,36,,,0,14,,10190,36,,,0,70,,10193,36,,,0,15,,10168,36,,,0,70,,10180,36,,,0,15,,10191,36,,,0,93,,10181,36,,,0,30,,10162,36,,,0,108,,10164,36,,,0,110,,10184,36,,,0,145,,10165,36,,,0,153,,10182,36,,,0,96,,10186,36,,,0,95,,10196,36,,,0
1600,'4532',854,,8670,27,0,5,0,157,,7847,27,0,5,0,95,,7846,27,0,5,0,111,,8671,27,0,5,0,95,,8672,27,0,5,0,101,,7845,27,0,5,0,100,,7851,27,0,5,0,100,,6360,27,0,5,0,105,,6364,27,0,5,0,95,,8673,27,0,5,0,97,,8674,27,0,5,0,100,,8675,27,0,5,0
1600,'5475',746,,11114,27,0,5,0,71,,11106,27,0,5,0,97,,11101,27,0,5,0,100,,11102,27,0,5,0,100,,11103,27,0,5,0,100,,11109,27,0,5,0,100,,11104,27,0,5,0,103,,11100,27,0,5,0,105,,11107,27,0,5,0,108,,11108,27,0,5,0,100,,11111,27,0,5,0,94,,11113,27,0,5,0,98,,11112,27,0,5,0,99,,11110,27,0,5,0,400,,11115,27,0,5,0,102,,11116,27,0,5,0
1600,'5518',914,,11117,27,0,5,0,100,,11120,27,0,5,0,100,,11118,27,0,5,0,101,,11119,27,0,5,0,102,,11121,27,0,5,0,100,,11124,27,0,5,0,99,,11127,27,0,5,0,100,,11125,27,0,5,0,105,,11122,27,0,5,0,99,,11123,27,0,5,0,97,,11126,27,0,5,0,100,,11128,27,0,5,0
1600,'5520',746,,11143,27,0,5,0,71,,11135,27,0,5,0,97,,11130,27,0,5,0,100,,11131,27,0,5,0,100,,11132,27,0,5,0,100,,11138,27,0,5,0,100,,11133,27,0,5,0,103,,11129,27,0,5,0,105,,11136,27,0,5,0,108,,11137,27,0,5,0,100,,11140,27,0,5,0,94,,11142,27,0,5,0,98,,11141,27,0,5,0,99,,11139,27,0,5,0
1600,'5526',854,,11148,27,0,5,0,157,,11146,27,0,5,0,95,,11145,27,0,5,0,111,,11149,27,0,5,0,95,,11150,27,0,5,0,101,,11144,27,0,5,0,100,,11152,27,0,5,0,100,,11147,27,0,5,0,105,,11151,27,0,5,0,95,,11153,27,0,5,0,97,,11154,27,0,5,0,100,,11155,27,0,5,0
