1601,'4532',820,,8692,6,,,0,114,,7876,6,,,0,95,,7878,6,,,0,110,,8693,6,,,0,95,,8694,6,,,0,100,,7879,6,,,0,100,,7882,6,,,0,100,,6404,6,,,0,105,,6402,6,,,0,95,,8695,6,,,0,100,,8696,6,,,0,100,,8697,6,,,0
1601,'5475',734,,11161,6,,,0,100,,11157,6,,,0,100,,11158,6,,,0,100,,11156,6,,,0,100,,11165,6,,,0,100,,11159,6,,,0,100,,11160,6,,,0,100,,11163,6,,,0,111,,11164,6,,,0,101,,11167,6,,,0,98,,11169,6,,,0,100,,11168,6,,,0,100,,11166,6,,,0,400,,11171,6,,,0,100,,11172,6,,,0
1601,'5518',839,,11173,6,,,0,100,,11176,6,,,0,100,,11174,6,,,0,100,,11175,6,,,0,100,,11177,6,,,0,100,,11179,6,,,0,100,,11184,6,,,0,100,,11181,6,,,0,105,,11178,6,,,0,100,,11180,6,,,0,100,,11182,6,,,0,100,,11183,6,,,0
1601,'5520',734,,11190,6,,,0,100,,11186,6,,,0,100,,11187,6,,,0,100,,11185,6,,,0,100,,11194,6,,,0,100,,11188,6,,,0,100,,11189,6,,,0,100,,11192,6,,,0,111,,11193,6,,,0,101,,11196,6,,,0,98,,11198,6,,,0,100,,11197,6,,,0,100,,11195,6,,,0
1601,'5526',820,,11201,6,,,0,114,,11200,6,,,0,95,,11202,6,,,0,110,,11204,6,,,0,95,,11205,6,,,0,100,,11203,6,,,0,100,,11207,6,,,0,100,,11208,6,,,0,105,,11206,6,,,0,95,,11209,6,,,0,100,,11210,6,,,0,100,,11211,6,,,0
1701,'4532',714,,7959,6,0,11 12,0,100,,8730,6,0,11 12,0,90,,7955,6,0,11 12,0,130,,7957,6,0,11 12,0,170,,7960,6,0,15 1 16,0,100,,7961,6,0,15 1 16,0,130,,7958,6,0,15 1 16,0,170,,7962,6,0,15 1 16,0,105,,8731,6,0,15 1 16,0,100,,8733,6,0,13 14,0,105,,8734,6,0,13 14,0,105,,8735,6,0,13 14,0,110,,8732,6,0,13 14,0,120,,7968,6,0,13 14,0
1701,'5475',719,,11282,6,0,11 12,0,85,,11287,6,0,11 12,0,100,,11275,6,0,11 12,0,100,,11278,6,0,11 12,0,100,,11274,6,0,11 12,0,100,,11276,6,0,15 1 16,0,100,,11279,6,0,15 1 16,0,110,,11281,6,0,15 1 16,0,91,,11284,6,0,15 1 16,0,110,,11289,6,0,15 1 16,0,100,,11285,6,0,15 1 16,0,104,,11288,6,0,15 1 16,0,120,,11286,6,0,13 14,0,100,,11280,6,0,13 14,0,115,,11277,6,0,13 14,0,155,,11290,6,0,13 14,0,37,,11291,6,0,13 14,0,108,,11292,6,0,13 14,0
1701,'5518',814,,11293,6,0,11 12,0,100,,11294,6,0,11 12,0,115,,11295,6,0,11 12,0,95,,11296,6,0,13 14,0,200,,11298,6,0,11 12,0,210,,11297,6,0,13 14,0,100,,11300,6,0,11 12,0,100,,11299,6,0,15 1 16,0,100,,11301,6,0,13 14,0,170,,11302,6,0,13 14,0
1701,'5520',719,,11311,6,0,11 12,0,85,,11316,6,0,11 12,0,100,,11304,6,0,11 12,0,100,,11307,6,0,11 12,0,100,,11303,6,0,11 12,0,100,,11305,6,0,15 1 16,0,100,,11308,6,0,15 1 16,0,110,,11310,6,0,15 1 16,0,91,,11313,6,0,15 1 16,0,110,,11318,6,0,15 1 16,0,100,,11314,6,0,15 1 16,0,104,,11317,6,0,15 1 16,0,120,,11315,6,0,13 14,0,100,,11309,6,0,13 14,0,115,,11306,6,0,13 14,0,155,,11319,6,0,13 14,0
1701,'5526',714,,11324,6,0,11 12,0,100,,11321,6,0,11 12,0,90,,11320,6,0,11 12,0,130,,11322,6,0,11 12,0,170,,11325,6,0,15 1 16,0,100,,11326,6,0,15 1 16,0,130,,11323,6,0,15 1 16,0,170,,11327,6,0,15 1 16,0,105,,11328,6,0,15 1 16,0,100,,11330,6,0,13 14,0,105,,11331,6,0,13 14,0,105,,11332,6,0,13 14,0,110,,11329,6,0,13 14,0,120,,11333,6,0,13 14,0
1800,'4532',739,,7996,5,,,0,101,,7997,5,,,0,101,,7998,5,,,0,101,,7999,5,,,0,101,,8000,5,,,0,103,,8001,5,,,0,91,,8002,5,,,0,101,,8003,5,,,0,105,,8004,5,,,0,105,,8005,5,,,0,100,,8006,5,,,0,101,,8007,5,,,0,101,,8008,5,,,0,101,,8009,5,,,0,101,,8010,5,,,0
1800,'5475',536,,11334,5,,,0,101,,11335,5,,,0,102,,11336,5,,,0,102,,11337,5,,,0,100,,11338,5,,,0,101,,11339,5,,,0,101,,11340,5,,,0,103,,11341,5,,,0,90,,11342,5,,,0,102,,11343,5,,,0,105,,11344,5,,,0,105,,11345,5,,,0,101,,11346,5,,,0,100,,11347,5,,,0,101,,11348,5,,,0,101,,11349,5,,,0,101,,11350,5,,,0
1800,'5518',738,,11354,5,,,0,101,,11352,5,,,0,101,,11351,5,,,0,101,,11353,5,,,0,101,,11357,5,,,0,103,,11358,5,,,0,91,,11356,5,,,0,101,,11362,5,,,0,105,,11363,5,,,0,105,,11355,5,,,0,101,,11360,5,,,0,101,,11359,5,,,0,101,,11361,5,,,0
1800,'5520',536,,11364,5,,,0,101,,11365,5,,,0,102,,11366,5,,,0,102,,11367,5,,,0,100,,11368,5,,,0,101,,11369,5,,,0,101,,11370,5,,,0,103,,11371,5,,,0,90,,11372,5,,,0,102,,11373,5,,,0,105,,11374,5,,,0,105,,11375,5,,,0,101,,11376,5,,,0,100,,11377,5,,,0,101,,11378,5,,,0,101,,11379,5,,,0,101,,11380,5,,,0
1800,'5526',739,,11381,5,,,0,101,,11382,5,,,0,101,,11383,5,,,0,101,,11384,5,,,0,101,,11385,5,,,0,103,,11386,5,,,0,91,,11387,5,,,0,101,,11388,5,,,0,105,,11389,5,,,0,105,,11390,5,,,0,100,,11391,5,,,0,101,,11392,5,,,0,101,,11393,5,,,0,101,,11394,5,,,0,101,,11395,5,,,0
