500,'4532',805,,7169,15,,,0,30,,7170,18,,,0,70,,7171,18,,,0,30,,7192,15,,,0,71,,7168,18,,,0,29,,7173,15,,,0,71,,7174,18,,,0,29,,7172,15,,,0,72,,7177,18,,,0,29,,7178,15,,,0,72,,7176,18,,,0,30,,7175,15,,,0,71,,7179,18,,,0,29,,7180,15,,,0,71,,7181,18,,,0,30,,7184,15,,,0,71,,7185,18,,,0,28,,7182,15,,,0,70,,7183,18,,,0,29,,7186,15,,,0,71,,7187,18,,,0,29,,7190,15,,,0,120,,7191,18,,,0,94,,7188,15,,,0,103,,7189,18,,,0,99,,7193,18,,,0
500,'5475',716,,9773,18,,,0,16,,9784,15,,,0,15,,9775,15,,,0,74,,9776,18,,,0,33,,9774,15,,,0,73,,9782,18,,,0,73,,9783,15,,,0,33,,9785,15,,,0,73,,9777,18,,,0,33,,9778,15,,,0,73,,9786,18,,,0,36,,9780,15,,,0,75,,9781,18,,,0,77,,9779,15,,,0,35,,9787,18,,,0,77,,9797,15,,,0,36,,9790,18,,,0,76,,9792,18,,,0,77,,9798,15,,,0,34,,9793,18,,,0,76,,9794,15,,,0,31,,9791,18,,,0,76,,9795,15,,,0,85,,9796,15,,,0,100,,9788,15,,,0,99,,9789,15,,,0,115,,9799,18,,,0,21,,9801,18,,,0,110,,9800,18,,,0
500,'5518',920,,9804,18,,,0,120,,9803,18,,,0,160,,9802,18,,,0,122,,9805,18,,,0,97,,9806,18,,,0,127,,9807,18,,,0,166,,9808,18,,,0,120,,9809,18,,,0
500,'5520',716,,9810,18,,,0,16,,9821,15,,,0,15,,9812,15,,,0,74,,9813,18,,,0,33,,9811,15,,,0,73,,9819,18,,,0,73,,9820,15,,,0,33,,9822,15,,,0,73,,9814,18,,,0,33,,9815,15,,,0,73,,9823,18,,,0,36,,9817,15,,,0,75,,9818,18,,,0,77,,9816,15,,,0,35,,9824,18,,,0,77,,9834,15,,,0,36,,9827,18,,,0,76,,9829,18,,,0,77,,9835,15,,,0,34,,9830,18,,,0,76,,9831,15,,,0,31,,9828,18,,,0,76,,9832,15,,,0,85,,9833,15,,,0,100,,9825,15,,,0,99,,9826,15,,,0,115,,9836,18,,,0
500,'5526',805,,9838,15,,,0,30,,9839,18,,,0,70,,9840,18,,,0,30,,9861,15,,,0,71,,9837,18,,,0,29,,9842,15,,,0,71,,9843,18,,,0,29,,9841,15,,,0,72,,9846,18,,,0,29,,9847,15,,,0,72,,9845,18,,,0,30,,9844,15,,,0,71,,9848,18,,,0,29,,9849,15,,,0,71,,9850,18,,,0,30,,9853,15,,,0,71,,9854,18,,,0,28,,9851,15,,,0,70,,9852,18,,,0,29,,9855,15,,,0,71,,9856,18,,,0,29,,9859,15,,,0,120,,9860,18,,,0,94,,9857,15,,,0,103,,9858,18,,,0,99,,9862,18,,,0
700,'4532',652,,8357,19,,,0,70,,7391,19,,,0,31,,8348,19,,,0,70,,8333,19,,,0,31,,7355,19,,,0,71,,8335,19,,,0,29,,8334,19,,,0,71,,7363,19,,,0,31,,8340,19,,,0,54,,7383,19,,,0,16,,8341,19,,,0,15,,7384,19,,,0,63,,8343,19,,,0,33,,8339,19,,,0,68,,7372,19,,,0,30,,8338,19,,,0,72,,8344,19,,,0,28,,7367,19,,,0,70,,8351,19,,,0,13,,8345,19,,,0,14,,8352,19,,,0,16,,8346,19,,,0,54,,7389,19,,,0,15,,7364,19,,,0,16,,8354,19,,,0,14,,7376,19,,,0,55,,8353,19,,,0,24,,8342,19,,,0,29,,7377,19,,,0,70,,7358,19,,,0,76,,8336,19,,,0,32,,7360,19,,,0,76,,8349,19,,,0,34,,7380,19,,,0,105,,7361,19,,,0,96,,8337,19,,,0,100,,8347,19,,,0,97,,8350,19,,,0,66,,8355,19,,,0,29,,8356,19,,,0
700,'5475',624,,10018,19,,,0,18,,10019,19,,,0,17,,10020,19,,,0,54,,10021,19,,,0,16,,10022,19,,,0,7,,10023,19,,,0,10,,10024,19,,,0,57,,10025,19,,,0,21,,10026,19,,,0,11,,10027,19,,,0,18,,10028,19,,,0,51,,10029,19,,,0,15,,10030,19,,,0,13,,10031,19,,,0,17,,10032,19,,,0,54,,10048,19,,,0,17,,10033,19,,,0,13,,10073,19,,,0,17,,10034,19,,,0,70,,10035,19,,,0,33,,10036,19,,,0,68,,10037,19,,,0,32,,10038,19,,,0,68,,10039,19,,,0,32,,10040,19,,,0,69,,10041,19,,,0,34,,10042,19,,,0,51,,10043,19,,,0,15,,10044,19,,,0,18,,10045,19,,,0,13,,10046,19,,,0,57,,10047,19,,,0,12,,10049,19,,,0,18,,10052,19,,,0,11,,10064,19,,,0,59,,10053,19,,,0,11,,10050,19,,,0,18,,10054,19,,,0,11,,10065,19,,,0,58,,10055,19,,,0,10,,10051,19,,,0,16,,10056,19,,,0,13,,10067,19,,,0,72,,10057,19,,,0,27,,10066,19,,,0,73,,10058,19,,,0,26,,10069,19,,,0,72,,10059,19,,,0,28,,10068,19,,,0,70,,10060,19,,,0,28,,10070,19,,,0,70,,10061,19,,,0,27,,10071,19,,,0,73,,10062,19,,,0,31,,10072,19,,,0,70,,10063,19,,,0,96,,10074,19,,,0
700,'5518',737,,10075,19,,,0,67,,10076,19,,,0,100,,10077,19,,,0,97,,10078,19,,,0,33,,10080,19,,,0,70,,10079,19,,,0,27,,10082,19,,,0,73,,10088,19,,,0,28,,10083,19,,,0,69,,10081,19,,,0,32,,10084,19,,,0,68,,10095,19,,,0,32,,10086,19,,,0,69,,10090,19,,,0,31,,10085,19,,,0,69,,10087,19,,,0,31,,10089,19,,,0,67,,10093,19,,,0,32,,10091,19,,,0,27,,10096,19,,,0,71,,10092,19,,,0,29,,10098,19,,,0,141,,10094,19,,,0,59,,10100,19,,,0,143,,10097,19,,,0,55,,10099,19,,,0,100,,10101,19,,,0
700,'5520',624,,10102,19,,,0,18,,10103,19,,,0,17,,10104,19,,,0,54,,10105,19,,,0,16,,10106,19,,,0,7,,10107,19,,,0,10,,10108,19,,,0,57,,10109,19,,,0,21,,10110,19,,,0,11,,10111,19,,,0,18,,10112,19,,,0,51,,10113,19,,,0,15,,10114,19,,,0,13,,10115,19,,,0,17,,10116,19,,,0,54,,10132,19,,,0,17,,10117,19,,,0,13,,10157,19,,,0,17,,10118,19,,,0,70,,10119,19,,,0,33,,10120,19,,,0,68,,10121,19,,,0,32,,10122,19,,,0,68,,10123,19,,,0,32,,10124,19,,,0,69,,10125,19,,,0,34,,10126,19,,,0,51,,10127,19,,,0,15,,10128,19,,,0,18,,10129,19,,,0,13,,10130,19,,,0,57,,10131,19,,,0,12,,10133,19,,,0,18,,10136,19,,,0,11,,10148,19,,,0,59,,10137,19,,,0,11,,10134,19,,,0,18,,10138,19,,,0,11,,10149,19,,,0,58,,10139,19,,,0,10,,10135,19,,,0,16,,10140,19,,,0,13,,10151,19,,,0,72,,10141,19,,,0,27,,10150,19,,,0,73,,10142,19,,,0,26,,10153,19,,,0,72,,10143,19,,,0,28,,10152,19,,,0,70,,10144,19,,,0,28,,10154,19,,,0,70,,10145,19,,,0,27,,10155,19,,,0,73,,10146,19,,,0,31,,10156,19,,,0,70,,10147,19,,,0
700,'5526',652,,10197,19,,,0,70,,10195,19,,,0,31,,10183,19,,,0,70,,10158,19,,,0,31,,10159,19,,,0,71,,10161,19,,,0,29,,10160,19,,,0,71,,10167,19,,,0,31,,10172,19,,,0,54,,10187,19,,,0,16,,10173,19,,,0,15,,10188,19,,,0,63,,10175,19,,,0,33,,10170,19,,,0,68,,10176,19,,,0,30,,10169,19,,,0,72,,10177,19,,,0,28,,10171,19,,,0,70,,10189,19,,,0,13,,10178,19,,,0,14,,10190,19,,,0,16,,10179,19,,,0,54,,10193,19,,,0,15,,10168,19,,,0,16,,10192,19,,,0,14,,10180,19,,,0,55,,10191,19,,,0,24,,10174,19,,,0,29,,10181,19,,,0,70,,10162,19,,,0,76,,10163,19,,,0,32,,10164,19,,,0,76,,10185,19,,,0,34,,10184,19,,,0,105,,10165,19,,,0,96,,10166,19,,,0,100,,10182,19,,,0,97,,10186,19,,,0,66,,10194,19,,,0,29,,10196,19,,,0
