100,'4532',644,,6634,22,,,0,9,,8080,22,,,0,70,,6637,22,,,0,30,,8069,22,,,0,66,,6639,22,,,0,20,,6613,22,,,0,15,,8082,22,,,0,57,,6614,22,,,0,16,,6641,22,,,0,15,,4891,22,,,0,72,,8071,22,,,0,30,,4896,22,,,0,70,,8070,22,,,0,32,,4898,22,,,0,70,,6618,22,,,0,30,,4901,22,,,0,70,,6617,22,,,0,30,,4902,22,,,0,70,,6620,22,,,0,31,,8072,22,,,0,70,,6621,22,,,0,30,,6623,22,,,0,69,,8074,22,,,0,13,,8083,22,,,0,15,,6625,22,,,0,15,,8084,22,,,0,55,,8073,22,,,0,15,,8085,22,,,0,14,,6626,22,,,0,15,,8086,22,,,0,55,,8075,22,,,0,15,,8087,22,,,0,15,,6628,22,,,0,70,,6629,22,,,0,45,,6633,22,,,0,99,,8078,22,,,0,144,,8077,22,,,0,104,,8076,22,,,0,103,,8079,22,,,0,97,,8081,22,,,0
100,'5475',605,,8746,14,,,0,30,,8747,22,,,0,72,,8748,22,,,0,31,,8749,22,,,0,17,,8750,22,,,0,57,,8758,22,,,0,15,,8757,22,,,0,15,,8785,22,,,0,14,,8786,22,,,0,55,,8761,22,,,0,15,,8753,22,,,0,15,,8780,22,,,0,60,,8779,22,,,0,21,,8790,22,,,0,20,,8789,22,,,0,71,,8788,22,,,0,30,,8793,22,,,0,72,,8792,22,,,0,30,,8777,22,,,0,70,,8776,22,,,0,30,,8767,22,,,0,70,,8756,22,,,0,32,,8755,22,,,0,60,,8759,22,,,0,19,,8754,22,,,0,18,,8782,22,,,0,15,,8764,22,,,0,54,,8781,22,,,0,15,,8787,22,,,0,15,,8783,22,,,0,15,,8796,22,,,0,54,,8795,22,,,0,15,,8775,22,,,0,15,,8772,22,,,0,13,,8797,22,,,0,55,,8773,22,,,0,15,,8770,22,,,0,15,,8791,22,,,0,60,,8794,22,,,0,19,,8771,22,,,0,25,,8778,22,,,0,67,,8774,22,,,0,30,,8769,22,,,0,69,,8765,22,,,0,30,,8763,22,,,0,70,,8762,22,,,0,30,,8760,22,,,0,69,,8768,22,,,0,28,,8784,22,,,0,68,,8766,22,,,0,29,,8751,22,,,0,70,,8752,22,,,0,98,,8798,22,,,0
100,'5518',714,,8799,22,,,0,19,,8800,22,,,0,70,,8801,22,,,0,30,,8803,22,,,0,70,,8802,22,,,0,32,,8804,22,,,0,72,,8807,22,,,0,30,,8805,22,,,0,70,,8806,22,,,0,31,,8808,22,,,0,72,,8820,22,,,0,30,,8810,22,,,0,70,,8809,22,,,0,30,,8813,22,,,0,70,,8811,22,,,0,30,,8814,22,,,0,71,,8815,22,,,0,30,,8812,22,,,0,69,,8816,22,,,0,30,,8817,22,,,0,69,,8827,22,,,0,30,,8818,22,,,0,70,,8830,22,,,0,33,,8821,22,,,0,65,,8819,22,,,0,29,,8822,22,,,0,70,,8831,22,,,0,29,,8824,22,,,0,70,,8823,22,,,0,29,,8825,22,,,0,68,,8826,22,,,0,30,,8828,22,,,0,70,,8832,22,,,0,37,,8829,22,,,0,62,,8833,22,,,0
100,'5520',605,,8834,14,,,0,30,,8835,22,,,0,72,,8836,22,,,0,31,,8837,22,,,0,17,,8838,22,,,0,57,,8846,22,,,0,15,,8845,22,,,0,15,,8873,22,,,0,14,,8874,22,,,0,55,,8849,22,,,0,15,,8841,22,,,0,15,,8868,22,,,0,60,,8867,22,,,0,21,,8878,22,,,0,20,,8877,22,,,0,71,,8876,22,,,0,30,,8881,22,,,0,72,,8880,22,,,0,30,,8865,22,,,0,70,,8864,22,,,0,30,,8855,22,,,0,70,,8844,22,,,0,32,,8843,22,,,0,60,,8847,22,,,0,19,,8842,22,,,0,18,,8870,22,,,0,15,,8852,22,,,0,54,,8869,22,,,0,15,,8875,22,,,0,15,,8871,22,,,0,15,,8884,22,,,0,54,,8883,22,,,0,15,,8863,22,,,0,15,,8860,22,,,0,13,,8885,22,,,0,55,,8861,22,,,0,15,,8858,22,,,0,15,,8879,22,,,0,60,,8882,22,,,0,19,,8859,22,,,0,25,,8866,22,,,0,67,,8862,22,,,0,30,,8857,22,,,0,69,,8853,22,,,0,30,,8851,22,,,0,70,,8850,22,,,0,30,,8848,22,,,0,69,,8856,22,,,0,28,,8872,22,,,0,68,,8854,22,,,0,29,,8839,22,,,0,70,,8840,22,,,0
100,'5526',644,,8913,22,,,0,9,,8915,22,,,0,70,,8916,22,,,0,30,,8886,22,,,0,66,,8918,22,,,0,20,,8888,22,,,0,15,,8919,22,,,0,57,,8889,22,,,0,16,,8920,22,,,0,15,,8887,22,,,0,72,,8891,22,,,0,30,,8892,22,,,0,70,,8890,22,,,0,32,,8894,22,,,0,70,,8895,22,,,0,30,,8897,22,,,0,70,,8893,22,,,0,30,,8898,22,,,0,70,,8899,22,,,0,31,,8896,22,,,0,70,,8900,22,,,0,30,,8902,22,,,0,69,,8903,22,,,0,13,,8921,22,,,0,15,,8904,22,,,0,15,,8922,22,,,0,55,,8901,22,,,0,15,,8923,22,,,0,14,,8905,22,,,0,15,,8924,22,,,0,55,,8906,22,,,0,15,,8925,22,,,0,15,,8907,22,,,0,70,,8908,22,,,0,45,,8912,22,,,0,99,,8911,22,,,0,144,,8910,22,,,0,104,,8909,22,,,0,103,,8914,22,,,0,97,,8917,22,,,0
200,'4532',757,,6788,29,,,0,153,,5103,29,,,0,101,,6787,29,,,0,101,,6790,29,,,0,100,,8164,29,,,0,101,,8165,29,,,0,100,,8166,29,,,0,100,,8168,29,,,0,30,,6796,29,,,0,70,,8167,29,,,0,30,,6793,29,,,0,70,,8169,29,,,0,30,,8170,29,,,0,70,,8171,29,,,0,88,,6804,29,,,0,40,,6802,29,,,0,91,,6800,29,,,0,93,,6801,29,,,0,100,,6803,29,,,0
200,'5475',622,,9114,29,,,0,37,,9115,29,,,0,68,,9116,29,,,0,15,,9119,29,,,0,71,,9117,29,,,0,16,,9118,29,,,0,16,,9120,29,,,0,66,,9123,29,,,0,30,,9122,29,,,0,70,,9121,29,,,0,30,,9126,29,,,0,70,,9124,29,,,0,30,,9125,29,,,0,71,,9127,29,,,0,30,,9128,29,,,0,70,,9129,29,,,0,30,,9130,29,,,0,70,,9132,29,,,0,30,,9131,29,,,0,75,,9133,29,,,0,28,,9134,29,,,0,79,,9110,29,,,0,30,,9104,29,,,0,69,,9106,29,,,0,28,,9107,29,,,0,70,,9113,29,,,0,34,,9105,29,,,0,80,,9109,29,,,0,69,,9103,29,,,0,34,,9108,29,,,0,65,,9102,29,,,0,30,,9111,29,,,0,294,,9135,29,,,0,100,,9136,29,,,0
200,'5518',814,,9138,29,,,0,41,,9137,29,,,0,152,,9140,29,,,0,100,,9139,29,,,0,101,,9141,29,,,0,105,,9142,29,,,0,96,,9144,29,,,0,100,,9143,29,,,0,99,,9147,29,,,0,106,,9149,29,,,0,99,,9148,29,,,0,124,,9145,29,,,0,99,,9146,29,,,0
200,'5520',622,,9162,29,,,0,37,,9163,29,,,0,68,,9164,29,,,0,15,,9167,29,,,0,71,,9165,29,,,0,16,,9166,29,,,0,16,,9168,29,,,0,66,,9171,29,,,0,30,,9170,29,,,0,70,,9169,29,,,0,30,,9174,29,,,0,70,,9172,29,,,0,30,,9173,29,,,0,71,,9175,29,,,0,30,,9176,29,,,0,70,,9177,29,,,0,30,,9178,29,,,0,70,,9180,29,,,0,30,,9179,29,,,0,75,,9181,29,,,0,28,,9182,29,,,0,79,,9158,29,,,0,30,,9152,29,,,0,69,,9154,29,,,0,28,,9155,29,,,0,70,,9161,29,,,0,34,,9153,29,,,0,80,,9157,29,,,0,69,,9151,29,,,0,34,,9156,29,,,0,65,,9150,29,,,0,30,,9159,29,,,0
200,'5526',757,,9184,29,,,0,153,,9186,29,,,0,101,,9183,29,,,0,101,,9187,29,,,0,100,,9185,29,,,0,101,,9188,29,,,0,100,,9189,29,,,0,100,,9192,29,,,0,30,,9193,29,,,0,70,,9191,29,,,0,30,,9190,29,,,0,70,,9194,29,,,0,30,,9195,29,,,0,70,,9196,29,,,0,88,,9201,29,,,0,40,,9199,29,,,0,91,,9197,29,,,0,93,,9198,29,,,0,100,,9200,29,,,0
