300,'4532',739,,8214,42,4,,0,70,,8213,42,4,,0,37,,5240,42,4,,0,76,,6907,42,4,,0,30,,6908,42,4,,0,72,,6906,42,4,,0,30,,6905,42,4,,0,70,,8215,42,4,,0,30,,6910,42,4,,0,70,,6912,42,4,,0,31,,8216,42,4,,0,70,,8219,42,4,,0,30,,5252,42,4,,0,70,,8218,42,4,,0,30,,6917,42,4,,0,71,,5255,42,4,,0,30,,6916,42,4,,0,70,,5257,42,4,,0,30,,8217,42,4,,0,69,,5258,42,4,,0,30,,6918,42,4,,0,70,,6920,42,4,,0,33,,8221,42,4,,0,64,,8222,42,4,,0,85,,8223,42,4,,0,105,,8225,42,4,,0,105,,8226,42,4,,0,102,,8220,42,4,,0,97,,8224,42,4,,0
300,'5475',650,,9331,42,4,,0,62,,9318,42,4,,0,18,,9315,14,4,,0,3,,9311,42,4,,0,9,,9312,42,4,,0,17,,9306,42,4,,0,59,,9334,42,4,,0,18,,9320,42,4,,0,14,,9323,42,4,,0,58,,9324,42,4,,0,19,,9316,42,4,,0,31,,9317,42,4,,0,70,,9319,42,4,,0,31,,9341,42,4,,0,70,,9326,42,4,,0,30,,9314,42,4,,0,71,,9328,42,4,,0,70,,9340,42,4,,0,30,,9302,42,4,,0,73,,9325,42,4,,0,32,,9303,42,4,,0,73,,9335,42,4,,0,17,,9313,42,4,,0,15,,9321,42,4,,0,8,,9342,42,4,,0,4,,9344,42,4,,0,52,,9305,42,4,,0,12,,9304,42,4,,0,15,,9332,42,4,,0,15,,9308,42,4,,0,55,,9310,42,4,,0,15,,9339,42,4,,0,14,,9322,42,4,,0,13,,9301,42,4,,0,14,,9307,42,4,,0,55,,9330,42,4,,0,15,,9309,42,4,,0,28,,9338,42,4,,0,69,,9329,42,4,,0,30,,9343,42,4,,0,70,,9327,42,4,,0,99,,9337,42,4,,0,98,,9333,42,4,,0,98,,9336,42,4,,0,195,,9345,42,4,,0
300,'5518',825,,9346,42,4,,0,93,,9348,42,4,,0,100,,9347,42,4,,0,101,,9353,42,4,,0,105,,9349,42,4,,0,100,,9355,42,4,,0,100,,9350,42,4,,0,100,,9351,42,4,,0,100,,9356,42,4,,0,99,,9352,42,4,,0,97,,9358,42,4,,0,97,,9354,42,4,,0,105,,9357,42,4,,0,98,,9359,42,4,,0
300,'5520',650,,9392,42,4,,0,62,,9379,42,4,,0,18,,9376,14,4,,0,3,,9372,42,4,,0,9,,9373,42,4,,0,17,,9367,42,4,,0,59,,9395,42,4,,0,18,,9381,42,4,,0,14,,9384,42,4,,0,58,,9385,42,4,,0,19,,9377,42,4,,0,31,,9378,42,4,,0,70,,9380,42,4,,0,31,,9402,42,4,,0,70,,9387,42,4,,0,30,,9375,42,4,,0,71,,9389,42,4,,0,70,,9401,42,4,,0,30,,9363,42,4,,0,73,,9386,42,4,,0,32,,9364,42,4,,0,73,,9396,42,4,,0,17,,9374,42,4,,0,15,,9382,42,4,,0,8,,9403,42,4,,0,4,,9405,42,4,,0,52,,9366,42,4,,0,12,,9365,42,4,,0,15,,9393,42,4,,0,15,,9369,42,4,,0,55,,9371,42,4,,0,15,,9400,42,4,,0,14,,9383,42,4,,0,13,,9362,42,4,,0,14,,9368,42,4,,0,55,,9391,42,4,,0,15,,9370,42,4,,0,28,,9399,42,4,,0,69,,9390,42,4,,0,30,,9404,42,4,,0,70,,9388,42,4,,0,99,,9398,42,4,,0,98,,9394,42,4,,0,98,,9397,42,4,,0
300,'5526',739,,9407,42,4,,0,70,,9406,42,4,,0,37,,9408,42,4,,0,76,,9411,42,4,,0,30,,9412,42,4,,0,72,,9410,42,4,,0,30,,9409,42,4,,0,70,,9413,42,4,,0,30,,9414,42,4,,0,70,,9416,42,4,,0,31,,9415,42,4,,0,70,,9419,42,4,,0,30,,9420,42,4,,0,70,,9418,42,4,,0,30,,9422,42,4,,0,71,,9423,42,4,,0,30,,9421,42,4,,0,70,,9425,42,4,,0,30,,9417,42,4,,0,69,,9426,42,4,,0,30,,9424,42,4,,0,70,,9428,42,4,,0,33,,9429,42,4,,0,64,,9430,42,4,,0,85,,9431,42,4,,0,105,,9433,42,4,,0,105,,9434,42,4,,0,102,,9427,42,4,,0,97,,9432,42,4,,0
301,'4532',830,,6973,1,,,0,70,,6975,1,,,0,30,,6980,1,,,0,70,,6978,1,,,0,30,,8253,1,,,0,70,,6976,1,,,0,30,,6979,1,,,0,70,,8251,1,,,0,30,,8254,1,,,0,70,,5333,1,,,0,30,,8255,1,,,0,70,,6983,1,,,0,30,,5332,1,,,0,70,,6984,1,,,0,30,,5338,1,,,0,70,,8256,1,,,0,30,,5342,1,,,0,70,,6985,1,,,0,30,,6990,1,,,0,75,,8257,1,,,0,25,,8258,1,,,0,85,,8259,1,,,0,105,,8260,1,,,0,105,,8261,1,,,0,105,,8262,1,,,0,100,,8263,1,,,0
301,'5475',639,,9450,1,,,0,9,,9449,1,,,0,70,,9442,1,,,0,16,,9451,1,,,0,16,,9461,1,,,0,60,,9445,1,,,0,20,,9452,1,,,0,70,,9460,1,,,0,30,,9457,1,,,0,70,,9475,1,,,0,30,,9439,1,,,0,70,,9436,1,,,0,30,,9462,1,,,0,70,,9446,1,,,0,30,,9474,1,,,0,70,,9468,1,,,0,30,,9467,1,,,0,70,,9473,1,,,0,15,,9466,1,,,0,15,,9471,1,,,0,10,,9476,1,,,0,60,,9469,1,,,0,15,,9464,1,,,0,15,,9444,1,,,0,15,,9443,1,,,0,55,,9440,1,,,0,15,,9472,1,,,0,15,,9441,1,,,0,15,,9455,1,,,0,55,,9454,1,,,0,15,,9447,1,,,0,15,,9448,1,,,0,70,,9470,1,,,0,30,,9459,1,,,0,70,,9477,1,,,0,30,,9437,1,,,0,100,,9465,1,,,0,100,,9456,1,,,0,100,,9463,1,,,0,100,,9435,1,,,0,100,,9478,1,,,0
301,'5518',827,,9479,1,,,0,100,,9480,1,,,0,100,,9485,1,,,0,103,,9481,1,,,0,97,,9486,1,,,0,100,,9482,1,,,0,100,,9483,1,,,0,100,,9488,1,,,0,100,,9484,1,,,0,98,,9490,1,,,0,100,,9487,1,,,0,106,,9489,1,,,0,100,,9491,1,,,0,100,,9492,1,,,0
301,'5520',639,,9508,1,,,0,9,,9507,1,,,0,70,,9500,1,,,0,16,,9509,1,,,0,16,,9519,1,,,0,60,,9503,1,,,0,20,,9510,1,,,0,70,,9518,1,,,0,30,,9515,1,,,0,70,,9533,1,,,0,30,,9497,1,,,0,70,,9494,1,,,0,30,,9520,1,,,0,70,,9504,1,,,0,30,,9532,1,,,0,70,,9526,1,,,0,30,,9525,1,,,0,70,,9531,1,,,0,15,,9524,1,,,0,15,,9529,1,,,0,10,,9534,1,,,0,60,,9527,1,,,0,15,,9522,1,,,0,15,,9502,1,,,0,15,,9501,1,,,0,55,,9498,1,,,0,15,,9530,1,,,0,15,,9499,1,,,0,15,,9513,1,,,0,55,,9512,1,,,0,15,,9505,1,,,0,15,,9506,1,,,0,70,,9528,1,,,0,30,,9517,1,,,0,70,,9535,1,,,0,30,,9495,1,,,0,100,,9523,1,,,0,100,,9514,1,,,0,100,,9521,1,,,0,100,,9493,1,,,0
301,'5526',830,,9538,1,,,0,70,,9541,1,,,0,30,,9546,1,,,0,70,,9544,1,,,0,30,,9543,1,,,0,70,,9542,1,,,0,30,,9545,1,,,0,70,,9537,1,,,0,30,,9547,1,,,0,70,,9549,1,,,0,30,,9550,1,,,0,70,,9551,1,,,0,30,,9548,1,,,0,70,,9552,1,,,0,30,,9554,1,,,0,70,,9555,1,,,0,30,,9558,1,,,0,70,,9553,1,,,0,30,,9560,1,,,0,75,,9556,1,,,0,25,,9557,1,,,0,85,,9559,1,,,0,105,,9561,1,,,0,105,,9562,1,,,0,105,,9563,1,,,0,100,,9564,1,,,0
7601,'5475',1514,,11473,4,4,,0
7601,'5520',1514,,11474,4,4,,0
