400,'4532',839,,7037,24,,,0,66,,7038,24,,,0,25,,7036,24,,,0,26,,7039,24,,,0,67,,7040,24,,,0,26,,7041,24,,,0,65,,7042,24,,,0,26,,7043,24,,,0,66,,7044,24,,,0,27,,7045,24,,,0,67,,7046,24,,,0,28,,8285,24,,,0,27,,7048,24,,,0,69,,8286,24,,,0,27,,7052,24,,,0,69,,8288,24,,,0,27,,7050,24,,,0,68,,8289,24,,,0,27,,7051,24,,,0,66,,8287,24,,,0,27,,7055,24,,,0,67,,8290,24,,,0,27,,7058,24,,,0,24,,8291,24,,,0,74,,7061,24,,,0,99,,7060,24,,,0,100,,7062,24,,,0,99,,7063,24,,,0,99,,8292,24,,,0
400,'5475',644,,9565,24,,,0,66,,9570,24,,,0,91,,9567,24,,,0,34,,9572,24,,,0,68,,9569,24,,,0,28,,9575,24,,,0,70,,9568,24,,,0,30,,9566,24,,,0,72,,9576,24,,,0,30,,9581,24,,,0,72,,9578,24,,,0,30,,9571,24,,,0,70,,9583,24,,,0,30,,9592,24,,,0,72,,9582,24,,,0,30,,9594,24,,,0,70,,9573,24,,,0,30,,9593,24,,,0,22,,9595,24,,,0,50,,9590,24,,,0,30,,9579,24,,,0,12,,9596,24,,,0,58,,9580,24,,,0,29,,9577,24,,,0,67,,9587,24,,,0,29,,9574,24,,,0,67,,9588,24,,,0,56,,9589,24,,,0,95,,9585,24,,,0,97,,9584,24,,,0,100,,9586,24,,,0,157,,9591,24,,,0,15,,9597,24,,,0,109,,9598,24,,,0
400,'5518',852,,9601,24,,,0,159,,9602,24,,,0,120,,9599,24,,,0,122,,9600,24,,,0,95,,9606,24,,,0,167,,9604,24,,,0,127,,9605,24,,,0,162,,9603,24,,,0,120,,9607,24,,,0
400,'5520',644,,9608,24,,,0,66,,9613,24,,,0,91,,9610,24,,,0,34,,9615,24,,,0,68,,9612,24,,,0,28,,9618,24,,,0,70,,9611,24,,,0,30,,9609,24,,,0,72,,9619,24,,,0,30,,9624,24,,,0,72,,9621,24,,,0,30,,9614,24,,,0,70,,9626,24,,,0,30,,9635,24,,,0,72,,9625,24,,,0,30,,9637,24,,,0,70,,9616,24,,,0,30,,9636,24,,,0,22,,9638,24,,,0,50,,9633,24,,,0,30,,9622,24,,,0,12,,9639,24,,,0,58,,9623,24,,,0,29,,9620,24,,,0,67,,9630,24,,,0,29,,9617,24,,,0,67,,9631,24,,,0,56,,9632,24,,,0,95,,9628,24,,,0,97,,9627,24,,,0,100,,9629,24,,,0,157,,9634,24,,,0
400,'5526',839,,9641,24,,,0,66,,9642,24,,,0,25,,9640,24,,,0,26,,9643,24,,,0,67,,9644,24,,,0,26,,9645,24,,,0,65,,9646,24,,,0,26,,9647,24,,,0,66,,9648,24,,,0,27,,9649,24,,,0,67,,9650,24,,,0,28,,9651,24,,,0,27,,9652,24,,,0,69,,9653,24,,,0,27,,9656,24,,,0,69,,9658,24,,,0,27,,9654,24,,,0,68,,9660,24,,,0,27,,9655,24,,,0,66,,9657,24,,,0,27,,9659,24,,,0,67,,9661,24,,,0,27,,9662,24,,,0,24,,9663,24,,,0,74,,9665,24,,,0,99,,9664,24,,,0,100,,9666,24,,,0,99,,9667,24,,,0,99,,9668,24,,,0
500,'4532',808,,7169,18,,,0,30,,7170,21,,,0,70,,7171,21,,,0,30,,7192,18,,,0,71,,7168,21,,,0,29,,7173,18,,,0,71,,7174,21,,,0,29,,7172,18,,,0,72,,7177,21,,,0,29,,7178,18,,,0,72,,7176,21,,,0,30,,7175,18,,,0,71,,7179,21,,,0,29,,7180,18,,,0,71,,7181,21,,,0,30,,7184,18,,,0,71,,7185,21,,,0,28,,7182,18,,,0,70,,7183,21,,,0,29,,7186,18,,,0,71,,7187,21,,,0,29,,7190,18,,,0,160,,7191,21,,,0,54,,7188,18,,,0,103,,7189,21,,,0,99,,7193,21,,,0
500,'5475',719,,9773,21,,,0,17,,9784,18,,,0,15,,9775,18,,,0,74,,9776,21,,,0,33,,9774,18,,,0,73,,9782,21,,,0,73,,9783,18,,,0,33,,9785,18,,,0,73,,9777,21,,,0,33,,9778,18,,,0,73,,9786,21,,,0,36,,9780,18,,,0,75,,9781,21,,,0,77,,9779,18,,,0,35,,9787,21,,,0,77,,9797,18,,,0,36,,9790,21,,,0,76,,9792,21,,,0,77,,9798,18,,,0,34,,9793,21,,,0,76,,9794,18,,,0,31,,9791,21,,,0,76,,9795,18,,,0,84,,9796,18,,,0,100,,9788,18,,,0,99,,9789,18,,,0,115,,9799,21,,,0,20,,9801,21,,,0,110,,9800,21,,,0
500,'5518',923,,9804,21,,,0,120,,9803,21,,,0,160,,9802,21,,,0,122,,9805,21,,,0,97,,9806,21,,,0,127,,9807,21,,,0,166,,9808,21,,,0,120,,9809,21,,,0
500,'5520',719,,9810,21,,,0,17,,9821,18,,,0,15,,9812,18,,,0,74,,9813,21,,,0,33,,9811,18,,,0,73,,9819,21,,,0,73,,9820,18,,,0,33,,9822,18,,,0,73,,9814,21,,,0,33,,9815,18,,,0,73,,9823,21,,,0,36,,9817,18,,,0,75,,9818,21,,,0,77,,9816,18,,,0,35,,9824,21,,,0,77,,9834,18,,,0,36,,9827,21,,,0,76,,9829,21,,,0,77,,9835,18,,,0,34,,9830,21,,,0,76,,9831,18,,,0,31,,9828,21,,,0,76,,9832,18,,,0,84,,9833,18,,,0,100,,9825,18,,,0,99,,9826,18,,,0,115,,9836,21,,,0
500,'5526',808,,9838,18,,,0,30,,9839,21,,,0,70,,9840,21,,,0,30,,9861,18,,,0,71,,9837,21,,,0,29,,9842,18,,,0,71,,9843,21,,,0,29,,9841,18,,,0,72,,9846,21,,,0,29,,9847,18,,,0,72,,9845,21,,,0,30,,9844,18,,,0,71,,9848,21,,,0,29,,9849,18,,,0,71,,9850,21,,,0,30,,9853,18,,,0,71,,9854,21,,,0,28,,9851,18,,,0,70,,9852,21,,,0,29,,9855,18,,,0,71,,9856,21,,,0,29,,9859,18,,,0,160,,9860,21,,,0,54,,9857,18,,,0,103,,9858,21,,,0,99,,9862,21,,,0
701,'4532',627,,8442,20,,,0,30,,7513,17,,,0,71,,8434,20,,,0,30,,8419,17,,,0,70,,7477,17,,,0,31,,8420,20,,,0,69,,8421,17,,,0,30,,7487,17,,,0,71,,8428,20,,,0,14,,7505,17,,,0,16,,8427,20,,,0,55,,7506,17,,,0,22,,8429,17,,,0,72,,8426,20,,,0,28,,7493,17,,,0,70,,8424,17,,,0,32,,8430,20,,,0,68,,7489,17,,,0,30,,8438,20,,,0,13,,8431,17,,,0,55,,8439,17,,,0,16,,8432,20,,,0,14,,7508,17,,,0,15,,7485,17,,,0,56,,8440,20,,,0,14,,7495,17,,,0,15,,8437,17,,,0,24,,8425,20,,,0,69,,7499,17,,,0,30,,7480,17,,,0,76,,8423,20,,,0,74,,7484,17,,,0,36,,8435,20,,,0,74,,7503,17,,,0,105,,7482,17,,,0,97,,8422,20,,,0,102,,8433,17,,,0,99,,8436,17,,,0,26,,8441,20,,,0,69,,8443,17,,,0
701,'5475',617,,10199,17,,,0,17,,10200,20,,,0,14,,10201,17,,,0,56,,10202,20,,,0,6,,10203,17,,,0,10,,10204,20,,,0,15,,10205,17,,,0,19,,10206,20,,,0,52,,10207,17,,,0,19,,10208,20,,,0,11,,10209,17,,,0,16,,10210,20,,,0,52,,10211,17,,,0,18,,10212,20,,,0,13,,10248,17,,,0,17,,10213,20,,,0,53,,10253,17,,,0,17,,10214,20,,,0,29,,10215,17,,,0,73,,10216,20,,,0,27,,10217,17,,,0,72,,10218,20,,,0,28,,10219,17,,,0,72,,10220,20,,,0,28,,10221,17,,,0,74,,10222,20,,,0,11,,10223,17,,,0,15,,10224,17,,,0,58,,10225,20,,,0,13,,10226,17,,,0,17,,10227,20,,,0,12,,10228,17,,,0,58,,10229,20,,,0,12,,10230,17,,,0,18,,10231,20,,,0,12,,10232,17,,,0,58,,10233,20,,,0,12,,10234,17,,,0,18,,10235,20,,,0,11,,10249,17,,,0,56,,10250,20,,,0,13,,10236,17,,,0,32,,10237,20,,,0,67,,10238,17,,,0,33,,10239,20,,,0,67,,10240,17,,,0,31,,10241,20,,,0,69,,10242,17,,,0,31,,10243,20,,,0,69,,10244,17,,,0,30,,10245,20,,,0,69,,10246,17,,,0,33,,10247,20,,,0,72,,10251,17,,,0,30,,10252,20,,,0,95,,10254,20,,,0
701,'5518',712,,10255,17,,,0,27,,10256,20,,,0,99,,10257,17,,,0,97,,10258,20,,,0,73,,10261,17,,,0,30,,10259,17,,,0,67,,10260,20,,,0,33,,10268,17,,,0,67,,10263,20,,,0,28,,10262,17,,,0,72,,10265,20,,,0,28,,10275,17,,,0,72,,10267,20,,,0,29,,10271,17,,,0,71,,10266,20,,,0,29,,10264,17,,,0,71,,10270,20,,,0,28,,10274,17,,,0,72,,10269,20,,,0,28,,10276,17,,,0,71,,10272,20,,,0,29,,10278,17,,,0,101,,10273,20,,,0,99,,10281,17,,,0,104,,10277,20,,,0,96,,10279,17,,,0,101,,10280,20,,,0
701,'5520',617,,10283,17,,,0,17,,10284,20,,,0,14,,10285,17,,,0,56,,10286,20,,,0,6,,10287,17,,,0,10,,10288,20,,,0,15,,10289,17,,,0,19,,10290,20,,,0,52,,10291,17,,,0,19,,10292,20,,,0,11,,10293,17,,,0,16,,10294,20,,,0,52,,10295,17,,,0,18,,10296,20,,,0,13,,10332,17,,,0,17,,10297,20,,,0,53,,10337,17,,,0,17,,10298,20,,,0,29,,10299,17,,,0,73,,10300,20,,,0,27,,10301,17,,,0,72,,10302,20,,,0,28,,10303,17,,,0,72,,10304,20,,,0,28,,10305,17,,,0,74,,10306,20,,,0,11,,10307,17,,,0,15,,10308,17,,,0,58,,10309,20,,,0,13,,10310,17,,,0,17,,10311,20,,,0,12,,10312,17,,,0,58,,10313,20,,,0,12,,10314,17,,,0,18,,10315,20,,,0,12,,10316,17,,,0,58,,10317,20,,,0,12,,10318,17,,,0,18,,10319,20,,,0,11,,10333,17,,,0,56,,10334,20,,,0,13,,10320,17,,,0,32,,10321,20,,,0,67,,10322,17,,,0,33,,10323,20,,,0,67,,10324,17,,,0,31,,10325,20,,,0,69,,10326,17,,,0,31,,10327,20,,,0,69,,10328,17,,,0,30,,10329,20,,,0,69,,10330,17,,,0,33,,10331,20,,,0,72,,10335,17,,,0,30,,10336,20,,,0
701,'5526',627,,10376,20,,,0,30,,10375,17,,,0,71,,10363,20,,,0,30,,10338,17,,,0,70,,10339,17,,,0,31,,10340,20,,,0,69,,10341,17,,,0,30,,10349,17,,,0,71,,10354,20,,,0,14,,10367,17,,,0,16,,10353,20,,,0,55,,10368,17,,,0,22,,10356,17,,,0,72,,10352,20,,,0,28,,10355,17,,,0,70,,10348,17,,,0,32,,10358,20,,,0,68,,10351,17,,,0,30,,10371,20,,,0,13,,10359,17,,,0,55,,10372,17,,,0,16,,10360,20,,,0,14,,10370,17,,,0,15,,10347,17,,,0,56,,10373,20,,,0,14,,10357,17,,,0,15,,10369,17,,,0,24,,10350,20,,,0,69,,10361,17,,,0,30,,10342,17,,,0,76,,10345,20,,,0,74,,10346,17,,,0,36,,10364,20,,,0,74,,10365,17,,,0,105,,10344,17,,,0,97,,10343,20,,,0,102,,10362,17,,,0,99,,10366,17,,,0,26,,10374,20,,,0,69,,10377,17,,,0
901,'4532',608,,7750,12,,,0,30,,6173,12,,,0,72,,7743,12,,,0,30,,6156,12,,,0,70,,7724,12,,,0,30,,8579,12,,,0,71,,8577,12,,,0,30,,6135,12,,,0,70,,8578,12,,,0,29,,8580,12,,,0,15,,6166,12,,,0,55,,7729,12,,,0,15,,8588,12,,,0,15,,8582,12,,,0,72,,6143,12,,,0,30,,7732,12,,,0,70,,8581,12,,,0,30,,6145,12,,,0,70,,6146,12,,,0,14,,6171,12,,,0,15,,8583,12,,,0,15,,6168,12,,,0,55,,7735,12,,,0,15,,6170,12,,,0,15,,8584,12,,,0,15,,6165,12,,,0,55,,6153,12,,,0,15,,7748,12,,,0,15,,7734,12,,,0,15,,7749,12,,,0,55,,6147,12,,,0,30,,7736,12,,,0,75,,7738,12,,,0,40,,7745,12,,,0,70,,8585,12,,,0,100,,8586,12,,,0,100,,8587,12,,,0,99,,7739,12,,,0,105,,7744,12,,,0,104,,7746,12,,,0,104,,7751,12,,,0
901,'5475',609,,10589,12,,,0,30,,10590,12,,,0,71,,10591,12,,,0,16,,10592,12,,,0,15,,10593,12,,,0,16,,10594,12,,,0,55,,10595,12,,,0,15,,10596,12,,,0,7,,10597,12,,,0,9,,10598,12,,,0,13,,10599,12,,,0,55,,10600,12,,,0,15,,10601,12,,,0,15,,10602,12,,,0,15,,10603,12,,,0,55,,10604,12,,,0,15,,10605,12,,,0,15,,10606,12,,,0,15,,10607,12,,,0,56,,10608,12,,,0,15,,10609,12,,,0,15,,10610,12,,,0,15,,10611,12,,,0,55,,10612,12,,,0,15,,10613,12,,,0,14,,10614,12,,,0,16,,10615,12,,,0,55,,10616,12,,,0,15,,10617,12,,,0,15,,10618,12,,,0,15,,10619,12,,,0,54,,10620,12,,,0,16,,10621,12,,,0,14,,10622,12,,,0,15,,10623,12,,,0,56,,10624,12,,,0,7,,10625,12,,,0,8,,10626,12,,,0,16,,10627,12,,,0,14,,10628,12,,,0,55,,10629,12,,,0,16,,10630,12,,,0,15,,10631,12,,,0,15,,10632,12,,,0,48,,10633,12,,,0,7,,10634,12,,,0,14,,10635,12,,,0,15,,10636,12,,,0,15,,10637,12,,,0,54,,10638,12,,,0,15,,10639,12,,,0,15,,10640,12,,,0,15,,10641,12,,,0,54,,10642,12,,,0,15,,10643,12,,,0,16,,10644,12,,,0,14,,10645,12,,,0,55,,10646,12,,,0,20,,10647,12,,,0,20,,10648,12,,,0,74,,10649,12,,,0,30,,10650,12,,,0,66,,10651,12,,,0,33,,10652,12,,,0,67,,10653,12,,,0,33,,10654,12,,,0,67,,10655,12,,,0,30,,10656,12,,,0
901,'5518',709,,10657,12,,,0,30,,10660,12,,,0,70,,10658,12,,,0,30,,10659,12,,,0,70,,10664,12,,,0,30,,10661,12,,,0,70,,10663,12,,,0,30,,10662,12,,,0,70,,10667,12,,,0,30,,10665,12,,,0,70,,10666,12,,,0,31,,10671,12,,,0,70,,10669,12,,,0,30,,10672,12,,,0,70,,10668,12,,,0,30,,10670,12,,,0,71,,10684,12,,,0,30,,10674,12,,,0,70,,10675,12,,,0,29,,10673,12,,,0,70,,10676,12,,,0,30,,10677,12,,,0,70,,10689,12,,,0,30,,10681,12,,,0,70,,10678,12,,,0,29,,10680,12,,,0,70,,10679,12,,,0,30,,10682,12,,,0,70,,10688,12,,,0,30,,10683,12,,,0,70,,10685,12,,,0,29,,10686,12,,,0,70,,10687,12,,,0,30,,10690,12,,,0
901,'5520',609,,10691,12,,,0,30,,10692,12,,,0,71,,10693,12,,,0,16,,10694,12,,,0,15,,10695,12,,,0,16,,10696,12,,,0,55,,10697,12,,,0,15,,10698,12,,,0,7,,10699,12,,,0,9,,10700,12,,,0,13,,10701,12,,,0,55,,10702,12,,,0,15,,10703,12,,,0,15,,10704,12,,,0,15,,10705,12,,,0,55,,10706,12,,,0,15,,10707,12,,,0,15,,10708,12,,,0,15,,10709,12,,,0,56,,10710,12,,,0,15,,10711,12,,,0,15,,10712,12,,,0,15,,10713,12,,,0,55,,10714,12,,,0,15,,10715,12,,,0,14,,10716,12,,,0,16,,10717,12,,,0,55,,10718,12,,,0,15,,10719,12,,,0,15,,10720,12,,,0,15,,10721,12,,,0,54,,10722,12,,,0,16,,10723,12,,,0,14,,10724,12,,,0,15,,10725,12,,,0,56,,10726,12,,,0,7,,10727,12,,,0,8,,10728,12,,,0,16,,10729,12,,,0,14,,10730,12,,,0,55,,10731,12,,,0,16,,10732,12,,,0,15,,10733,12,,,0,15,,10734,12,,,0,48,,10735,12,,,0,7,,10736,12,,,0,14,,10737,12,,,0,15,,10738,12,,,0,15,,10739,12,,,0,54,,10740,12,,,0,15,,10741,12,,,0,15,,10742,12,,,0,15,,10743,12,,,0,54,,10744,12,,,0,15,,10745,12,,,0,16,,10746,12,,,0,14,,10747,12,,,0,55,,10748,12,,,0,20,,10749,12,,,0,20,,10750,12,,,0,74,,10751,12,,,0,30,,10752,12,,,0,66,,10753,12,,,0,33,,10754,12,,,0,67,,10755,12,,,0,33,,10756,12,,,0,67,,10757,12,,,0,30,,10758,12,,,0
901,'5526',608,,10797,12,,,0,30,,10798,12,,,0,72,,10785,12,,,0,30,,10781,12,,,0,70,,10759,12,,,0,30,,10763,12,,,0,71,,10761,12,,,0,30,,10760,12,,,0,70,,10762,12,,,0,29,,10764,12,,,0,15,,10791,12,,,0,55,,10765,12,,,0,15,,10789,12,,,0,15,,10767,12,,,0,72,,10768,12,,,0,30,,10769,12,,,0,70,,10766,12,,,0,30,,10770,12,,,0,70,,10771,12,,,0,14,,10796,12,,,0,15,,10773,12,,,0,15,,10793,12,,,0,55,,10775,12,,,0,15,,10795,12,,,0,15,,10777,12,,,0,15,,10790,12,,,0,55,,10778,12,,,0,15,,10792,12,,,0,15,,10774,12,,,0,15,,10794,12,,,0,55,,10772,12,,,0,30,,10776,12,,,0,75,,10779,12,,,0,40,,10787,12,,,0,70,,10782,12,,,0,100,,10783,12,,,0,100,,10784,12,,,0,99,,10780,12,,,0,105,,10786,12,,,0,104,,10788,12,,,0,104,,10799,12,,,0
1600,'5475',711,,11105,35,,,0
1600,'5520',711,,11134,35,,,0
