1400,'4532',801,,8658,8,,,0,135,,8660,8,,,0,95,,7811,8,,,0,101,,7808,8,,,0,100,,6289,8,,,0,100,,8661,8,,,0,105,,6291,8,,,0,212,,6292,8,,,0,207,,8659,8,,,0,100,,7810,8,,,0
1400,'5475',614,,11006,8,,,0,31,,11005,8,,,0,87,,10998,8,,,0,27,,11000,8,0,7 8 2 9 2 10,0,83,,11003,8,,,0,91,,11001,8,,,0,114,,10999,8,,,0,185,,11007,8,,,0,217,,11002,8,0,9,0,155,,11008,8,,,0,39,,11009,8,,,0,75,,11010,8,,,0,39,,11011,8,,,0,145,,11004,8,,,0,114,,11012,8,,,0,30,,11013,8,,,0,365,,11015,8,,,0,29,,11014,8,,,0
1400,'5518',906,,11017,8,,,0,200,,11016,8,,,0,130,,11021,8,,,0,95,,11018,8,,,0,100,,11019,8,,,0,170,,11020,8,,,0,225,,11022,8,,,0
1400,'5520',614,,11031,8,,,0,31,,11030,8,,,0,87,,11023,8,,,0,27,,11025,8,0,7 8 2 9 2 10,0,83,,11028,8,,,0,91,,11026,8,,,0,114,,11024,8,,,0,185,,11032,8,,,0,217,,11027,8,0,9,0,155,,11033,8,,,0,39,,11034,8,,,0,75,,11035,8,,,0,39,,11036,8,,,0,145,,11029,8,,,0,114,,11037,8,,,0,30,,11038,8,,,0
1400,'5526',801,,11039,8,,,0,135,,11042,8,,,0,95,,11048,8,,,0,101,,11045,8,,,0,100,,11041,8,,,0,100,,11046,8,,,0,105,,11043,8,,,0,212,,11044,8,,,0,207,,11040,8,,,0,100,,11047,8,,,0
8001,'5475',1454,,11486,7,,,0,3,,11486,14,,,0
8001,'5522',1454,,11487,7,,,0,3,,11487,14,,,0
8001,'5525',1459,,11488,7,,,0,43,,11488,14,,,0
8100,'5475',749,,11489,16,,,0
8100,'5520',749,,11490,16,,,0
8101,'5475',1542,,11491,43,,,0
8101,'5522',1542,,11492,43,,,0
8101,'5525',1436,,11493,43,,,0
