401,'4532',811,,7104,13,,,0,25,,7105,13,,,0,65,,7107,13,,,0,25,,7106,13,,,0,26,,7108,13,,,0,65,,7110,13,,,0,25,,7111,13,,,0,66,,7112,13,,,0,25,,7109,13,,,0,26,,7114,13,,,0,66,,7116,13,,,0,28,,8295,13,,,0,67,,7115,13,,,0,28,,8296,13,,,0,67,,7119,13,,,0,30,,8299,13,,,0,67,,7123,13,,,0,29,,8298,13,,,0,67,,7124,13,,,0,26,,8300,13,,,0,67,,7120,13,,,0,27,,8297,13,,,0,27,,7126,13,,,0,67,,8301,13,,,0,34,,7127,13,,,0,100,,7129,13,,,0,100,,7130,13,,,0,99,,7131,13,,,0,100,,8302,13,,,0
401,'5475',616,,9669,13,,,0,25,,9673,13,,,0,87,,9671,13,,,0,72,,9675,13,,,0,30,,9672,13,,,0,70,,9676,13,,,0,30,,9697,13,,,0,70,,9670,13,,,0,30,,9679,13,,,0,70,,9680,13,,,0,31,,9678,13,,,0,70,,9677,13,,,0,30,,9686,13,,,0,70,,9698,13,,,0,30,,9685,13,,,0,70,,9674,13,,,0,30,,9695,13,,,0,70,,9684,13,,,0,21,,9699,13,,,0,10,,9694,13,,,0,70,,9691,13,,,0,12,,9700,13,,,0,18,,9682,13,,,0,70,,9681,13,,,0,29,,9690,13,,,0,69,,9683,13,,,0,29,,9692,13,,,0,97,,9693,13,,,0,97,,9688,13,,,0,99,,9687,13,,,0,100,,9689,13,,,0,118,,9696,13,,,0,16,,9701,13,,,0,149,,9702,13,,,0
401,'5518',824,,9706,13,,,0,117,,9703,13,,,0,160,,9704,13,,,0,120,,9705,13,,,0,95,,9709,13,,,0,126,,9707,13,,,0,167,,9708,13,,,0,124,,9710,13,,,0,120,,9711,13,,,0
401,'5520',616,,9712,13,,,0,25,,9716,13,,,0,87,,9714,13,,,0,72,,9718,13,,,0,30,,9715,13,,,0,70,,9719,13,,,0,30,,9740,13,,,0,70,,9713,13,,,0,30,,9722,13,,,0,70,,9723,13,,,0,31,,9721,13,,,0,70,,9720,13,,,0,30,,9729,13,,,0,70,,9741,13,,,0,30,,9728,13,,,0,70,,9717,13,,,0,30,,9738,13,,,0,70,,9727,13,,,0,21,,9742,13,,,0,10,,9737,13,,,0,70,,9734,13,,,0,12,,9743,13,,,0,18,,9725,13,,,0,70,,9724,13,,,0,29,,9733,13,,,0,69,,9726,13,,,0,29,,9735,13,,,0,97,,9736,13,,,0,97,,9731,13,,,0,99,,9730,13,,,0,100,,9732,13,,,0,118,,9739,13,,,0
401,'5526',811,,9744,13,,,0,25,,9745,13,,,0,65,,9747,13,,,0,25,,9746,13,,,0,26,,9748,13,,,0,65,,9750,13,,,0,25,,9751,13,,,0,66,,9752,13,,,0,25,,9749,13,,,0,26,,9754,13,,,0,66,,9756,13,,,0,28,,9753,13,,,0,67,,9755,13,,,0,28,,9757,13,,,0,67,,9759,13,,,0,30,,9762,13,,,0,67,,9763,13,,,0,29,,9761,13,,,0,67,,9764,13,,,0,26,,9765,13,,,0,67,,9760,13,,,0,27,,9758,13,,,0,27,,9766,13,,,0,67,,9768,13,,,0,34,,9767,13,,,0,100,,9769,13,,,0,100,,9770,13,,,0,99,,9771,13,,,0,100,,9772,13,,,0
501,'4532',749,,7242,5,,,0,70,,7230,5,,,0,30,,7228,5,,,0,70,,7244,5,,,0,30,,7231,5,,,0,70,,7245,5,,,0,30,,7229,5,,,0,70,,7243,5,,,0,30,,7232,5,,,0,70,,7246,5,,,0,30,,7233,5,,,0,71,,7241,5,,,0,30,,7235,5,,,0,70,,7247,5,,,0,30,,7234,5,,,0,71,,7252,5,,,0,30,,7238,5,,,0,69,,7248,5,,,0,30,,7237,5,,,0,70,,7251,5,,,0,30,,7236,5,,,0,70,,7249,5,,,0,119,,7239,5,,,0,95,,7250,5,,,0,103,,7240,5,,,0,100,,7253,5,,,0
501,'5475',659,,9863,5,,,0,55,,9875,5,,,0,15,,9866,5,,,0,73,,9865,5,,,0,33,,9864,5,,,0,73,,9872,5,,,0,33,,9874,5,,,0,73,,9873,5,,,0,33,,9868,5,,,0,73,,9867,5,,,0,33,,9876,5,,,0,74,,9869,5,,,0,76,,9871,5,,,0,36,,9870,5,,,0,76,,9889,5,,,0,36,,9887,5,,,0,76,,9884,5,,,0,76,,9878,5,,,0,36,,9879,5,,,0,76,,9880,5,,,0,35,,9882,5,,,0,75,,9885,5,,,0,75,,9883,5,,,0,45,,9881,5,,,0,100,,9877,5,,,0,100,,9886,5,,,0,156,,9888,5,,,0,23,,9890,5,,,0,110,,9891,5,,,0
501,'5518',904,,9894,5,,,0,119,,9895,5,,,0,120,,9892,5,,,0,162,,9893,5,,,0,95,,9897,5,,,0,127,,9896,5,,,0,127,,9898,5,,,0,161,,9899,5,,,0
501,'5520',659,,9900,5,,,0,55,,9912,5,,,0,15,,9903,5,,,0,73,,9902,5,,,0,33,,9901,5,,,0,73,,9909,5,,,0,33,,9911,5,,,0,73,,9910,5,,,0,33,,9905,5,,,0,73,,9904,5,,,0,33,,9913,5,,,0,74,,9906,5,,,0,76,,9908,5,,,0,36,,9907,5,,,0,76,,9926,5,,,0,36,,9924,5,,,0,76,,9921,5,,,0,76,,9915,5,,,0,36,,9916,5,,,0,76,,9917,5,,,0,35,,9919,5,,,0,75,,9922,5,,,0,75,,9920,5,,,0,45,,9918,5,,,0,100,,9914,5,,,0,100,,9923,5,,,0,156,,9925,5,,,0
501,'5526',749,,9941,5,,,0,70,,9929,5,,,0,30,,9927,5,,,0,70,,9943,5,,,0,30,,9930,5,,,0,70,,9944,5,,,0,30,,9928,5,,,0,70,,9942,5,,,0,30,,9931,5,,,0,70,,9945,5,,,0,30,,9932,5,,,0,71,,9940,5,,,0,30,,9934,5,,,0,70,,9946,5,,,0,30,,9933,5,,,0,71,,9951,5,,,0,30,,9937,5,,,0,69,,9947,5,,,0,30,,9936,5,,,0,70,,9950,5,,,0,30,,9935,5,,,0,70,,9948,5,,,0,119,,9938,5,,,0,95,,9949,5,,,0,103,,9939,5,,,0,100,,9952,5,,,0
