701,'4532',632,,8442,25,,,0,70,,7513,22,,,0,31,,8434,25,,,0,70,,8419,22,,,0,31,,7477,22,,,0,71,,8420,25,,,0,29,,8421,22,,,0,70,,7487,22,,,0,31,,8428,25,,,0,14,,7505,22,,,0,56,,8427,25,,,0,15,,7506,22,,,0,22,,8429,22,,,0,72,,8426,25,,,0,28,,7493,22,,,0,70,,8424,22,,,0,32,,8430,25,,,0,68,,7489,22,,,0,30,,8438,25,,,0,13,,8431,22,,,0,55,,8439,22,,,0,16,,8432,25,,,0,14,,7508,22,,,0,15,,7485,22,,,0,56,,8440,25,,,0,14,,7495,22,,,0,15,,8437,22,,,0,64,,8425,25,,,0,29,,7499,22,,,0,70,,7480,22,,,0,36,,8423,25,,,0,73,,7484,22,,,0,36,,8435,25,,,0,74,,7503,22,,,0,105,,7482,22,,,0,97,,8422,25,,,0,102,,8433,22,,,0,98,,8436,22,,,0,26,,8441,25,,,0,69,,8443,22,,,0
701,'5475',604,,10198,5,,,0,18,,10199,22,,,0,17,,10200,25,,,0,14,,10201,22,,,0,56,,10202,25,,,0,6,,10203,22,,,0,10,,10204,25,,,0,15,,10205,22,,,0,19,,10206,25,,,0,52,,10207,22,,,0,19,,10208,25,,,0,11,,10209,22,,,0,16,,10210,25,,,0,52,,10211,22,,,0,18,,10212,25,,,0,13,,10248,22,,,0,17,,10213,25,,,0,53,,10253,22,,,0,17,,10214,25,,,0,29,,10215,22,,,0,74,,10216,25,,,0,27,,10217,22,,,0,72,,10218,25,,,0,28,,10219,22,,,0,72,,10220,25,,,0,28,,10221,22,,,0,74,,10222,25,,,0,11,,10223,22,,,0,15,,10224,22,,,0,58,,10225,25,,,0,13,,10226,22,,,0,17,,10227,25,,,0,12,,10228,22,,,0,58,,10229,25,,,0,12,,10230,22,,,0,18,,10231,25,,,0,12,,10232,22,,,0,58,,10233,25,,,0,11,,10234,22,,,0,18,,10235,25,,,0,11,,10249,22,,,0,56,,10250,25,,,0,13,,10236,22,,,0,32,,10237,25,,,0,67,,10238,22,,,0,33,,10239,25,,,0,67,,10240,22,,,0,31,,10241,25,,,0,69,,10242,22,,,0,31,,10243,25,,,0,69,,10244,22,,,0,30,,10245,25,,,0,68,,10246,22,,,0,33,,10247,25,,,0,72,,10251,22,,,0,30,,10252,25,,,0
701,'5518',717,,10255,22,,,0,27,,10256,25,,,0,99,,10257,22,,,0,97,,10258,25,,,0,73,,10261,22,,,0,30,,10259,22,,,0,67,,10260,25,,,0,33,,10268,22,,,0,67,,10263,25,,,0,29,,10262,22,,,0,72,,10265,25,,,0,28,,10275,22,,,0,72,,10267,25,,,0,29,,10271,22,,,0,71,,10266,25,,,0,29,,10264,22,,,0,71,,10270,25,,,0,27,,10274,22,,,0,72,,10269,25,,,0,28,,10276,22,,,0,71,,10272,25,,,0,29,,10278,22,,,0,101,,10273,25,,,0,99,,10281,22,,,0,104,,10277,25,,,0,96,,10279,22,,,0,101,,10280,25,,,0
701,'5520',604,,10282,5,,,0,18,,10283,22,,,0,17,,10284,25,,,0,14,,10285,22,,,0,56,,10286,25,,,0,6,,10287,22,,,0,10,,10288,25,,,0,15,,10289,22,,,0,19,,10290,25,,,0,52,,10291,22,,,0,19,,10292,25,,,0,11,,10293,22,,,0,16,,10294,25,,,0,52,,10295,22,,,0,18,,10296,25,,,0,13,,10332,22,,,0,17,,10297,25,,,0,53,,10337,22,,,0,17,,10298,25,,,0,29,,10299,22,,,0,74,,10300,25,,,0,27,,10301,22,,,0,72,,10302,25,,,0,28,,10303,22,,,0,72,,10304,25,,,0,28,,10305,22,,,0,74,,10306,25,,,0,11,,10307,22,,,0,15,,10308,22,,,0,58,,10309,25,,,0,13,,10310,22,,,0,17,,10311,25,,,0,12,,10312,22,,,0,58,,10313,25,,,0,12,,10314,22,,,0,18,,10315,25,,,0,12,,10316,22,,,0,58,,10317,25,,,0,11,,10318,22,,,0,18,,10319,25,,,0,11,,10333,22,,,0,56,,10334,25,,,0,13,,10320,22,,,0,32,,10321,25,,,0,67,,10322,22,,,0,33,,10323,25,,,0,67,,10324,22,,,0,31,,10325,25,,,0,69,,10326,22,,,0,31,,10327,25,,,0,69,,10328,22,,,0,30,,10329,25,,,0,68,,10330,22,,,0,33,,10331,25,,,0,72,,10335,22,,,0,30,,10336,25,,,0
701,'5526',632,,10376,25,,,0,70,,10375,22,,,0,31,,10363,25,,,0,70,,10338,22,,,0,31,,10339,22,,,0,71,,10340,25,,,0,29,,10341,22,,,0,70,,10349,22,,,0,31,,10354,25,,,0,14,,10367,22,,,0,56,,10353,25,,,0,15,,10368,22,,,0,22,,10356,22,,,0,72,,10352,25,,,0,28,,10355,22,,,0,70,,10348,22,,,0,32,,10358,25,,,0,68,,10351,22,,,0,30,,10371,25,,,0,13,,10359,22,,,0,55,,10372,22,,,0,16,,10360,25,,,0,14,,10370,22,,,0,15,,10347,22,,,0,56,,10373,25,,,0,14,,10357,22,,,0,15,,10369,22,,,0,64,,10350,25,,,0,29,,10361,22,,,0,70,,10342,22,,,0,36,,10345,25,,,0,73,,10346,22,,,0,36,,10364,25,,,0,74,,10365,22,,,0,105,,10344,22,,,0,97,,10343,25,,,0,102,,10362,22,,,0,98,,10366,22,,,0,26,,10374,25,,,0,69,,10377,22,,,0
7001,'5475',1521,,11458,12,,,0
7001,'5520',1521,,11459,12,,,0
7301,'5475',1520,,11466,12,,,0
7301,'5520',1520,,11467,12,,,0
7401,'5475',1532,,11468,9,,,0
7401,'5522',1532,,11469,9,,,0
7401,'5525',1432,,11470,9,,,0
7701,'5475',1537,,11475,12,,,0
7701,'5520',1537,,11476,12,,,0
