1601,'4532',827,,8692,17,,,0,115,,7876,17,,,0,95,,7878,17,,,0,110,,8693,17,,,0,95,,8694,17,,,0,100,,7879,17,,,0,100,,7882,17,,,0,100,,6404,17,,,0,105,,6402,17,,,0,95,,8695,17,,,0,99,,8696,17,,,0,100,,8697,17,,,0
1601,'5475',743,,11161,17,,,0,100,,11157,17,,,0,100,,11158,17,,,0,100,,11156,17,,,0,100,,11165,17,,,0,100,,11159,17,,,0,101,,11160,17,,,0,100,,11163,17,,,0,111,,11164,17,,,0,102,,11167,17,,,0,97,,11169,17,,,0,98,,11168,17,,,0,100,,11166,17,,,0,399,,11171,17,,,0,101,,11172,17,,,0
1601,'5518',846,,11173,17,,,0,100,,11176,17,,,0,100,,11174,17,,,0,100,,11175,17,,,0,101,,11177,17,,,0,100,,11179,17,,,0,99,,11184,17,,,0,100,,11181,17,,,0,105,,11178,17,,,0,100,,11180,17,,,0,100,,11182,17,,,0,100,,11183,17,,,0
1601,'5520',743,,11190,17,,,0,100,,11186,17,,,0,100,,11187,17,,,0,100,,11185,17,,,0,100,,11194,17,,,0,100,,11188,17,,,0,101,,11189,17,,,0,100,,11192,17,,,0,111,,11193,17,,,0,102,,11196,17,,,0,97,,11198,17,,,0,98,,11197,17,,,0,100,,11195,17,,,0
1601,'5526',827,,11201,17,,,0,115,,11200,17,,,0,95,,11202,17,,,0,110,,11204,17,,,0,95,,11205,17,,,0,100,,11203,17,,,0,100,,11207,17,,,0,100,,11208,17,,,0,105,,11206,17,,,0,95,,11209,17,,,0,99,,11210,17,,,0,100,,11211,17,,,0
1701,'4532',721,,7959,17,0,11 12,0,100,,8730,17,0,11 12,0,90,,7955,17,0,11 12,0,131,,7957,17,0,11 12,0,170,,7960,17,0,15 1 16,0,100,,7961,17,0,15 1 16,0,130,,7958,17,0,15 1 16,0,170,,7962,17,0,15 1 16,0,105,,8731,17,0,15 1 16,0,99,,8733,17,0,13 14,0,105,,8734,17,0,13 14,0,105,,8735,17,0,13 14,0,110,,8732,17,0,13 14,0,120,,7968,17,0,13 14,0
1701,'5475',728,,11282,17,0,11 12,0,87,,11287,17,0,11 12,0,98,,11275,17,0,11 12,0,100,,11278,17,0,11 12,0,101,,11274,17,0,11 12,0,100,,11276,17,0,15 1 16,0,100,,11279,17,0,15 1 16,0,110,,11281,17,0,15 1 16,0,92,,11284,17,0,15 1 16,0,110,,11289,17,0,15 1 16,0,98,,11285,17,0,15 1 16,0,104,,11288,17,0,15 1 16,0,119,,11286,17,0,13 14,0,100,,11280,17,0,13 14,0,155,,11277,17,0,13 14,0,114,,11290,17,0,13 14,0,38,,11291,17,0,13 14,0,148,,11292,17,0,13 14,0
1701,'5518',821,,11293,17,0,11 12,0,100,,11294,17,0,11 12,0,116,,11295,17,0,11 12,0,95,,11296,17,0,13 14,0,200,,11298,17,0,11 12,0,210,,11297,17,0,13 14,0,100,,11300,17,0,11 12,0,100,,11299,17,0,15 1 16,0,100,,11301,17,0,13 14,0,170,,11302,17,0,13 14,0
1701,'5520',728,,11311,17,0,11 12,0,87,,11316,17,0,11 12,0,98,,11304,17,0,11 12,0,100,,11307,17,0,11 12,0,101,,11303,17,0,11 12,0,100,,11305,17,0,15 1 16,0,100,,11308,17,0,15 1 16,0,110,,11310,17,0,15 1 16,0,92,,11313,17,0,15 1 16,0,110,,11318,17,0,15 1 16,0,98,,11314,17,0,15 1 16,0,104,,11317,17,0,15 1 16,0,119,,11315,17,0,13 14,0,100,,11309,17,0,13 14,0,155,,11306,17,0,13 14,0,114,,11319,17,0,13 14,0
1701,'5526',721,,11324,17,0,11 12,0,100,,11321,17,0,11 12,0,90,,11320,17,0,11 12,0,131,,11322,17,0,11 12,0,170,,11325,17,0,15 1 16,0,100,,11326,17,0,15 1 16,0,130,,11323,17,0,15 1 16,0,170,,11327,17,0,15 1 16,0,105,,11328,17,0,15 1 16,0,99,,11330,17,0,13 14,0,105,,11331,17,0,13 14,0,105,,11332,17,0,13 14,0,110,,11329,17,0,13 14,0,120,,11333,17,0,13 14,0
