300,'4532',723,,8214,22,,,0,30,,8213,22,,,0,76,,5240,22,,,0,76,,6907,22,,,0,30,,6908,22,,,0,71,,6906,22,,,0,30,,6905,22,,,0,70,,8215,22,,,0,30,,6910,22,,,0,70,,6912,22,,,0,31,,8216,22,,,0,70,,8219,22,,,0,30,,5252,22,,,0,70,,8218,22,,,0,30,,6917,22,,,0,71,,5255,22,,,0,30,,6916,22,,,0,70,,5257,22,,,0,30,,8217,22,,,0,70,,5258,22,,,0,30,,6918,22,,,0,70,,6920,22,,,0,35,,8221,22,,,0,64,,8222,22,,,0,45,,8223,22,,,0,105,,8225,22,,,0,145,,8226,22,,,0,103,,8220,22,,,0,98,,8224,22,,,0
300,'5475',633,,9331,22,,,0,22,,9318,22,,,0,60,,9311,22,,,0,9,,9312,22,,,0,15,,9306,22,,,0,19,,9334,22,,,0,58,,9320,22,,,0,16,,9323,22,,,0,19,,9324,22,,,0,59,,9316,22,,,0,30,,9317,22,,,0,70,,9319,22,,,0,31,,9341,22,,,0,70,,9326,22,,,0,30,,9314,22,,,0,71,,9328,22,,,0,30,,9340,22,,,0,70,,9302,22,,,0,31,,9325,22,,,0,71,,9303,22,,,0,33,,9335,22,,,0,55,,9313,22,,,0,15,,9321,22,,,0,10,,9342,22,,,0,4,,9344,22,,,0,15,,9305,22,,,0,12,,9304,22,,,0,55,,9332,22,,,0,15,,9308,22,,,0,15,,9310,22,,,0,15,,9339,22,,,0,54,,9322,22,,,0,14,,9301,22,,,0,14,,9307,22,,,0,15,,9330,22,,,0,55,,9309,22,,,0,29,,9338,22,,,0,69,,9329,22,,,0,30,,9343,22,,,0,70,,9327,22,,,0,99,,9337,22,,,0,99,,9333,22,,,0,100,,9336,22,,,0,96,,9300,22,0,17 18 19,0,100,,9345,22,,,0
300,'5518',808,,9346,22,,,0,93,,9348,22,,,0,100,,9347,22,,,0,101,,9353,22,,,0,103,,9349,22,,,0,100,,9355,22,,,0,100,,9350,22,,,0,100,,9351,22,,,0,100,,9356,22,,,0,100,,9352,22,,,0,98,,9358,22,,,0,98,,9354,22,,,0,106,,9357,22,,,0,99,,9359,22,,,0,100,,9360,22,0,17 18 19,0
300,'5520',633,,9392,22,,,0,22,,9379,22,,,0,60,,9372,22,,,0,9,,9373,22,,,0,15,,9367,22,,,0,19,,9395,22,,,0,58,,9381,22,,,0,16,,9384,22,,,0,19,,9385,22,,,0,59,,9377,22,,,0,30,,9378,22,,,0,70,,9380,22,,,0,31,,9402,22,,,0,70,,9387,22,,,0,30,,9375,22,,,0,71,,9389,22,,,0,30,,9401,22,,,0,70,,9363,22,,,0,31,,9386,22,,,0,71,,9364,22,,,0,33,,9396,22,,,0,55,,9374,22,,,0,15,,9382,22,,,0,10,,9403,22,,,0,4,,9405,22,,,0,15,,9366,22,,,0,12,,9365,22,,,0,55,,9393,22,,,0,15,,9369,22,,,0,15,,9371,22,,,0,15,,9400,22,,,0,54,,9383,22,,,0,14,,9362,22,,,0,14,,9368,22,,,0,15,,9391,22,,,0,55,,9370,22,,,0,29,,9399,22,,,0,69,,9390,22,,,0,30,,9404,22,,,0,70,,9388,22,,,0,99,,9398,22,,,0,99,,9394,22,,,0,100,,9397,22,,,0,96,,9361,22,0,17 18 19,0
300,'5526',723,,9407,22,,,0,30,,9406,22,,,0,76,,9408,22,,,0,76,,9411,22,,,0,30,,9412,22,,,0,71,,9410,22,,,0,30,,9409,22,,,0,70,,9413,22,,,0,30,,9414,22,,,0,70,,9416,22,,,0,31,,9415,22,,,0,70,,9419,22,,,0,30,,9420,22,,,0,70,,9418,22,,,0,30,,9422,22,,,0,71,,9423,22,,,0,30,,9421,22,,,0,70,,9425,22,,,0,30,,9417,22,,,0,70,,9426,22,,,0,30,,9424,22,,,0,70,,9428,22,,,0,35,,9429,22,,,0,64,,9430,22,,,0,45,,9431,22,,,0,105,,9433,22,,,0,145,,9434,22,,,0,103,,9427,22,,,0,98,,9432,22,,,0
1400,'5475',826,,11000,55,0,7 8 2 9 2 10,0
1400,'5520',826,,11025,55,0,7 8 2 9 2 10,0
8100,'5475',819,,11489,65,,,0
8100,'5520',819,,11490,65,,,0
8101,'5475',1529,,11491,27,,,0
8101,'5522',1529,,11492,27,,,0
8101,'5525',1423,,11493,27,,,0
