301,'4532',711,,8252,11,,,0,30,,8250,11,,,0,76,,5324,11,,,0,36,,6973,37,,,0,70,,6975,37,,,0,31,,6980,37,,,0,70,,6978,37,,,0,30,,8253,37,,,0,70,,6976,37,,,0,30,,6979,37,,,0,71,,8251,37,,,0,30,,8254,37,,,0,70,,5333,37,,,0,30,,8255,37,,,0,70,,6983,37,,,0,31,,5332,37,,,0,70,,6984,37,,,0,30,,5338,37,,,0,70,,8256,37,,,0,30,,5342,37,,,0,70,,6985,37,,,0,30,,6990,37,,,0,75,,8257,37,,,0,24,,8258,37,,,0,85,,8259,37,,,0,105,,8260,37,,,0,105,,8261,37,,,0,103,,8262,37,,,0,99,,8263,37,,,0
301,'5475',620,,9458,11,,,0,22,,9453,11,,,0,60,,9450,37,,,0,9,,9449,37,,,0,15,,9438,11,,,0,18,,9442,37,,,0,58,,9451,37,,,0,16,,9461,37,,,0,19,,9445,37,,,0,19,,9452,37,,,0,70,,9460,37,,,0,30,,9457,37,,,0,71,,9475,37,,,0,30,,9439,37,,,0,70,,9436,37,,,0,31,,9462,37,,,0,70,,9446,37,,,0,30,,9474,37,,,0,71,,9468,37,,,0,30,,9467,37,,,0,73,,9473,37,,,0,15,,9466,37,,,0,55,,9471,37,,,0,10,,9476,37,,,0,20,,9469,37,,,0,13,,9464,37,,,0,55,,9444,37,,,0,15,,9443,37,,,0,15,,9440,37,,,0,15,,9472,37,,,0,55,,9441,37,,,0,14,,9455,37,,,0,14,,9454,37,,,0,15,,9447,37,,,0,15,,9448,37,,,0,69,,9470,37,,,0,29,,9459,37,,,0,70,,9477,37,,,0,30,,9437,37,,,0,99,,9465,37,,,0,99,,9456,37,,,0,100,,9463,37,,,0,96,,9435,37,,,0,100,,9478,37,,,0
301,'5518',849,,9479,37,,,0,100,,9480,37,,,0,101,,9485,37,,,0,103,,9481,37,,,0,100,,9486,37,,,0,100,,9482,37,,,0,100,,9483,37,,,0,100,,9488,37,,,0,100,,9484,37,,,0,98,,9490,37,,,0,98,,9487,37,,,0,106,,9489,37,,,0,99,,9491,37,,,0,100,,9492,37,,,0
301,'5520',620,,9516,11,,,0,22,,9511,11,,,0,60,,9508,37,,,0,9,,9507,37,,,0,15,,9496,11,,,0,18,,9500,37,,,0,58,,9509,37,,,0,16,,9519,37,,,0,19,,9503,37,,,0,19,,9510,37,,,0,70,,9518,37,,,0,30,,9515,37,,,0,71,,9533,37,,,0,30,,9497,37,,,0,70,,9494,37,,,0,31,,9520,37,,,0,70,,9504,37,,,0,30,,9532,37,,,0,71,,9526,37,,,0,30,,9525,37,,,0,73,,9531,37,,,0,15,,9524,37,,,0,55,,9529,37,,,0,10,,9534,37,,,0,20,,9527,37,,,0,13,,9522,37,,,0,55,,9502,37,,,0,15,,9501,37,,,0,15,,9498,37,,,0,15,,9530,37,,,0,55,,9499,37,,,0,14,,9513,37,,,0,14,,9512,37,,,0,15,,9505,37,,,0,15,,9506,37,,,0,69,,9528,37,,,0,29,,9517,37,,,0,70,,9535,37,,,0,30,,9495,37,,,0,99,,9523,37,,,0,99,,9514,37,,,0,100,,9521,37,,,0,96,,9493,37,,,0
301,'5526',711,,9539,11,,,0,30,,9536,11,,,0,76,,9540,11,,,0,36,,9538,37,,,0,70,,9541,37,,,0,31,,9546,37,,,0,70,,9544,37,,,0,30,,9543,37,,,0,70,,9542,37,,,0,30,,9545,37,,,0,71,,9537,37,,,0,30,,9547,37,,,0,70,,9549,37,,,0,30,,9550,37,,,0,70,,9551,37,,,0,31,,9548,37,,,0,70,,9552,37,,,0,30,,9554,37,,,0,70,,9555,37,,,0,30,,9558,37,,,0,70,,9553,37,,,0,30,,9560,37,,,0,75,,9556,37,,,0,24,,9557,37,,,0,85,,9559,37,,,0,105,,9561,37,,,0,105,,9562,37,,,0,103,,9563,37,,,0,99,,9564,37,,,0
1400,'5475',813,,11000,33,0,7 8 2 9 2 10,0,690,,11002,33,0,9,0
1400,'5520',813,,11025,33,0,7 8 2 9 2 10,0,690,,11027,33,0,9,0
8100,'5475',808,,11489,43,,,0
8100,'5520',808,,11490,43,,,0
8101,'5475',1517,,11491,5,,,0
8101,'5522',1517,,11492,5,,,0
8101,'5525',1411,,11493,5,,,0
