1601,'4532',824,,8692,12,,,0,115,,7876,12,,,0,95,,7878,12,,,0,110,,8693,12,,,0,95,,8694,12,,,0,100,,7879,12,,,0,100,,7882,12,,,0,100,,6404,12,,,0,105,,6402,12,,,0,95,,8695,12,,,0,99,,8696,12,,,0,100,,8697,12,,,0
1601,'5475',740,,11161,12,,,0,100,,11157,12,,,0,100,,11158,12,,,0,100,,11156,12,,,0,100,,11165,12,,,0,100,,11159,12,,,0,100,,11160,12,,,0,100,,11163,12,,,0,111,,11164,12,,,0,102,,11167,12,,,0,97,,11169,12,,,0,99,,11168,12,,,0,100,,11166,12,,,0,399,,11171,12,,,0,101,,11172,12,,,0
1601,'5518',843,,11173,12,,,0,100,,11176,12,,,0,100,,11174,12,,,0,100,,11175,12,,,0,101,,11177,12,,,0,100,,11179,12,,,0,99,,11184,12,,,0,100,,11181,12,,,0,105,,11178,12,,,0,100,,11180,12,,,0,100,,11182,12,,,0,100,,11183,12,,,0
1601,'5520',740,,11190,12,,,0,100,,11186,12,,,0,100,,11187,12,,,0,100,,11185,12,,,0,100,,11194,12,,,0,100,,11188,12,,,0,100,,11189,12,,,0,100,,11192,12,,,0,111,,11193,12,,,0,102,,11196,12,,,0,97,,11198,12,,,0,99,,11197,12,,,0,100,,11195,12,,,0
1601,'5526',824,,11201,12,,,0,115,,11200,12,,,0,95,,11202,12,,,0,110,,11204,12,,,0,95,,11205,12,,,0,100,,11203,12,,,0,100,,11207,12,,,0,100,,11208,12,,,0,105,,11206,12,,,0,95,,11209,12,,,0,99,,11210,12,,,0,100,,11211,12,,,0
1701,'4532',718,,7959,12,0,11 12,0,100,,8730,12,0,11 12,0,90,,7955,12,0,11 12,0,131,,7957,12,0,11 12,0,170,,7960,12,0,15 1 16,0,100,,7961,12,0,15 1 16,0,130,,7958,12,0,15 1 16,0,170,,7962,12,0,15 1 16,0,105,,8731,12,0,15 1 16,0,99,,8733,12,0,13 14,0,105,,8734,12,0,13 14,0,105,,8735,12,0,13 14,0,110,,8732,12,0,13 14,0,120,,7968,12,0,13 14,0
1701,'5475',725,,11282,12,0,11 12,0,86,,11287,12,0,11 12,0,99,,11275,12,0,11 12,0,100,,11278,12,0,11 12,0,100,,11274,12,0,11 12,0,100,,11276,12,0,15 1 16,0,100,,11279,12,0,15 1 16,0,110,,11281,12,0,15 1 16,0,92,,11284,12,0,15 1 16,0,110,,11289,12,0,15 1 16,0,99,,11285,12,0,15 1 16,0,104,,11288,12,0,15 1 16,0,119,,11286,12,0,13 14,0,100,,11280,12,0,13 14,0,115,,11277,12,0,13 14,0,154,,11290,12,0,13 14,0,38,,11291,12,0,13 14,0,108,,11292,12,0,13 14,0
1701,'5518',818,,11293,12,0,11 12,0,100,,11294,12,0,11 12,0,116,,11295,12,0,11 12,0,95,,11296,12,0,13 14,0,200,,11298,12,0,11 12,0,210,,11297,12,0,13 14,0,100,,11300,12,0,11 12,0,100,,11299,12,0,15 1 16,0,100,,11301,12,0,13 14,0,170,,11302,12,0,13 14,0
1701,'5520',725,,11311,12,0,11 12,0,86,,11316,12,0,11 12,0,99,,11304,12,0,11 12,0,100,,11307,12,0,11 12,0,100,,11303,12,0,11 12,0,100,,11305,12,0,15 1 16,0,100,,11308,12,0,15 1 16,0,110,,11310,12,0,15 1 16,0,92,,11313,12,0,15 1 16,0,110,,11318,12,0,15 1 16,0,99,,11314,12,0,15 1 16,0,104,,11317,12,0,15 1 16,0,119,,11315,12,0,13 14,0,100,,11309,12,0,13 14,0,115,,11306,12,0,13 14,0,154,,11319,12,0,13 14,0
1701,'5526',718,,11324,12,0,11 12,0,100,,11321,12,0,11 12,0,90,,11320,12,0,11 12,0,131,,11322,12,0,11 12,0,170,,11325,12,0,15 1 16,0,100,,11326,12,0,15 1 16,0,130,,11323,12,0,15 1 16,0,170,,11327,12,0,15 1 16,0,105,,11328,12,0,15 1 16,0,99,,11330,12,0,13 14,0,105,,11331,12,0,13 14,0,105,,11332,12,0,13 14,0,110,,11329,12,0,13 14,0,120,,11333,12,0,13 14,0
