301,'4532',843,,6973,22,,,0,70,,6975,22,,,0,31,,6980,22,,,0,70,,6978,22,,,0,30,,8253,22,,,0,70,,6976,22,,,0,30,,6979,22,,,0,71,,8251,22,,,0,30,,8254,22,,,0,70,,5333,22,,,0,30,,8255,22,,,0,70,,6983,22,,,0,30,,5332,22,,,0,70,,6984,22,,,0,30,,5338,22,,,0,70,,8256,22,,,0,30,,5342,22,,,0,70,,6985,22,,,0,30,,6990,22,,,0,75,,8257,22,,,0,24,,8258,22,,,0,85,,8259,22,,,0,105,,8260,22,,,0,105,,8261,22,,,0,104,,8262,22,,,0,100,,8263,22,,,0
301,'5475',651,,9450,22,,,0,49,,9449,22,,,0,32,,9442,22,,,0,17,,9451,22,,,0,56,,9461,22,,,0,20,,9445,22,,,0,19,,9452,22,,,0,70,,9460,22,,,0,30,,9457,22,,,0,71,,9475,22,,,0,30,,9439,22,,,0,70,,9436,22,,,0,31,,9462,22,,,0,70,,9446,22,,,0,30,,9474,22,,,0,71,,9468,22,,,0,30,,9467,22,,,0,72,,9473,22,,,0,15,,9466,22,,,0,15,,9471,22,,,0,10,,9476,22,,,0,60,,9469,22,,,0,14,,9464,22,,,0,15,,9444,22,,,0,55,,9443,22,,,0,15,,9440,22,,,0,15,,9472,22,,,0,15,,9441,22,,,0,54,,9455,22,,,0,14,,9454,22,,,0,15,,9447,22,,,0,15,,9448,22,,,0,70,,9470,22,,,0,29,,9459,22,,,0,70,,9477,22,,,0,30,,9437,22,,,0,99,,9465,22,,,0,100,,9456,22,,,0,100,,9463,22,,,0,98,,9435,22,,,0,100,,9478,22,,,0
301,'5518',840,,9479,22,,,0,100,,9480,22,,,0,101,,9485,22,,,0,103,,9481,22,,,0,98,,9486,22,,,0,100,,9482,22,,,0,100,,9483,22,,,0,101,,9488,22,,,0,100,,9484,22,,,0,98,,9490,22,,,0,98,,9487,22,,,0,106,,9489,22,,,0,99,,9491,22,,,0,100,,9492,22,,,0
301,'5520',651,,9508,22,,,0,49,,9507,22,,,0,32,,9500,22,,,0,17,,9509,22,,,0,56,,9519,22,,,0,20,,9503,22,,,0,19,,9510,22,,,0,70,,9518,22,,,0,30,,9515,22,,,0,71,,9533,22,,,0,30,,9497,22,,,0,70,,9494,22,,,0,31,,9520,22,,,0,70,,9504,22,,,0,30,,9532,22,,,0,71,,9526,22,,,0,30,,9525,22,,,0,72,,9531,22,,,0,15,,9524,22,,,0,15,,9529,22,,,0,10,,9534,22,,,0,60,,9527,22,,,0,14,,9522,22,,,0,15,,9502,22,,,0,55,,9501,22,,,0,15,,9498,22,,,0,15,,9530,22,,,0,15,,9499,22,,,0,54,,9513,22,,,0,14,,9512,22,,,0,15,,9505,22,,,0,15,,9506,22,,,0,70,,9528,22,,,0,29,,9517,22,,,0,70,,9535,22,,,0,30,,9495,22,,,0,99,,9523,22,,,0,100,,9514,22,,,0,100,,9521,22,,,0,98,,9493,22,,,0
301,'5526',843,,9538,22,,,0,70,,9541,22,,,0,31,,9546,22,,,0,70,,9544,22,,,0,30,,9543,22,,,0,70,,9542,22,,,0,30,,9545,22,,,0,71,,9537,22,,,0,30,,9547,22,,,0,70,,9549,22,,,0,30,,9550,22,,,0,70,,9551,22,,,0,30,,9548,22,,,0,70,,9552,22,,,0,30,,9554,22,,,0,70,,9555,22,,,0,30,,9558,22,,,0,70,,9553,22,,,0,30,,9560,22,,,0,75,,9556,22,,,0,24,,9557,22,,,0,85,,9559,22,,,0,105,,9561,22,,,0,105,,9562,22,,,0,104,,9563,22,,,0,100,,9564,22,,,0
1400,'5475',805,,11000,19,0,7 8 2 9 2 10,0,650,,11002,19,0,9,0
1400,'5520',805,,11025,19,0,7 8 2 9 2 10,0,650,,11027,19,0,9,0
8001,'5475',1451,,11486,3,,,0
8001,'5522',1451,,11487,3,,,0
8001,'5525',1456,,11488,3,,,0
8100,'5475',757,,11489,28,,,0
8100,'5520',757,,11490,28,,,0
