300,'4532',718,,8214,13,,,0,30,,8213,13,,,0,76,,5240,13,,,0,76,,6907,13,,,0,30,,6908,13,,,0,71,,6906,13,,,0,30,,6905,13,,,0,70,,8215,13,,,0,30,,6910,13,,,0,70,,6912,13,,,0,31,,8216,13,,,0,70,,8219,13,,,0,30,,5252,13,,,0,70,,8218,13,,,0,30,,6917,13,,,0,71,,5255,13,,,0,30,,6916,13,,,0,70,,5257,13,,,0,30,,8217,13,,,0,70,,5258,13,,,0,30,,6918,13,,,0,70,,6920,13,,,0,35,,8221,13,,,0,64,,8222,13,,,0,45,,8223,13,,,0,105,,8225,13,,,0,105,,8226,13,,,0,143,,8220,13,,,0,58,,8224,13,,,0
300,'5475',628,,9331,13,,,0,22,,9318,13,,,0,60,,9311,13,,,0,9,,9312,13,,,0,15,,9306,13,,,0,18,,9334,13,,,0,58,,9320,13,,,0,16,,9323,13,,,0,19,,9324,13,,,0,59,,9316,13,,,0,30,,9317,13,,,0,70,,9319,13,,,0,31,,9341,13,,,0,70,,9326,13,,,0,30,,9314,13,,,0,71,,9328,13,,,0,30,,9340,13,,,0,70,,9302,13,,,0,31,,9325,13,,,0,70,,9303,13,,,0,33,,9335,13,,,0,15,,9313,13,,,0,55,,9321,13,,,0,10,,9342,13,,,0,5,,9344,13,,,0,15,,9305,13,,,0,13,,9304,13,,,0,55,,9332,13,,,0,15,,9308,13,,,0,15,,9310,13,,,0,15,,9339,13,,,0,54,,9322,13,,,0,14,,9301,13,,,0,14,,9307,13,,,0,15,,9330,13,,,0,55,,9309,13,,,0,29,,9338,13,,,0,69,,9329,13,,,0,30,,9343,13,,,0,70,,9327,13,,,0,99,,9337,13,,,0,99,,9333,13,,,0,100,,9336,13,,,0,56,,9300,13,0,17 18 19,0,100,,9345,13,,,0
300,'5518',803,,9346,13,,,0,53,,9348,13,,,0,100,,9347,13,,,0,101,,9353,13,,,0,143,,9349,13,,,0,100,,9355,13,,,0,100,,9350,13,,,0,100,,9351,13,,,0,100,,9356,13,,,0,100,,9352,13,,,0,58,,9358,13,,,0,98,,9354,13,,,0,146,,9357,13,,,0,99,,9359,13,,,0,100,,9360,13,0,17 18 19,0
300,'5520',628,,9392,13,,,0,22,,9379,13,,,0,60,,9372,13,,,0,9,,9373,13,,,0,15,,9367,13,,,0,18,,9395,13,,,0,58,,9381,13,,,0,16,,9384,13,,,0,19,,9385,13,,,0,59,,9377,13,,,0,30,,9378,13,,,0,70,,9380,13,,,0,31,,9402,13,,,0,70,,9387,13,,,0,30,,9375,13,,,0,71,,9389,13,,,0,30,,9401,13,,,0,70,,9363,13,,,0,31,,9386,13,,,0,70,,9364,13,,,0,33,,9396,13,,,0,15,,9374,13,,,0,55,,9382,13,,,0,10,,9403,13,,,0,5,,9405,13,,,0,15,,9366,13,,,0,13,,9365,13,,,0,55,,9393,13,,,0,15,,9369,13,,,0,15,,9371,13,,,0,15,,9400,13,,,0,54,,9383,13,,,0,14,,9362,13,,,0,14,,9368,13,,,0,15,,9391,13,,,0,55,,9370,13,,,0,29,,9399,13,,,0,69,,9390,13,,,0,30,,9404,13,,,0,70,,9388,13,,,0,99,,9398,13,,,0,99,,9394,13,,,0,100,,9397,13,,,0,56,,9361,13,0,17 18 19,0
300,'5526',718,,9407,13,,,0,30,,9406,13,,,0,76,,9408,13,,,0,76,,9411,13,,,0,30,,9412,13,,,0,71,,9410,13,,,0,30,,9409,13,,,0,70,,9413,13,,,0,30,,9414,13,,,0,70,,9416,13,,,0,31,,9415,13,,,0,70,,9419,13,,,0,30,,9420,13,,,0,70,,9418,13,,,0,30,,9422,13,,,0,71,,9423,13,,,0,30,,9421,13,,,0,70,,9425,13,,,0,30,,9417,13,,,0,70,,9426,13,,,0,30,,9424,13,,,0,70,,9428,13,,,0,35,,9429,13,,,0,64,,9430,13,,,0,45,,9431,13,,,0,105,,9433,13,,,0,105,,9434,13,,,0,143,,9427,13,,,0,58,,9432,13,,,0
1400,'5475',820,,11000,46,0,7 8 2 9 2 10,0
1400,'5520',820,,11025,46,0,7 8 2 9 2 10,0
8100,'5475',815,,11489,56,,,0
8100,'5520',815,,11490,56,,,0
8101,'5475',1524,,11491,18,,,0
8101,'5522',1524,,11492,18,,,0
8101,'5525',1418,,11493,18,,,0
