1601,'4532',825,,8692,13,,,0,115,,7876,13,,,0,95,,7878,13,,,0,110,,8693,13,,,0,95,,8694,13,,,0,100,,7879,13,,,0,100,,7882,13,,,0,100,,6404,13,,,0,105,,6402,13,,,0,95,,8695,13,,,0,99,,8696,13,,,0,100,,8697,13,,,0
1601,'5475',741,,11161,13,,,0,100,,11157,13,,,0,100,,11158,13,,,0,100,,11156,13,,,0,100,,11165,13,,,0,100,,11159,13,,,0,100,,11160,13,,,0,100,,11163,13,,,0,111,,11164,13,,,0,102,,11167,13,,,0,97,,11169,13,,,0,99,,11168,13,,,0,100,,11166,13,,,0,399,,11171,13,,,0,101,,11172,13,,,0
1601,'5518',844,,11173,13,,,0,100,,11176,13,,,0,100,,11174,13,,,0,100,,11175,13,,,0,101,,11177,13,,,0,100,,11179,13,,,0,99,,11184,13,,,0,100,,11181,13,,,0,105,,11178,13,,,0,100,,11180,13,,,0,100,,11182,13,,,0,100,,11183,13,,,0
1601,'5520',741,,11190,13,,,0,100,,11186,13,,,0,100,,11187,13,,,0,100,,11185,13,,,0,100,,11194,13,,,0,100,,11188,13,,,0,100,,11189,13,,,0,100,,11192,13,,,0,111,,11193,13,,,0,102,,11196,13,,,0,97,,11198,13,,,0,99,,11197,13,,,0,100,,11195,13,,,0
1601,'5526',825,,11201,13,,,0,115,,11200,13,,,0,95,,11202,13,,,0,110,,11204,13,,,0,95,,11205,13,,,0,100,,11203,13,,,0,100,,11207,13,,,0,100,,11208,13,,,0,105,,11206,13,,,0,95,,11209,13,,,0,99,,11210,13,,,0,100,,11211,13,,,0
1701,'4532',719,,7959,13,0,11 12,0,100,,8730,13,0,11 12,0,90,,7955,13,0,11 12,0,131,,7957,13,0,11 12,0,170,,7960,13,0,15 1 16,0,100,,7961,13,0,15 1 16,0,130,,7958,13,0,15 1 16,0,170,,7962,13,0,15 1 16,0,105,,8731,13,0,15 1 16,0,99,,8733,13,0,13 14,0,105,,8734,13,0,13 14,0,105,,8735,13,0,13 14,0,110,,8732,13,0,13 14,0,120,,7968,13,0,13 14,0
1701,'5475',726,,11282,13,0,11 12,0,86,,11287,13,0,11 12,0,99,,11275,13,0,11 12,0,100,,11278,13,0,11 12,0,100,,11274,13,0,11 12,0,100,,11276,13,0,15 1 16,0,100,,11279,13,0,15 1 16,0,110,,11281,13,0,15 1 16,0,92,,11284,13,0,15 1 16,0,110,,11289,13,0,15 1 16,0,99,,11285,13,0,15 1 16,0,104,,11288,13,0,15 1 16,0,119,,11286,13,0,13 14,0,100,,11280,13,0,13 14,0,155,,11277,13,0,13 14,0,114,,11290,13,0,13 14,0,38,,11291,13,0,13 14,0,148,,11292,13,0,13 14,0
1701,'5518',819,,11293,13,0,11 12,0,100,,11294,13,0,11 12,0,116,,11295,13,0,11 12,0,95,,11296,13,0,13 14,0,200,,11298,13,0,11 12,0,210,,11297,13,0,13 14,0,100,,11300,13,0,11 12,0,100,,11299,13,0,15 1 16,0,100,,11301,13,0,13 14,0,170,,11302,13,0,13 14,0
1701,'5520',726,,11311,13,0,11 12,0,86,,11316,13,0,11 12,0,99,,11304,13,0,11 12,0,100,,11307,13,0,11 12,0,100,,11303,13,0,11 12,0,100,,11305,13,0,15 1 16,0,100,,11308,13,0,15 1 16,0,110,,11310,13,0,15 1 16,0,92,,11313,13,0,15 1 16,0,110,,11318,13,0,15 1 16,0,99,,11314,13,0,15 1 16,0,104,,11317,13,0,15 1 16,0,119,,11315,13,0,13 14,0,100,,11309,13,0,13 14,0,155,,11306,13,0,13 14,0,114,,11319,13,0,13 14,0
1701,'5526',719,,11324,13,0,11 12,0,100,,11321,13,0,11 12,0,90,,11320,13,0,11 12,0,131,,11322,13,0,11 12,0,170,,11325,13,0,15 1 16,0,100,,11326,13,0,15 1 16,0,130,,11323,13,0,15 1 16,0,170,,11327,13,0,15 1 16,0,105,,11328,13,0,15 1 16,0,99,,11330,13,0,13 14,0,105,,11331,13,0,13 14,0,105,,11332,13,0,13 14,0,110,,11329,13,0,13 14,0,120,,11333,13,0,13 14,0
