300,'4532',715,,8214,7,,,0,30,,8213,7,,,0,76,,5240,7,,,0,36,,6907,7,,,0,70,,6908,7,,,0,31,,6906,7,,,0,70,,6905,7,,,0,30,,8215,7,,,0,70,,6910,7,,,0,30,,6912,7,,,0,71,,8216,7,,,0,30,,8219,7,,,0,70,,5252,7,,,0,30,,8218,7,,,0,70,,6917,7,,,0,71,,5255,7,,,0,30,,6916,7,,,0,70,,5257,7,,,0,30,,8217,7,,,0,70,,5258,7,,,0,30,,6918,7,,,0,70,,6920,7,,,0,35,,8221,7,,,0,24,,8222,7,,,0,85,,8223,7,,,0,105,,8225,7,,,0,105,,8226,7,,,0,103,,8220,7,,,0,98,,8224,7,,,0
300,'5475',624,,9331,7,,,0,22,,9318,7,,,0,60,,9311,7,,,0,9,,9312,7,,,0,15,,9306,7,,,0,18,,9334,7,,,0,58,,9320,7,,,0,16,,9323,7,,,0,19,,9324,7,,,0,59,,9316,7,,,0,30,,9317,7,,,0,70,,9319,7,,,0,31,,9341,7,,,0,70,,9326,7,,,0,30,,9314,7,,,0,71,,9328,7,,,0,30,,9340,7,,,0,70,,9302,7,,,0,31,,9325,7,,,0,70,,9303,7,,,0,33,,9335,7,,,0,15,,9313,7,,,0,55,,9321,7,,,0,10,,9342,7,,,0,5,,9344,7,,,0,15,,9305,7,,,0,13,,9304,7,,,0,55,,9332,7,,,0,15,,9308,7,,,0,15,,9310,7,,,0,15,,9339,7,,,0,55,,9322,7,,,0,14,,9301,7,,,0,14,,9307,7,,,0,15,,9330,7,,,0,55,,9309,7,,,0,29,,9338,7,,,0,69,,9329,7,,,0,30,,9343,7,,,0,70,,9327,7,,,0,59,,9337,7,,,0,99,,9333,7,,,0,100,,9336,7,,,0,96,,9300,7,0,17 18 19,0,100,,9345,7,,,0
300,'5518',800,,9346,7,,,0,53,,9348,7,,,0,100,,9347,7,,,0,101,,9353,7,,,0,103,,9349,7,,,0,100,,9355,7,,,0,100,,9350,7,,,0,100,,9351,7,,,0,100,,9356,7,,,0,100,,9352,7,,,0,98,,9358,7,,,0,98,,9354,7,,,0,106,,9357,7,,,0,99,,9359,7,,,0,100,,9360,7,0,17 18 19,0
300,'5520',624,,9392,7,,,0,22,,9379,7,,,0,60,,9372,7,,,0,9,,9373,7,,,0,15,,9367,7,,,0,18,,9395,7,,,0,58,,9381,7,,,0,16,,9384,7,,,0,19,,9385,7,,,0,59,,9377,7,,,0,30,,9378,7,,,0,70,,9380,7,,,0,31,,9402,7,,,0,70,,9387,7,,,0,30,,9375,7,,,0,71,,9389,7,,,0,30,,9401,7,,,0,70,,9363,7,,,0,31,,9386,7,,,0,70,,9364,7,,,0,33,,9396,7,,,0,15,,9374,7,,,0,55,,9382,7,,,0,10,,9403,7,,,0,5,,9405,7,,,0,15,,9366,7,,,0,13,,9365,7,,,0,55,,9393,7,,,0,15,,9369,7,,,0,15,,9371,7,,,0,15,,9400,7,,,0,55,,9383,7,,,0,14,,9362,7,,,0,14,,9368,7,,,0,15,,9391,7,,,0,55,,9370,7,,,0,29,,9399,7,,,0,69,,9390,7,,,0,30,,9404,7,,,0,70,,9388,7,,,0,59,,9398,7,,,0,99,,9394,7,,,0,100,,9397,7,,,0,96,,9361,7,0,17 18 19,0
300,'5526',715,,9407,7,,,0,30,,9406,7,,,0,76,,9408,7,,,0,36,,9411,7,,,0,70,,9412,7,,,0,31,,9410,7,,,0,70,,9409,7,,,0,30,,9413,7,,,0,70,,9414,7,,,0,30,,9416,7,,,0,71,,9415,7,,,0,30,,9419,7,,,0,70,,9420,7,,,0,30,,9418,7,,,0,70,,9422,7,,,0,71,,9423,7,,,0,30,,9421,7,,,0,70,,9425,7,,,0,30,,9417,7,,,0,70,,9426,7,,,0,30,,9424,7,,,0,70,,9428,7,,,0,35,,9429,7,,,0,24,,9430,7,,,0,85,,9431,7,,,0,105,,9433,7,,,0,105,,9434,7,,,0,103,,9427,7,,,0,98,,9432,7,,,0
1400,'5475',817,,11000,40,0,7 8 2 9 2 10,0
1400,'5520',817,,11025,40,0,7 8 2 9 2 10,0
8100,'5475',812,,11489,50,,,0
8100,'5520',812,,11490,50,,,0
8101,'5475',1521,,11491,12,,,0
8101,'5522',1521,,11492,12,,,0
8101,'5525',1415,,11493,12,,,0
