701,'4532',635,,8442,28,,,0,70,,7513,25,,,0,31,,8434,28,,,0,70,,8419,25,,,0,31,,7477,25,,,0,71,,8420,28,,,0,29,,8421,25,,,0,70,,7487,25,,,0,31,,8428,28,,,0,14,,7505,25,,,0,56,,8427,28,,,0,15,,7506,25,,,0,22,,8429,25,,,0,72,,8426,28,,,0,28,,7493,25,,,0,70,,8424,25,,,0,32,,8430,28,,,0,68,,7489,25,,,0,30,,8438,28,,,0,13,,8431,25,,,0,55,,8439,25,,,0,16,,8432,28,,,0,14,,7508,25,,,0,15,,7485,25,,,0,56,,8440,28,,,0,14,,7495,25,,,0,15,,8437,25,,,0,64,,8425,28,,,0,29,,7499,25,,,0,70,,7480,25,,,0,36,,8423,28,,,0,73,,7484,25,,,0,36,,8435,28,,,0,74,,7503,25,,,0,105,,7482,25,,,0,97,,8422,28,,,0,101,,8433,25,,,0,98,,8436,25,,,0,26,,8441,28,,,0,69,,8443,25,,,0
701,'5475',606,,10198,8,,,0,18,,10199,25,,,0,17,,10200,28,,,0,14,,10201,25,,,0,56,,10202,28,,,0,6,,10203,25,,,0,10,,10204,28,,,0,16,,10205,25,,,0,59,,10206,28,,,0,12,,10207,25,,,0,19,,10208,28,,,0,11,,10209,25,,,0,56,,10210,28,,,0,12,,10211,25,,,0,18,,10212,28,,,0,13,,10248,25,,,0,57,,10213,28,,,0,13,,10253,25,,,0,17,,10214,28,,,0,29,,10215,25,,,0,74,,10216,28,,,0,67,,10217,25,,,0,32,,10218,28,,,0,68,,10219,25,,,0,32,,10220,28,,,0,68,,10221,25,,,0,34,,10222,28,,,0,11,,10223,25,,,0,55,,10224,25,,,0,18,,10225,28,,,0,13,,10226,25,,,0,17,,10227,28,,,0,52,,10228,25,,,0,18,,10229,28,,,0,12,,10230,25,,,0,18,,10231,28,,,0,52,,10232,25,,,0,18,,10233,28,,,0,11,,10234,25,,,0,18,,10235,28,,,0,11,,10249,25,,,0,56,,10250,28,,,0,13,,10236,25,,,0,32,,10237,28,,,0,67,,10238,25,,,0,33,,10239,28,,,0,67,,10240,25,,,0,31,,10241,28,,,0,69,,10242,25,,,0,30,,10243,28,,,0,69,,10244,25,,,0,30,,10245,28,,,0,68,,10246,25,,,0,33,,10247,28,,,0,72,,10251,25,,,0,30,,10252,28,,,0,96,,10254,28,,,0
701,'5518',720,,10255,25,,,0,27,,10256,28,,,0,99,,10257,25,,,0,97,,10258,28,,,0,73,,10261,25,,,0,30,,10259,25,,,0,67,,10260,28,,,0,33,,10268,25,,,0,67,,10263,28,,,0,29,,10262,25,,,0,72,,10265,28,,,0,28,,10275,25,,,0,72,,10267,28,,,0,29,,10271,25,,,0,71,,10266,28,,,0,29,,10264,25,,,0,71,,10270,28,,,0,27,,10274,25,,,0,72,,10269,28,,,0,27,,10276,25,,,0,71,,10272,28,,,0,29,,10278,25,,,0,101,,10273,28,,,0,99,,10281,25,,,0,104,,10277,28,,,0,96,,10279,25,,,0,101,,10280,28,,,0
701,'5520',606,,10282,8,,,0,18,,10283,25,,,0,17,,10284,28,,,0,14,,10285,25,,,0,56,,10286,28,,,0,6,,10287,25,,,0,10,,10288,28,,,0,16,,10289,25,,,0,59,,10290,28,,,0,12,,10291,25,,,0,19,,10292,28,,,0,11,,10293,25,,,0,56,,10294,28,,,0,12,,10295,25,,,0,18,,10296,28,,,0,13,,10332,25,,,0,57,,10297,28,,,0,13,,10337,25,,,0,17,,10298,28,,,0,29,,10299,25,,,0,74,,10300,28,,,0,67,,10301,25,,,0,32,,10302,28,,,0,68,,10303,25,,,0,32,,10304,28,,,0,68,,10305,25,,,0,34,,10306,28,,,0,11,,10307,25,,,0,55,,10308,25,,,0,18,,10309,28,,,0,13,,10310,25,,,0,17,,10311,28,,,0,52,,10312,25,,,0,18,,10313,28,,,0,12,,10314,25,,,0,18,,10315,28,,,0,52,,10316,25,,,0,18,,10317,28,,,0,11,,10318,25,,,0,18,,10319,28,,,0,11,,10333,25,,,0,56,,10334,28,,,0,13,,10320,25,,,0,32,,10321,28,,,0,67,,10322,25,,,0,33,,10323,28,,,0,67,,10324,25,,,0,31,,10325,28,,,0,69,,10326,25,,,0,30,,10327,28,,,0,69,,10328,25,,,0,30,,10329,28,,,0,68,,10330,25,,,0,33,,10331,28,,,0,72,,10335,25,,,0,30,,10336,28,,,0
701,'5526',635,,10376,28,,,0,70,,10375,25,,,0,31,,10363,28,,,0,70,,10338,25,,,0,31,,10339,25,,,0,71,,10340,28,,,0,29,,10341,25,,,0,70,,10349,25,,,0,31,,10354,28,,,0,14,,10367,25,,,0,56,,10353,28,,,0,15,,10368,25,,,0,22,,10356,25,,,0,72,,10352,28,,,0,28,,10355,25,,,0,70,,10348,25,,,0,32,,10358,28,,,0,68,,10351,25,,,0,30,,10371,28,,,0,13,,10359,25,,,0,55,,10372,25,,,0,16,,10360,28,,,0,14,,10370,25,,,0,15,,10347,25,,,0,56,,10373,28,,,0,14,,10357,25,,,0,15,,10369,25,,,0,64,,10350,28,,,0,29,,10361,25,,,0,70,,10342,25,,,0,36,,10345,28,,,0,73,,10346,25,,,0,36,,10364,28,,,0,74,,10365,25,,,0,105,,10344,25,,,0,97,,10343,28,,,0,101,,10362,25,,,0,98,,10366,25,,,0,26,,10374,28,,,0,69,,10377,25,,,0
7300,'5475',735,,11464,1,,,0
7300,'5520',735,,11465,1,,,0
7301,'5475',1522,,11466,15,,,0
7301,'5520',1522,,11467,15,,,0
7900,'5475',740,,11481,1,0,6,0
7900,'5520',740,,11482,1,0,6,0
