400,'4532',822,,7037,6,,,0,25,,7038,6,,,0,65,,7036,6,,,0,25,,7039,6,,,0,67,,7040,6,,,0,25,,7041,6,,,0,25,,7042,6,,,0,66,,7043,6,,,0,25,,7044,6,,,0,67,,7045,6,,,0,27,,7046,6,,,0,68,,8285,6,,,0,27,,7048,6,,,0,68,,8286,6,,,0,27,,7052,6,,,0,29,,8288,6,,,0,67,,7050,6,,,0,29,,8289,6,,,0,67,,7051,6,,,0,26,,8287,6,,,0,67,,7055,6,,,0,27,,8290,6,,,0,67,,7058,6,,,0,26,,8291,6,,,0,74,,7061,6,,,0,100,,7060,6,,,0,100,,7062,6,,,0,99,,7063,6,,,0,99,,8292,6,,,0
400,'5475',627,,9565,6,,,0,26,,9570,6,,,0,88,,9567,6,,,0,73,,9572,6,,,0,29,,9569,6,,,0,69,,9575,6,,,0,30,,9568,6,,,0,70,,9566,6,,,0,31,,9576,6,,,0,70,,9581,6,,,0,32,,9578,6,,,0,70,,9571,6,,,0,30,,9583,6,,,0,70,,9592,6,,,0,30,,9582,6,,,0,70,,9594,6,,,0,30,,9573,6,,,0,70,,9593,6,,,0,22,,9595,6,,,0,10,,9590,6,,,0,70,,9579,6,,,0,12,,9596,6,,,0,18,,9580,6,,,0,70,,9577,6,,,0,28,,9587,6,,,0,69,,9574,6,,,0,28,,9588,6,,,0,97,,9589,6,,,0,96,,9585,6,,,0,98,,9584,6,,,0,100,,9586,6,,,0,117,,9591,6,,,0,56,,9597,6,,,0,109,,9598,6,,,0
400,'5518',835,,9601,6,,,0,119,,9602,6,,,0,160,,9599,6,,,0,120,,9600,6,,,0,95,,9606,6,,,0,126,,9604,6,,,0,167,,9605,6,,,0,124,,9603,6,,,0,160,,9607,6,,,0
400,'5520',627,,9608,6,,,0,26,,9613,6,,,0,88,,9610,6,,,0,73,,9615,6,,,0,29,,9612,6,,,0,69,,9618,6,,,0,30,,9611,6,,,0,70,,9609,6,,,0,31,,9619,6,,,0,70,,9624,6,,,0,32,,9621,6,,,0,70,,9614,6,,,0,30,,9626,6,,,0,70,,9635,6,,,0,30,,9625,6,,,0,70,,9637,6,,,0,30,,9616,6,,,0,70,,9636,6,,,0,22,,9638,6,,,0,10,,9633,6,,,0,70,,9622,6,,,0,12,,9639,6,,,0,18,,9623,6,,,0,70,,9620,6,,,0,28,,9630,6,,,0,69,,9617,6,,,0,28,,9631,6,,,0,97,,9632,6,,,0,96,,9628,6,,,0,98,,9627,6,,,0,100,,9629,6,,,0,117,,9634,6,,,0
400,'5526',822,,9641,6,,,0,25,,9642,6,,,0,65,,9640,6,,,0,25,,9643,6,,,0,67,,9644,6,,,0,25,,9645,6,,,0,25,,9646,6,,,0,66,,9647,6,,,0,25,,9648,6,,,0,67,,9649,6,,,0,27,,9650,6,,,0,68,,9651,6,,,0,27,,9652,6,,,0,68,,9653,6,,,0,27,,9656,6,,,0,29,,9658,6,,,0,67,,9654,6,,,0,29,,9660,6,,,0,67,,9655,6,,,0,26,,9657,6,,,0,67,,9659,6,,,0,27,,9661,6,,,0,67,,9662,6,,,0,26,,9663,6,,,0,74,,9665,6,,,0,100,,9664,6,,,0,100,,9666,6,,,0,99,,9667,6,,,0,99,,9668,6,,,0
7900,'5475',748,,11481,13,0,6,0
7900,'5520',748,,11482,13,0,6,0
7901,'5475',1512,,11483,13,0,6,0
7901,'5522',1512,,11484,13,0,6,0
7901,'5525',1512,,11485,13,0,6,0
