1700,'4532',817,,7915,54,,,0,103,,8714,54,,,0,90,,7917,54,,,0,133,,7918,54,,,0,169,,7919,35,,,0,103,,7920,35,,,0,130,,7921,35,,,0,171,,7922,35,,,0,104,,8715,35,,,0,85,,8716,23,,,0,105,,8717,23,,,0,105,,8718,23,,,0,110,,8719,23,,,0,119,,7928,23,,,0
1700,'5475',709,,11214,54,,,0,28,,11222,54,,,0,103,,11221,54,,,0,85,,11226,54,,,0,99,,11213,54,,,0,100,,11217,54,,,0,100,,11212,54,,,0,99,,11215,35,,,0,101,,11218,35,,,0,115,,11220,35,,,0,93,,11223,35,,,0,107,,11228,35,,,0,96,,11224,35,,,0,113,,11227,54,,,0,87,,11225,22,,,0,98,,11219,22,,,0,115,,11216,22,,,0,154,,11229,22,,,0,37,,11230,23,,,0,108,,11231,23,,,0
1700,'5518',924,,11232,54,,,0,100,,11233,54,,,0,102,,11234,35,,,0,96,,11235,53,,,0,200,,11237,35,,,0,208,,11236,22,,,0,102,,11238,35,,,0,112,,11239,35,,,0,85,,11240,22,,,0,130,,11241,22,,,0
1700,'5520',709,,11244,54,,,0,28,,11252,54,,,0,103,,11251,54,,,0,85,,11256,54,,,0,99,,11243,54,,,0,100,,11247,54,,,0,100,,11242,54,,,0,99,,11245,35,,,0,101,,11248,35,,,0,115,,11250,35,,,0,93,,11253,35,,,0,107,,11258,35,,,0,96,,11254,35,,,0,113,,11257,54,,,0,87,,11255,22,,,0,98,,11249,22,,,0,115,,11246,22,,,0,154,,11259,22,,,0
1700,'5526',817,,11260,54,,,0,103,,11261,54,,,0,90,,11262,54,,,0,133,,11263,54,,,0,169,,11264,35,,,0,103,,11265,35,,,0,130,,11266,35,,,0,171,,11267,35,,,0,104,,11268,35,,,0,85,,11269,22,,,0,105,,11270,22,,,0,105,,11271,22,,,0,110,,11272,22,,,0,119,,11273,22,,,0
1801,'4532',825,,8041,16,,,0,101,,8042,16,,,0,100,,8043,16,,,0,101,,8044,16,,,0,101,,8045,16,,,0,103,,8046,16,,,0,91,,8047,16,,,0,102,,8048,16,,,0,106,,8049,16,,,0,105,,8050,16,,,0,98,,8051,16,,,0,100,,8052,16,,,0,101,,8053,16,,,0,100,,8054,16,,,0,101,,8055,16,,,0
1801,'5475',621,,11396,16,,,0,101,,11397,16,,,0,105,,11398,16,,,0,100,,11399,16,,,0,100,,11400,16,,,0,101,,11401,16,,,0,101,,11402,16,,,0,104,,11403,16,,,0,90,,11404,16,,,0,104,,11405,16,,,0,106,,11406,16,,,0,103,,11407,16,,,0,98,,11408,16,,,0,99,,11409,16,,,0,101,,11410,16,,,0,101,,11411,16,,,0,101,,11412,16,,,0
1801,'5518',823,,11419,16,,,0,101,,11423,16,,,0,101,,11418,16,,,0,102,,11425,16,,,0,101,,11417,16,,,0,103,,11424,16,,,0,92,,11414,16,,,0,98,,11416,16,,,0,105,,11420,16,,,0,105,,11422,16,,,0,101,,11413,16,,,0,99,,11421,16,,,0,101,,11415,16,,,0
1801,'5520',621,,11426,16,,,0,101,,11427,16,,,0,105,,11428,16,,,0,100,,11429,16,,,0,100,,11430,16,,,0,101,,11431,16,,,0,101,,11432,16,,,0,104,,11433,16,,,0,90,,11434,16,,,0,104,,11435,16,,,0,106,,11436,16,,,0,103,,11437,16,,,0,98,,11438,16,,,0,99,,11439,16,,,0,101,,11440,16,,,0,101,,11441,16,,,0,101,,11442,16,,,0
1801,'5526',825,,11443,16,,,0,101,,11444,16,,,0,100,,11445,16,,,0,101,,11446,16,,,0,101,,11447,16,,,0,103,,11448,16,,,0,91,,11449,16,,,0,102,,11450,16,,,0,106,,11451,16,,,0,105,,11452,16,,,0,98,,11453,16,,,0,100,,11454,16,,,0,101,,11455,16,,,0,100,,11456,16,,,0,101,,11457,16,,,0
