300,'4532',722,,8214,19,,,0,30,,8213,19,,,0,76,,5240,19,,,0,76,,6907,19,,,0,30,,6908,19,,,0,71,,6906,19,,,0,30,,6905,19,,,0,70,,8215,19,,,0,30,,6910,19,,,0,70,,6912,19,,,0,31,,8216,19,,,0,70,,8219,19,,,0,30,,5252,19,,,0,70,,8218,19,,,0,30,,6917,19,,,0,71,,5255,19,,,0,30,,6916,19,,,0,70,,5257,19,,,0,30,,8217,19,,,0,70,,5258,19,,,0,30,,6918,19,,,0,70,,6920,19,,,0,35,,8221,19,,,0,64,,8222,19,,,0,45,,8223,19,,,0,105,,8225,19,,,0,145,,8226,19,,,0,103,,8220,19,,,0,98,,8224,19,,,0
300,'5475',632,,9331,19,,,0,22,,9318,19,,,0,60,,9311,19,,,0,9,,9312,19,,,0,15,,9306,19,,,0,18,,9334,19,,,0,58,,9320,19,,,0,16,,9323,19,,,0,19,,9324,19,,,0,59,,9316,19,,,0,30,,9317,19,,,0,70,,9319,19,,,0,31,,9341,19,,,0,70,,9326,19,,,0,30,,9314,19,,,0,71,,9328,19,,,0,30,,9340,19,,,0,70,,9302,19,,,0,31,,9325,19,,,0,71,,9303,19,,,0,33,,9335,19,,,0,55,,9313,19,,,0,15,,9321,19,,,0,10,,9342,19,,,0,4,,9344,19,,,0,15,,9305,19,,,0,13,,9304,19,,,0,55,,9332,19,,,0,15,,9308,19,,,0,15,,9310,19,,,0,15,,9339,19,,,0,54,,9322,19,,,0,14,,9301,19,,,0,14,,9307,19,,,0,15,,9330,19,,,0,55,,9309,19,,,0,29,,9338,19,,,0,69,,9329,19,,,0,30,,9343,19,,,0,70,,9327,19,,,0,99,,9337,19,,,0,99,,9333,19,,,0,100,,9336,19,,,0,96,,9300,19,0,17 18 19,0,100,,9345,19,,,0
300,'5518',807,,9346,19,,,0,93,,9348,19,,,0,100,,9347,19,,,0,101,,9353,19,,,0,103,,9349,19,,,0,100,,9355,19,,,0,100,,9350,19,,,0,100,,9351,19,,,0,100,,9356,19,,,0,100,,9352,19,,,0,98,,9358,19,,,0,98,,9354,19,,,0,106,,9357,19,,,0,99,,9359,19,,,0,100,,9360,19,0,17 18 19,0
300,'5520',632,,9392,19,,,0,22,,9379,19,,,0,60,,9372,19,,,0,9,,9373,19,,,0,15,,9367,19,,,0,18,,9395,19,,,0,58,,9381,19,,,0,16,,9384,19,,,0,19,,9385,19,,,0,59,,9377,19,,,0,30,,9378,19,,,0,70,,9380,19,,,0,31,,9402,19,,,0,70,,9387,19,,,0,30,,9375,19,,,0,71,,9389,19,,,0,30,,9401,19,,,0,70,,9363,19,,,0,31,,9386,19,,,0,71,,9364,19,,,0,33,,9396,19,,,0,55,,9374,19,,,0,15,,9382,19,,,0,10,,9403,19,,,0,4,,9405,19,,,0,15,,9366,19,,,0,13,,9365,19,,,0,55,,9393,19,,,0,15,,9369,19,,,0,15,,9371,19,,,0,15,,9400,19,,,0,54,,9383,19,,,0,14,,9362,19,,,0,14,,9368,19,,,0,15,,9391,19,,,0,55,,9370,19,,,0,29,,9399,19,,,0,69,,9390,19,,,0,30,,9404,19,,,0,70,,9388,19,,,0,99,,9398,19,,,0,99,,9394,19,,,0,100,,9397,19,,,0,96,,9361,19,0,17 18 19,0
300,'5526',722,,9407,19,,,0,30,,9406,19,,,0,76,,9408,19,,,0,76,,9411,19,,,0,30,,9412,19,,,0,71,,9410,19,,,0,30,,9409,19,,,0,70,,9413,19,,,0,30,,9414,19,,,0,70,,9416,19,,,0,31,,9415,19,,,0,70,,9419,19,,,0,30,,9420,19,,,0,70,,9418,19,,,0,30,,9422,19,,,0,71,,9423,19,,,0,30,,9421,19,,,0,70,,9425,19,,,0,30,,9417,19,,,0,70,,9426,19,,,0,30,,9424,19,,,0,70,,9428,19,,,0,35,,9429,19,,,0,64,,9430,19,,,0,45,,9431,19,,,0,105,,9433,19,,,0,145,,9434,19,,,0,103,,9427,19,,,0,98,,9432,19,,,0
1400,'5475',824,,11000,52,0,7 8 2 9 2 10,0
1400,'5520',824,,11025,52,0,7 8 2 9 2 10,0
8100,'5475',818,,11489,62,,,0
8100,'5520',818,,11490,62,,,0
8101,'5475',1528,,11491,24,,,0
8101,'5522',1528,,11492,24,,,0
8101,'5525',1422,,11493,24,,,0
