400,'4532',819,,7037,3,,,0,25,,7038,3,,,0,65,,7036,3,,,0,25,,7039,3,,,0,67,,7040,3,,,0,25,,7041,3,,,0,25,,7042,3,,,0,66,,7043,3,,,0,25,,7044,3,,,0,67,,7045,3,,,0,27,,7046,3,,,0,68,,8285,3,,,0,27,,7048,3,,,0,28,,8286,3,,,0,67,,7052,3,,,0,29,,8288,3,,,0,67,,7050,3,,,0,29,,8289,3,,,0,67,,7051,3,,,0,26,,8287,3,,,0,67,,7055,3,,,0,27,,8290,3,,,0,67,,7058,3,,,0,26,,8291,3,,,0,74,,7061,3,,,0,100,,7060,3,,,0,100,,7062,3,,,0,99,,7063,3,,,0,99,,8292,3,,,0
400,'5475',624,,9565,3,,,0,26,,9570,3,,,0,88,,9567,3,,,0,73,,9572,3,,,0,29,,9569,3,,,0,69,,9575,3,,,0,30,,9568,3,,,0,70,,9566,3,,,0,31,,9576,3,,,0,70,,9581,3,,,0,32,,9578,3,,,0,70,,9571,3,,,0,30,,9583,3,,,0,70,,9592,3,,,0,30,,9582,3,,,0,70,,9594,3,,,0,30,,9573,3,,,0,70,,9593,3,,,0,22,,9595,3,,,0,10,,9590,3,,,0,70,,9579,3,,,0,12,,9596,3,,,0,18,,9580,3,,,0,70,,9577,3,,,0,28,,9587,3,,,0,69,,9574,3,,,0,28,,9588,3,,,0,97,,9589,3,,,0,96,,9585,3,,,0,98,,9584,3,,,0,100,,9586,3,,,0,117,,9591,3,,,0,56,,9597,3,,,0,109,,9598,3,,,0
400,'5518',832,,9601,3,,,0,119,,9602,3,,,0,160,,9599,3,,,0,120,,9600,3,,,0,95,,9606,3,,,0,126,,9604,3,,,0,167,,9605,3,,,0,124,,9603,3,,,0,160,,9607,3,,,0
400,'5520',624,,9608,3,,,0,26,,9613,3,,,0,88,,9610,3,,,0,73,,9615,3,,,0,29,,9612,3,,,0,69,,9618,3,,,0,30,,9611,3,,,0,70,,9609,3,,,0,31,,9619,3,,,0,70,,9624,3,,,0,32,,9621,3,,,0,70,,9614,3,,,0,30,,9626,3,,,0,70,,9635,3,,,0,30,,9625,3,,,0,70,,9637,3,,,0,30,,9616,3,,,0,70,,9636,3,,,0,22,,9638,3,,,0,10,,9633,3,,,0,70,,9622,3,,,0,12,,9639,3,,,0,18,,9623,3,,,0,70,,9620,3,,,0,28,,9630,3,,,0,69,,9617,3,,,0,28,,9631,3,,,0,97,,9632,3,,,0,96,,9628,3,,,0,98,,9627,3,,,0,100,,9629,3,,,0,117,,9634,3,,,0
400,'5526',819,,9641,3,,,0,25,,9642,3,,,0,65,,9640,3,,,0,25,,9643,3,,,0,67,,9644,3,,,0,25,,9645,3,,,0,25,,9646,3,,,0,66,,9647,3,,,0,25,,9648,3,,,0,67,,9649,3,,,0,27,,9650,3,,,0,68,,9651,3,,,0,27,,9652,3,,,0,28,,9653,3,,,0,67,,9656,3,,,0,29,,9658,3,,,0,67,,9654,3,,,0,29,,9660,3,,,0,67,,9655,3,,,0,26,,9657,3,,,0,67,,9659,3,,,0,27,,9661,3,,,0,67,,9662,3,,,0,26,,9663,3,,,0,74,,9665,3,,,0,100,,9664,3,,,0,100,,9666,3,,,0,99,,9667,3,,,0,99,,9668,3,,,0
7001,'5475',1531,,11458,21,,,0
7001,'5520',1531,,11459,21,,,0
7100,'5475',734,,11460,8,,,0
7100,'5520',734,,11461,8,,,0
7200,'5475',740,,11462,8,,,0
7200,'5520',740,,11463,8,,,0
7401,'5475',1540,,11468,18,,,0
7401,'5522',1540,,11469,18,,,0
7401,'5525',1440,,11470,18,,,0
7701,'5475',1546,,11475,21,,,0
7701,'5520',1546,,11476,21,,,0
7900,'5475',751,,11481,16,0,6,0
7900,'5520',751,,11482,16,0,6,0
7901,'5475',1515,,11483,16,0,6,0
7901,'5522',1515,,11484,16,0,6,0
7901,'5525',1515,,11485,16,0,6,0
