1700,'4532',816,,7915,53,,,0,103,,8714,53,,,0,90,,7917,53,,,0,133,,7918,53,,,0,169,,7919,34,,,0,103,,7920,34,,,0,130,,7921,34,,,0,171,,7922,34,,,0,104,,8715,34,,,0,85,,8716,22,,,0,105,,8717,22,,,0,105,,8718,22,,,0,110,,8719,22,,,0,119,,7928,22,,,0
1700,'5475',708,,11214,53,,,0,28,,11222,53,,,0,103,,11221,53,,,0,85,,11226,53,,,0,99,,11213,53,,,0,100,,11217,53,,,0,100,,11212,53,,,0,99,,11215,34,,,0,101,,11218,34,,,0,115,,11220,34,,,0,93,,11223,34,,,0,107,,11228,34,,,0,96,,11224,34,,,0,113,,11227,53,,,0,87,,11225,21,,,0,98,,11219,21,,,0,115,,11216,21,,,0,154,,11229,21,,,0,38,,11230,22,,,0,108,,11231,22,,,0
1700,'5518',923,,11232,53,,,0,100,,11233,53,,,0,102,,11234,34,,,0,96,,11235,52,,,0,200,,11237,34,,,0,208,,11236,21,,,0,102,,11238,34,,,0,112,,11239,34,,,0,85,,11240,21,,,0,130,,11241,21,,,0
1700,'5520',708,,11244,53,,,0,28,,11252,53,,,0,103,,11251,53,,,0,85,,11256,53,,,0,99,,11243,53,,,0,100,,11247,53,,,0,100,,11242,53,,,0,99,,11245,34,,,0,101,,11248,34,,,0,115,,11250,34,,,0,93,,11253,34,,,0,107,,11258,34,,,0,96,,11254,34,,,0,113,,11257,53,,,0,87,,11255,21,,,0,98,,11249,21,,,0,115,,11246,21,,,0,154,,11259,21,,,0
1700,'5526',816,,11260,53,,,0,103,,11261,53,,,0,90,,11262,53,,,0,133,,11263,53,,,0,169,,11264,34,,,0,103,,11265,34,,,0,130,,11266,34,,,0,171,,11267,34,,,0,104,,11268,34,,,0,85,,11269,21,,,0,105,,11270,21,,,0,105,,11271,21,,,0,110,,11272,21,,,0,119,,11273,21,,,0
1801,'4532',824,,8041,15,,,0,101,,8042,15,,,0,100,,8043,15,,,0,101,,8044,15,,,0,101,,8045,15,,,0,103,,8046,15,,,0,91,,8047,15,,,0,102,,8048,15,,,0,106,,8049,15,,,0,105,,8050,15,,,0,98,,8051,15,,,0,100,,8052,15,,,0,101,,8053,15,,,0,100,,8054,15,,,0,101,,8055,15,,,0
1801,'5475',620,,11396,15,,,0,101,,11397,15,,,0,105,,11398,15,,,0,100,,11399,15,,,0,100,,11400,15,,,0,101,,11401,15,,,0,101,,11402,15,,,0,104,,11403,15,,,0,90,,11404,15,,,0,104,,11405,15,,,0,106,,11406,15,,,0,103,,11407,15,,,0,98,,11408,15,,,0,99,,11409,15,,,0,101,,11410,15,,,0,101,,11411,15,,,0,101,,11412,15,,,0
1801,'5518',822,,11419,15,,,0,101,,11423,15,,,0,101,,11418,15,,,0,102,,11425,15,,,0,101,,11417,15,,,0,103,,11424,15,,,0,92,,11414,15,,,0,98,,11416,15,,,0,105,,11420,15,,,0,105,,11422,15,,,0,101,,11413,15,,,0,99,,11421,15,,,0,101,,11415,15,,,0
1801,'5520',620,,11426,15,,,0,101,,11427,15,,,0,105,,11428,15,,,0,100,,11429,15,,,0,100,,11430,15,,,0,101,,11431,15,,,0,101,,11432,15,,,0,104,,11433,15,,,0,90,,11434,15,,,0,104,,11435,15,,,0,106,,11436,15,,,0,103,,11437,15,,,0,98,,11438,15,,,0,99,,11439,15,,,0,101,,11440,15,,,0,101,,11441,15,,,0,101,,11442,15,,,0
1801,'5526',824,,11443,15,,,0,101,,11444,15,,,0,100,,11445,15,,,0,101,,11446,15,,,0,101,,11447,15,,,0,103,,11448,15,,,0,91,,11449,15,,,0,102,,11450,15,,,0,106,,11451,15,,,0,105,,11452,15,,,0,98,,11453,15,,,0,100,,11454,15,,,0,101,,11455,15,,,0,100,,11456,15,,,0,101,,11457,15,,,0
