301,'4532',844,,6973,23,,,0,70,,6975,23,,,0,31,,6980,23,,,0,70,,6978,23,,,0,30,,8253,23,,,0,70,,6976,23,,,0,30,,6979,23,,,0,71,,8251,23,,,0,30,,8254,23,,,0,70,,5333,23,,,0,30,,8255,23,,,0,70,,6983,23,,,0,30,,5332,23,,,0,70,,6984,23,,,0,30,,5338,23,,,0,70,,8256,23,,,0,30,,5342,23,,,0,70,,6985,23,,,0,30,,6990,23,,,0,75,,8257,23,,,0,24,,8258,23,,,0,85,,8259,23,,,0,105,,8260,23,,,0,105,,8261,23,,,0,104,,8262,23,,,0,100,,8263,23,,,0
301,'5475',652,,9450,23,,,0,49,,9449,23,,,0,31,,9442,23,,,0,17,,9451,23,,,0,56,,9461,23,,,0,20,,9445,23,,,0,20,,9452,23,,,0,70,,9460,23,,,0,30,,9457,23,,,0,71,,9475,23,,,0,30,,9439,23,,,0,70,,9436,23,,,0,31,,9462,23,,,0,70,,9446,23,,,0,30,,9474,23,,,0,71,,9468,23,,,0,30,,9467,23,,,0,71,,9473,23,,,0,15,,9466,23,,,0,15,,9471,23,,,0,10,,9476,23,,,0,60,,9469,23,,,0,15,,9464,23,,,0,15,,9444,23,,,0,55,,9443,23,,,0,15,,9440,23,,,0,15,,9472,23,,,0,15,,9441,23,,,0,54,,9455,23,,,0,14,,9454,23,,,0,15,,9447,23,,,0,15,,9448,23,,,0,70,,9470,23,,,0,29,,9459,23,,,0,70,,9477,23,,,0,30,,9437,23,,,0,99,,9465,23,,,0,100,,9456,23,,,0,100,,9463,23,,,0,98,,9435,23,,,0,100,,9478,23,,,0
301,'5518',841,,9479,23,,,0,100,,9480,23,,,0,101,,9485,23,,,0,103,,9481,23,,,0,98,,9486,23,,,0,100,,9482,23,,,0,100,,9483,23,,,0,100,,9488,23,,,0,100,,9484,23,,,0,98,,9490,23,,,0,99,,9487,23,,,0,106,,9489,23,,,0,99,,9491,23,,,0,100,,9492,23,,,0
301,'5520',652,,9508,23,,,0,49,,9507,23,,,0,31,,9500,23,,,0,17,,9509,23,,,0,56,,9519,23,,,0,20,,9503,23,,,0,20,,9510,23,,,0,70,,9518,23,,,0,30,,9515,23,,,0,71,,9533,23,,,0,30,,9497,23,,,0,70,,9494,23,,,0,31,,9520,23,,,0,70,,9504,23,,,0,30,,9532,23,,,0,71,,9526,23,,,0,30,,9525,23,,,0,71,,9531,23,,,0,15,,9524,23,,,0,15,,9529,23,,,0,10,,9534,23,,,0,60,,9527,23,,,0,15,,9522,23,,,0,15,,9502,23,,,0,55,,9501,23,,,0,15,,9498,23,,,0,15,,9530,23,,,0,15,,9499,23,,,0,54,,9513,23,,,0,14,,9512,23,,,0,15,,9505,23,,,0,15,,9506,23,,,0,70,,9528,23,,,0,29,,9517,23,,,0,70,,9535,23,,,0,30,,9495,23,,,0,99,,9523,23,,,0,100,,9514,23,,,0,100,,9521,23,,,0,98,,9493,23,,,0
301,'5526',844,,9538,23,,,0,70,,9541,23,,,0,31,,9546,23,,,0,70,,9544,23,,,0,30,,9543,23,,,0,70,,9542,23,,,0,30,,9545,23,,,0,71,,9537,23,,,0,30,,9547,23,,,0,70,,9549,23,,,0,30,,9550,23,,,0,70,,9551,23,,,0,30,,9548,23,,,0,70,,9552,23,,,0,30,,9554,23,,,0,70,,9555,23,,,0,30,,9558,23,,,0,70,,9553,23,,,0,30,,9560,23,,,0,75,,9556,23,,,0,24,,9557,23,,,0,85,,9559,23,,,0,105,,9561,23,,,0,105,,9562,23,,,0,104,,9563,23,,,0,100,,9564,23,,,0
1400,'5475',806,,11000,20,0,7 8 2 9 2 10,0,650,,11002,20,0,9,0
1400,'5520',806,,11025,20,0,7 8 2 9 2 10,0,650,,11027,20,0,9,0
8001,'5475',1452,,11486,4,,,0
8001,'5522',1452,,11487,4,,,0
8001,'5525',1457,,11488,4,,,0
8100,'5475',758,,11489,29,,,0
8100,'5520',758,,11490,29,,,0
