1401,'4532',755,,8664,13,,,0,175,,8666,13,,,0,95,,7828,13,,,0,101,,7826,13,,,0,100,,6322,13,,,0,100,,8667,13,,,0,105,,6321,13,,,0,211,,6325,13,,,0,208,,8665,13,,,0,100,,7827,13,,,0
1401,'5475',609,,11056,13,,,0,31,,11057,13,,,0,85,,11049,13,,,0,27,,11051,13,,,0,84,,11054,13,,,0,91,,11052,13,,,0,114,,11050,13,,,0,185,,11058,13,,,0,217,,11053,13,,,0,115,,11060,13,,,0,79,,11059,13,,,0,75,,11061,13,,,0,39,,11062,13,,,0,105,,11055,13,,,0,154,,11063,13,,,0,30,,11064,13,,,0,365,,11066,13,,,0,29,,11065,13,,,0
1401,'5518',900,,11068,13,,,0,200,,11067,13,,,0,130,,11072,13,,,0,95,,11070,13,,,0,100,,11069,13,,,0,130,,11071,13,,,0,265,,11073,13,,,0
1401,'5520',609,,11081,13,,,0,31,,11082,13,,,0,85,,11074,13,,,0,27,,11076,13,,,0,84,,11079,13,,,0,91,,11077,13,,,0,114,,11075,13,,,0,185,,11083,13,,,0,217,,11078,13,,,0,115,,11085,13,,,0,79,,11084,13,,,0,75,,11086,13,,,0,39,,11087,13,,,0,105,,11080,13,,,0,154,,11088,13,,,0,30,,11089,13,,,0
1401,'5526',755,,11090,13,,,0,175,,11094,13,,,0,95,,11098,13,,,0,101,,11096,13,,,0,100,,11092,13,,,0,100,,11099,13,,,0,105,,11091,13,,,0,211,,11095,13,,,0,208,,11093,13,,,0,100,,11097,13,,,0
8001,'5475',1459,,11486,17,,,0
8001,'5522',1459,,11487,17,,,0
8001,'5525',1504,,11488,17,,,0
8100,'5475',744,,11489,8,,,0
8100,'5520',744,,11490,8,,,0
8101,'5475',1537,,11491,36,,,0
8101,'5522',1537,,11492,36,,,0
8101,'5525',1431,,11493,36,,,0
