100,'4532',644,,6634,23,,,0,9,,8080,23,,,0,70,,6637,23,,,0,30,,8069,23,,,0,66,,6639,23,,,0,20,,6613,23,,,0,15,,8082,23,,,0,57,,6614,23,,,0,16,,6641,23,,,0,15,,4891,23,,,0,72,,8071,23,,,0,30,,4896,23,,,0,70,,8070,23,,,0,32,,4898,23,,,0,70,,6618,23,,,0,30,,4901,23,,,0,70,,6617,23,,,0,30,,4902,23,,,0,70,,6620,23,,,0,31,,8072,23,,,0,70,,6621,23,,,0,30,,6623,23,,,0,69,,8074,23,,,0,13,,8083,23,,,0,15,,6625,23,,,0,15,,8084,23,,,0,55,,8073,23,,,0,15,,8085,23,,,0,14,,6626,23,,,0,15,,8086,23,,,0,55,,8075,23,,,0,15,,8087,23,,,0,15,,6628,23,,,0,70,,6629,23,,,0,45,,6633,23,,,0,99,,8078,23,,,0,144,,8077,23,,,0,104,,8076,23,,,0,103,,8079,23,,,0,97,,8081,23,,,0
100,'5475',605,,8746,15,,,0,30,,8747,23,,,0,72,,8748,23,,,0,31,,8749,23,,,0,17,,8750,23,,,0,57,,8758,23,,,0,15,,8757,23,,,0,15,,8785,23,,,0,14,,8786,23,,,0,55,,8761,23,,,0,16,,8753,23,,,0,15,,8780,23,,,0,60,,8779,23,,,0,21,,8790,23,,,0,20,,8789,23,,,0,71,,8788,23,,,0,30,,8793,23,,,0,72,,8792,23,,,0,30,,8777,23,,,0,70,,8776,23,,,0,30,,8767,23,,,0,70,,8756,23,,,0,32,,8755,23,,,0,60,,8759,23,,,0,19,,8754,23,,,0,18,,8782,23,,,0,55,,8764,23,,,0,14,,8781,23,,,0,15,,8787,23,,,0,15,,8783,23,,,0,15,,8796,23,,,0,54,,8795,23,,,0,14,,8775,23,,,0,15,,8772,23,,,0,13,,8797,23,,,0,55,,8773,23,,,0,15,,8770,23,,,0,15,,8791,23,,,0,60,,8794,23,,,0,19,,8771,23,,,0,25,,8778,23,,,0,67,,8774,23,,,0,30,,8769,23,,,0,69,,8765,23,,,0,30,,8763,23,,,0,70,,8762,23,,,0,30,,8760,23,,,0,69,,8768,23,,,0,28,,8784,23,,,0,68,,8766,23,,,0,29,,8751,23,,,0,70,,8752,23,,,0,98,,8798,23,,,0
100,'5518',714,,8799,23,,,0,19,,8800,23,,,0,70,,8801,23,,,0,30,,8803,23,,,0,70,,8802,23,,,0,32,,8804,23,,,0,72,,8807,23,,,0,30,,8805,23,,,0,70,,8806,23,,,0,31,,8808,23,,,0,72,,8820,23,,,0,30,,8810,23,,,0,70,,8809,23,,,0,30,,8813,23,,,0,70,,8811,23,,,0,30,,8814,23,,,0,71,,8815,23,,,0,30,,8812,23,,,0,69,,8816,23,,,0,30,,8817,23,,,0,69,,8827,23,,,0,30,,8818,23,,,0,70,,8830,23,,,0,33,,8821,23,,,0,65,,8819,23,,,0,29,,8822,23,,,0,70,,8831,23,,,0,29,,8824,23,,,0,70,,8823,23,,,0,29,,8825,23,,,0,68,,8826,23,,,0,30,,8828,23,,,0,70,,8832,23,,,0,37,,8829,23,,,0,62,,8833,23,,,0
100,'5520',605,,8834,15,,,0,30,,8835,23,,,0,72,,8836,23,,,0,31,,8837,23,,,0,17,,8838,23,,,0,57,,8846,23,,,0,15,,8845,23,,,0,15,,8873,23,,,0,14,,8874,23,,,0,55,,8849,23,,,0,16,,8841,23,,,0,15,,8868,23,,,0,60,,8867,23,,,0,21,,8878,23,,,0,20,,8877,23,,,0,71,,8876,23,,,0,30,,8881,23,,,0,72,,8880,23,,,0,30,,8865,23,,,0,70,,8864,23,,,0,30,,8855,23,,,0,70,,8844,23,,,0,32,,8843,23,,,0,60,,8847,23,,,0,19,,8842,23,,,0,18,,8870,23,,,0,55,,8852,23,,,0,14,,8869,23,,,0,15,,8875,23,,,0,15,,8871,23,,,0,15,,8884,23,,,0,54,,8883,23,,,0,14,,8863,23,,,0,15,,8860,23,,,0,13,,8885,23,,,0,55,,8861,23,,,0,15,,8858,23,,,0,15,,8879,23,,,0,60,,8882,23,,,0,19,,8859,23,,,0,25,,8866,23,,,0,67,,8862,23,,,0,30,,8857,23,,,0,69,,8853,23,,,0,30,,8851,23,,,0,70,,8850,23,,,0,30,,8848,23,,,0,69,,8856,23,,,0,28,,8872,23,,,0,68,,8854,23,,,0,29,,8839,23,,,0,70,,8840,23,,,0
100,'5526',644,,8913,23,,,0,9,,8915,23,,,0,70,,8916,23,,,0,30,,8886,23,,,0,66,,8918,23,,,0,20,,8888,23,,,0,15,,8919,23,,,0,57,,8889,23,,,0,16,,8920,23,,,0,15,,8887,23,,,0,72,,8891,23,,,0,30,,8892,23,,,0,70,,8890,23,,,0,32,,8894,23,,,0,70,,8895,23,,,0,30,,8897,23,,,0,70,,8893,23,,,0,30,,8898,23,,,0,70,,8899,23,,,0,31,,8896,23,,,0,70,,8900,23,,,0,30,,8902,23,,,0,69,,8903,23,,,0,13,,8921,23,,,0,15,,8904,23,,,0,15,,8922,23,,,0,55,,8901,23,,,0,15,,8923,23,,,0,14,,8905,23,,,0,15,,8924,23,,,0,55,,8906,23,,,0,15,,8925,23,,,0,15,,8907,23,,,0,70,,8908,23,,,0,45,,8912,23,,,0,99,,8911,23,,,0,144,,8910,23,,,0,104,,8909,23,,,0,103,,8914,23,,,0,97,,8917,23,,,0
200,'4532',757,,6788,30,,,0,153,,5103,30,,,0,101,,6787,30,,,0,101,,6790,30,,,0,100,,8164,30,,,0,101,,8165,30,,,0,100,,8166,30,,,0,100,,8168,30,,,0,30,,6796,30,,,0,70,,8167,30,,,0,30,,6793,30,,,0,70,,8169,30,,,0,30,,8170,30,,,0,70,,8171,30,,,0,88,,6804,30,,,0,40,,6802,30,,,0,91,,6800,30,,,0,93,,6801,30,,,0,100,,6803,30,,,0
200,'5475',622,,9114,30,,,0,37,,9115,30,,,0,68,,9116,30,,,0,15,,9119,30,,,0,72,,9117,30,,,0,16,,9118,30,,,0,15,,9120,30,,,0,66,,9123,30,,,0,30,,9122,30,,,0,70,,9121,30,,,0,30,,9126,30,,,0,70,,9124,30,,,0,30,,9125,30,,,0,71,,9127,30,,,0,30,,9128,30,,,0,70,,9129,30,,,0,30,,9130,30,,,0,70,,9132,30,,,0,30,,9131,30,,,0,76,,9133,30,,,0,27,,9134,30,,,0,79,,9110,30,,,0,30,,9104,30,,,0,69,,9106,30,,,0,28,,9107,30,,,0,70,,9113,30,,,0,34,,9105,30,,,0,80,,9109,30,,,0,69,,9103,30,,,0,34,,9108,30,,,0,65,,9102,30,,,0,30,,9111,30,,,0,294,,9135,30,,,0,100,,9136,30,,,0
200,'5518',814,,9138,30,,,0,41,,9137,30,,,0,152,,9140,30,,,0,100,,9139,30,,,0,101,,9141,30,,,0,105,,9142,30,,,0,96,,9144,30,,,0,100,,9143,30,,,0,99,,9147,30,,,0,106,,9149,30,,,0,99,,9148,30,,,0,124,,9145,30,,,0,99,,9146,30,,,0
200,'5520',622,,9162,30,,,0,37,,9163,30,,,0,68,,9164,30,,,0,15,,9167,30,,,0,72,,9165,30,,,0,16,,9166,30,,,0,15,,9168,30,,,0,66,,9171,30,,,0,30,,9170,30,,,0,70,,9169,30,,,0,30,,9174,30,,,0,70,,9172,30,,,0,30,,9173,30,,,0,71,,9175,30,,,0,30,,9176,30,,,0,70,,9177,30,,,0,30,,9178,30,,,0,70,,9180,30,,,0,30,,9179,30,,,0,76,,9181,30,,,0,27,,9182,30,,,0,79,,9158,30,,,0,30,,9152,30,,,0,69,,9154,30,,,0,28,,9155,30,,,0,70,,9161,30,,,0,34,,9153,30,,,0,80,,9157,30,,,0,69,,9151,30,,,0,34,,9156,30,,,0,65,,9150,30,,,0,30,,9159,30,,,0
200,'5526',757,,9184,30,,,0,153,,9186,30,,,0,101,,9183,30,,,0,101,,9187,30,,,0,100,,9185,30,,,0,101,,9188,30,,,0,100,,9189,30,,,0,100,,9192,30,,,0,30,,9193,30,,,0,70,,9191,30,,,0,30,,9190,30,,,0,70,,9194,30,,,0,30,,9195,30,,,0,70,,9196,30,,,0,88,,9201,30,,,0,40,,9199,30,,,0,91,,9197,30,,,0,93,,9198,30,,,0,100,,9200,30,,,0
