1300,'4532',730,,6229,1,,,0,102,,6230,1,,,0,105,,6228,1,,,0,100,,6231,1,,,0,101,,6232,1,,,0,196,,6235,1,,,0,185,,6236,1,,,0,100,,6233,1,,,0,100,,6237,1,,,0,100,,6238,1,,,0,99,,6234,1,,,0,100,,6239,1,,,0
1300,'5475',649,,10924,1,,,0,177,,10926,1,,,0,108,,10928,1,,,0,100,,10927,1,,,0,100,,10929,1,,,0,211,,10925,1,,,0,103,,10930,1,,,0,108,,10931,1,,,0,148,,10932,1,,,0,106,,10933,1,,,0,105,,10934,1,,,0
1300,'5518',819,,10937,1,,,0,322,,10938,1,,,0,365,,10936,1,,,0,230,,10939,1,,,0
1300,'5520',649,,10940,1,,,0,177,,10942,1,,,0,108,,10944,1,,,0,100,,10943,1,,,0,100,,10945,1,,,0,211,,10941,1,,,0,103,,10946,1,,,0,108,,10947,1,,,0,148,,10948,1,,,0,106,,10949,1,,,0,105,,10950,1,,,0
1300,'5526',730,,10952,1,,,0,102,,10953,1,,,0,105,,10951,1,,,0,100,,10954,1,,,0,101,,10955,1,,,0,196,,10958,1,,,0,185,,10959,1,,,0,100,,10956,1,,,0,100,,10960,1,,,0,100,,10961,1,,,0,99,,10957,1,,,0,100,,10962,1,,,0
1301,'4532',831,,6254,9,4,,0,105,,6255,9,4,,0,100,,6259,9,4,,0,101,,6253,9,4,,0,196,,6257,9,4,,0,185,,6256,9,4,,0,100,,6260,9,4,,0,100,,6261,9,4,,0,100,,6262,9,4,,0,99,,6258,9,4,,0,100,,6263,9,4,,0
1301,'5475',826,,10964,9,4,,0,108,,10967,9,4,,0,100,,10966,9,4,,0,100,,10965,9,4,,0,211,,10963,9,4,,0,103,,10968,9,4,,0,108,,10969,9,4,,0,148,,10970,9,4,,0,106,,10971,9,4,,0,105,,10972,9,4,,0
1301,'5518',1141,,10976,9,4,,0,365,,10974,9,4,,0,230,,10975,9,4,,0
1301,'5520',826,,10978,9,4,,0,108,,10981,9,4,,0,100,,10980,9,4,,0,100,,10979,9,4,,0,211,,10977,9,4,,0,103,,10982,9,4,,0,108,,10983,9,4,,0,148,,10984,9,4,,0,106,,10985,9,4,,0,105,,10986,9,4,,0
1301,'5526',831,,10988,9,4,,0,105,,10989,9,4,,0,100,,10993,9,4,,0,101,,10987,9,4,,0,196,,10991,9,4,,0,185,,10990,9,4,,0,100,,10994,9,4,,0,100,,10995,9,4,,0,100,,10996,9,4,,0,99,,10992,9,4,,0,100,,10997,9,4,,0
