601,'4532',810,,7275,18,,,0,105,,7276,18,,,0,95,,8309,18,,,0,100,,8310,18,,,0,100,,7274,18,,,0,100,,5638,18,,,0,100,,8311,18,,,0,100,,5642,18,,,0,30,,8313,18,,,0,70,,8315,18,,,0,30,,8318,18,,,0,70,,8316,18,,,0,30,,8317,18,,,0,70,,8314,18,,,0,145,,8312,18,,,0,164,,7285,18,,,0
601,'5475',711,,9953,18,,,0,102,,9954,18,,,0,103,,9955,18,,,0,95,,9957,18,,,0,25,,9956,18,,,0,75,,9958,18,,,0,120,,9959,18,,,0,80,,9960,18,,,0,100,,9961,18,,,0,104,,9962,20,,,0,37,,9963,18,,,0,80,,9964,18,,,0,16,,9965,18,,,0,76,,9968,18,,,0,27,,9966,18,,,0,69,,9967,18,,,0,100,,9969,18,,,0,234,,9970,18,,,0,275,,9971,18,,,0
601,'5518',815,,9972,18,,,0,120,,9973,18,,,0,95,,9976,18,,,0,110,,9975,18,,,0,100,,9974,18,,,0,100,,9979,18,,,0,100,,9977,18,,,0,100,,9978,18,,,0,105,,9980,18,,,0,95,,9981,18,,,0,105,,9983,18,,,0,100,,9982,18,,,0
601,'5520',711,,9984,18,,,0,102,,9985,18,,,0,103,,9986,18,,,0,95,,9988,18,,,0,25,,9987,18,,,0,75,,9989,18,,,0,120,,9990,18,,,0,80,,9991,18,,,0,100,,9992,18,,,0,104,,9993,20,,,0,37,,9994,18,,,0,80,,9995,18,,,0,16,,9996,18,,,0,76,,9999,18,,,0,27,,9997,18,,,0,69,,9998,18,,,0,100,,10000,18,,,0,234,,10001,18,,,0
601,'5526',810,,10003,18,,,0,105,,10004,18,,,0,95,,10006,18,,,0,100,,10007,18,,,0,100,,10002,18,,,0,100,,10005,18,,,0,100,,10008,18,,,0,100,,10009,18,,,0,30,,10011,18,,,0,70,,10013,18,,,0,30,,10017,18,,,0,70,,10014,18,,,0,30,,10016,18,,,0,70,,10012,18,,,0,145,,10010,18,,,0,164,,10015,18,,,0
1600,'4532',851,,8670,23,0,5,0,157,,7847,23,0,5,0,95,,7846,23,0,5,0,111,,8671,23,0,5,0,95,,8672,23,0,5,0,101,,7845,23,0,5,0,100,,7851,23,0,5,0,100,,6360,23,0,5,0,105,,6364,23,0,5,0,95,,8673,23,0,5,0,97,,8674,23,0,5,0,100,,8675,23,0,5,0
1600,'5475',701,,11105,23,,,0,42,,11114,23,0,5,0,70,,11106,23,0,5,0,98,,11101,23,0,5,0,100,,11102,23,0,5,0,100,,11103,23,0,5,0,100,,11109,23,0,5,0,100,,11104,23,0,5,0,103,,11100,23,0,5,0,103,,11107,23,0,5,0,110,,11108,23,0,5,0,100,,11111,23,0,5,0,94,,11113,23,0,5,0,98,,11112,23,0,5,0,99,,11110,23,0,5,0,400,,11115,23,0,5,0,102,,11116,23,0,5,0
1600,'5518',911,,11117,23,0,5,0,100,,11120,23,0,5,0,100,,11118,23,0,5,0,101,,11119,23,0,5,0,102,,11121,23,0,5,0,100,,11124,23,0,5,0,99,,11127,23,0,5,0,100,,11125,23,0,5,0,105,,11122,23,0,5,0,99,,11123,23,0,5,0,97,,11126,23,0,5,0,100,,11128,23,0,5,0
1600,'5520',701,,11134,23,,,0,42,,11143,23,0,5,0,70,,11135,23,0,5,0,98,,11130,23,0,5,0,100,,11131,23,0,5,0,100,,11132,23,0,5,0,100,,11138,23,0,5,0,100,,11133,23,0,5,0,103,,11129,23,0,5,0,103,,11136,23,0,5,0,110,,11137,23,0,5,0,100,,11140,23,0,5,0,94,,11142,23,0,5,0,98,,11141,23,0,5,0,99,,11139,23,0,5,0
1600,'5526',851,,11148,23,0,5,0,157,,11146,23,0,5,0,95,,11145,23,0,5,0,111,,11149,23,0,5,0,95,,11150,23,0,5,0,101,,11144,23,0,5,0,100,,11152,23,0,5,0,100,,11147,23,0,5,0,105,,11151,23,0,5,0,95,,11153,23,0,5,0,97,,11154,23,0,5,0,100,,11155,23,0,5,0
