400,'4532',833,,7037,19,,,0,25,,7038,19,,,0,65,,7036,19,,,0,25,,7039,19,,,0,67,,7040,19,,,0,26,,7041,19,,,0,65,,7042,19,,,0,26,,7043,19,,,0,26,,7044,19,,,0,67,,7045,19,,,0,27,,7046,19,,,0,68,,8285,19,,,0,27,,7048,19,,,0,68,,8286,19,,,0,27,,7052,19,,,0,69,,8288,19,,,0,27,,7050,19,,,0,69,,8289,19,,,0,27,,7051,19,,,0,66,,8287,19,,,0,27,,7055,19,,,0,27,,8290,19,,,0,67,,7058,19,,,0,25,,8291,19,,,0,74,,7061,19,,,0,99,,7060,19,,,0,100,,7062,19,,,0,99,,7063,19,,,0,99,,8292,19,,,0
400,'5475',639,,9565,19,,,0,66,,9570,19,,,0,49,,9567,19,,,0,74,,9572,19,,,0,28,,9569,19,,,0,68,,9575,19,,,0,30,,9568,19,,,0,70,,9566,19,,,0,32,,9576,19,,,0,70,,9581,19,,,0,32,,9578,19,,,0,70,,9571,19,,,0,30,,9583,19,,,0,70,,9592,19,,,0,31,,9582,19,,,0,70,,9594,19,,,0,30,,9573,19,,,0,70,,9593,19,,,0,22,,9595,19,,,0,50,,9590,19,,,0,30,,9579,19,,,0,12,,9596,19,,,0,58,,9580,19,,,0,29,,9577,19,,,0,28,,9587,19,,,0,69,,9574,19,,,0,28,,9588,19,,,0,96,,9589,19,,,0,96,,9585,19,,,0,97,,9584,19,,,0,100,,9586,19,,,0,157,,9591,19,,,0,16,,9597,19,,,0,109,,9598,19,,,0
400,'5518',847,,9601,19,,,0,159,,9602,19,,,0,120,,9599,19,,,0,121,,9600,19,,,0,95,,9606,19,,,0,166,,9604,19,,,0,127,,9605,19,,,0,123,,9603,19,,,0,160,,9607,19,,,0
400,'5520',639,,9608,19,,,0,66,,9613,19,,,0,49,,9610,19,,,0,74,,9615,19,,,0,28,,9612,19,,,0,68,,9618,19,,,0,30,,9611,19,,,0,70,,9609,19,,,0,32,,9619,19,,,0,70,,9624,19,,,0,32,,9621,19,,,0,70,,9614,19,,,0,30,,9626,19,,,0,70,,9635,19,,,0,31,,9625,19,,,0,70,,9637,19,,,0,30,,9616,19,,,0,70,,9636,19,,,0,22,,9638,19,,,0,50,,9633,19,,,0,30,,9622,19,,,0,12,,9639,19,,,0,58,,9623,19,,,0,29,,9620,19,,,0,28,,9630,19,,,0,69,,9617,19,,,0,28,,9631,19,,,0,96,,9632,19,,,0,96,,9628,19,,,0,97,,9627,19,,,0,100,,9629,19,,,0,157,,9634,19,,,0
400,'5526',833,,9641,19,,,0,25,,9642,19,,,0,65,,9640,19,,,0,25,,9643,19,,,0,67,,9644,19,,,0,26,,9645,19,,,0,65,,9646,19,,,0,26,,9647,19,,,0,26,,9648,19,,,0,67,,9649,19,,,0,27,,9650,19,,,0,68,,9651,19,,,0,27,,9652,19,,,0,68,,9653,19,,,0,27,,9656,19,,,0,69,,9658,19,,,0,27,,9654,19,,,0,69,,9660,19,,,0,27,,9655,19,,,0,66,,9657,19,,,0,27,,9659,19,,,0,27,,9661,19,,,0,67,,9662,19,,,0,25,,9663,19,,,0,74,,9665,19,,,0,99,,9664,19,,,0,100,,9666,19,,,0,99,,9667,19,,,0,99,,9668,19,,,0
900,'4532',632,,7630,22,,,0,70,,6034,22,,,0,33,,7624,22,,,0,70,,5995,22,,,0,31,,7604,22,,,0,70,,8506,22,,,0,32,,8505,22,,,0,72,,5999,22,,,0,29,,8509,22,,,0,69,,8507,22,,,0,15,,6026,22,,,0,15,,7609,22,,,0,15,,8516,22,,,0,55,,8508,22,,,0,32,,6004,22,,,0,71,,7611,22,,,0,30,,8510,22,,,0,72,,6006,22,,,0,30,,6007,22,,,0,12,,6024,22,,,0,55,,8512,22,,,0,15,,6028,22,,,0,15,,7614,22,,,0,15,,6025,22,,,0,55,,8511,22,,,0,15,,6027,22,,,0,15,,6012,22,,,0,15,,7628,22,,,0,55,,7616,22,,,0,15,,7626,22,,,0,15,,6014,22,,,0,70,,7615,22,,,0,35,,7618,22,,,0,79,,7622,22,,,0,30,,8514,22,,,0,100,,8515,22,,,0,100,,8513,22,,,0,99,,7621,22,,,0,102,,7623,22,,,0,102,,7625,22,,,0,143,,7629,22,,,0
900,'5475',634,,10379,22,,,0,72,,10380,22,,,0,33,,10381,22,,,0,16,,10382,22,,,0,56,,10383,22,,,0,17,,10384,22,,,0,14,,10385,22,,,0,13,,10386,22,,,0,47,,10387,22,,,0,9,,10388,22,,,0,13,,10389,22,,,0,15,,10390,22,,,0,15,,10391,22,,,0,55,,10392,22,,,0,15,,10393,22,,,0,15,,10394,22,,,0,15,,10395,22,,,0,55,,10396,22,,,0,16,,10397,22,,,0,16,,10398,22,,,0,15,,10399,22,,,0,55,,10400,22,,,0,15,,10401,22,,,0,15,,10402,22,,,0,14,,10403,22,,,0,55,,10404,22,,,0,16,,10405,22,,,0,15,,10406,22,,,0,15,,10407,22,,,0,55,,10408,22,,,0,15,,10409,22,,,0,14,,10410,22,,,0,18,,10411,22,,,0,54,,10412,22,,,0,15,,10413,22,,,0,17,,10414,22,,,0,7,,10415,22,,,0,8,,10416,22,,,0,56,,10417,22,,,0,14,,10418,22,,,0,15,,10419,22,,,0,57,,10420,22,,,0,15,,10421,22,,,0,14,,10422,22,,,0,7,,10423,22,,,0,6,,10424,22,,,0,14,,10425,22,,,0,55,,10426,22,,,0,13,,10427,22,,,0,12,,10428,22,,,0,15,,10429,22,,,0,55,,10430,22,,,0,15,,10431,22,,,0,14,,10432,22,,,0,15,,10433,22,,,0,56,,10434,22,,,0,14,,10435,22,,,0,15,,10436,22,,,0,20,,10437,22,,,0,60,,10438,22,,,0,34,,10439,22,,,0,70,,10440,22,,,0,25,,10441,22,,,0,73,,10442,22,,,0,26,,10443,22,,,0,71,,10444,22,,,0,26,,10445,22,,,0,70,,10378,22,,,0
900,'5518',733,,10446,22,,,0,70,,10448,22,,,0,31,,10447,22,,,0,70,,10449,22,,,0,30,,10451,22,,,0,71,,10450,22,,,0,30,,10452,22,,,0,70,,10454,22,,,0,30,,10455,22,,,0,71,,10453,22,,,0,30,,10456,22,,,0,71,,10457,22,,,0,30,,10460,22,,,0,70,,10459,22,,,0,30,,10461,22,,,0,70,,10458,22,,,0,31,,10472,22,,,0,70,,10462,22,,,0,30,,10464,22,,,0,69,,10463,22,,,0,30,,10465,22,,,0,70,,10466,22,,,0,30,,10477,22,,,0,70,,10471,22,,,0,30,,10467,22,,,0,68,,10468,22,,,0,30,,10469,22,,,0,70,,10470,22,,,0,30,,10476,22,,,0,70,,10473,22,,,0,29,,10474,22,,,0,68,,10475,22,,,0,30,,10478,22,,,0,70,,10479,22,,,0
900,'5520',634,,10481,22,,,0,72,,10482,22,,,0,33,,10483,22,,,0,16,,10484,22,,,0,56,,10485,22,,,0,17,,10486,22,,,0,14,,10487,22,,,0,13,,10488,22,,,0,47,,10489,22,,,0,9,,10490,22,,,0,13,,10491,22,,,0,15,,10492,22,,,0,15,,10493,22,,,0,55,,10494,22,,,0,15,,10495,22,,,0,15,,10496,22,,,0,15,,10497,22,,,0,55,,10498,22,,,0,16,,10499,22,,,0,16,,10500,22,,,0,15,,10501,22,,,0,55,,10502,22,,,0,15,,10503,22,,,0,15,,10504,22,,,0,14,,10505,22,,,0,55,,10506,22,,,0,16,,10507,22,,,0,15,,10508,22,,,0,15,,10509,22,,,0,55,,10510,22,,,0,15,,10511,22,,,0,14,,10512,22,,,0,18,,10513,22,,,0,54,,10514,22,,,0,15,,10515,22,,,0,17,,10516,22,,,0,7,,10517,22,,,0,8,,10518,22,,,0,56,,10519,22,,,0,14,,10520,22,,,0,15,,10521,22,,,0,57,,10522,22,,,0,15,,10523,22,,,0,14,,10524,22,,,0,7,,10525,22,,,0,6,,10526,22,,,0,14,,10527,22,,,0,55,,10528,22,,,0,13,,10529,22,,,0,12,,10530,22,,,0,15,,10531,22,,,0,55,,10532,22,,,0,15,,10533,22,,,0,14,,10534,22,,,0,15,,10535,22,,,0,56,,10536,22,,,0,14,,10537,22,,,0,15,,10538,22,,,0,20,,10539,22,,,0,60,,10540,22,,,0,34,,10541,22,,,0,70,,10542,22,,,0,25,,10543,22,,,0,73,,10544,22,,,0,26,,10545,22,,,0,71,,10546,22,,,0,26,,10547,22,,,0,70,,10480,22,,,0
900,'5526',632,,10587,22,,,0,70,,10588,22,,,0,33,,10576,22,,,0,70,,10549,22,,,0,31,,10550,22,,,0,70,,10551,22,,,0,32,,10548,22,,,0,72,,10553,22,,,0,29,,10555,22,,,0,69,,10552,22,,,0,15,,10580,22,,,0,15,,10556,22,,,0,15,,10584,22,,,0,55,,10554,22,,,0,32,,10558,22,,,0,71,,10559,22,,,0,30,,10557,22,,,0,72,,10560,22,,,0,30,,10561,22,,,0,12,,10578,22,,,0,55,,10563,22,,,0,15,,10582,22,,,0,15,,10564,22,,,0,15,,10579,22,,,0,55,,10562,22,,,0,15,,10581,22,,,0,15,,10566,22,,,0,15,,10585,22,,,0,55,,10567,22,,,0,15,,10583,22,,,0,15,,10568,22,,,0,70,,10565,22,,,0,35,,10570,22,,,0,79,,10574,22,,,0,30,,10571,22,,,0,100,,10572,22,,,0,100,,10569,22,,,0,99,,10573,22,,,0,102,,10575,22,,,0,102,,10577,22,,,0,143,,10586,22,,,0
7200,'5475',755,,11462,24,,,0
7200,'5520',755,,11463,24,,,0
7500,'5475',815,,11471,17,4,,0
7500,'5520',815,,11472,17,4,,0
7900,'5475',805,,11481,35,4,,0
7900,'5520',805,,11482,35,4,,0
