900,'4532',649,,7630,38,4,,0,70,,6034,38,4,,0,33,,7624,38,4,,0,70,,5995,38,4,,0,34,,7604,38,4,,0,70,,8506,38,4,,0,32,,8505,38,4,,0,72,,5999,38,4,,0,29,,8509,38,4,,0,69,,8507,38,4,,0,15,,6026,38,4,,0,15,,7609,38,4,,0,55,,8516,38,4,,0,15,,8508,38,4,,0,73,,6004,38,4,,0,31,,7611,38,4,,0,70,,8510,38,4,,0,32,,6006,38,4,,0,70,,6007,38,4,,0,11,,6024,38,4,,0,15,,8512,38,4,,0,15,,6028,38,4,,0,55,,7614,38,4,,0,15,,6025,38,4,,0,15,,8511,38,4,,0,15,,6027,38,4,,0,55,,6012,38,4,,0,15,,7628,38,4,,0,15,,7616,38,4,,0,15,,7626,38,4,,0,55,,6014,38,4,,0,30,,7615,38,4,,0,75,,7618,38,4,,0,39,,7622,38,4,,0,70,,8514,38,4,,0,100,,8515,38,4,,0,100,,8513,38,4,,0,97,,7621,38,4,,0,100,,7623,38,4,,0,102,,7625,38,4,,0,103,,7629,38,4,,0
900,'5475',653,,10379,38,4,,0,73,,10380,38,4,,0,74,,10381,38,4,,0,20,,10382,38,4,,0,16,,10383,38,4,,0,15,,10384,38,4,,0,53,,10385,38,4,,0,10,,10386,38,4,,0,7,,10387,38,4,,0,10,,10388,38,4,,0,14,,10389,38,4,,0,55,,10390,38,4,,0,15,,10391,38,4,,0,15,,10392,38,4,,0,15,,10393,38,4,,0,56,,10394,38,4,,0,15,,10395,38,4,,0,16,,10396,38,4,,0,16,,10397,38,4,,0,56,,10398,38,4,,0,14,,10399,38,4,,0,15,,10400,38,4,,0,15,,10401,38,4,,0,56,,10402,38,4,,0,14,,10403,38,4,,0,15,,10404,38,4,,0,16,,10405,38,4,,0,55,,10406,38,4,,0,15,,10407,38,4,,0,16,,10408,38,4,,0,17,,10409,38,4,,0,54,,10410,38,4,,0,18,,10411,38,4,,0,14,,10412,38,4,,0,15,,10413,38,4,,0,57,,10414,38,4,,0,6,,10415,38,4,,0,8,,10416,38,4,,0,16,,10417,38,4,,0,14,,10418,38,4,,0,55,,10419,38,4,,0,17,,10420,38,4,,0,15,,10421,38,4,,0,11,,10422,38,4,,0,7,,10423,38,4,,0,46,,10424,38,4,,0,13,,10425,38,4,,0,15,,10426,38,4,,0,12,,10427,38,4,,0,12,,10428,38,4,,0,55,,10429,38,4,,0,15,,10430,38,4,,0,15,,10431,38,4,,0,14,,10432,38,4,,0,55,,10433,38,4,,0,15,,10434,38,4,,0,14,,10435,38,4,,0,15,,10436,38,4,,0,60,,10437,38,4,,0,20,,10438,38,4,,0,73,,10439,38,4,,0,30,,10440,38,4,,0,64,,10441,38,4,,0,32,,10442,38,4,,0,25,,10443,38,4,,0,71,,10444,38,4,,0,26,,10445,38,4,,0,70,,10378,38,4,,0
900,'5518',751,,10446,38,4,,0,70,,10448,38,4,,0,31,,10447,38,4,,0,70,,10449,38,4,,0,30,,10451,38,4,,0,71,,10450,38,4,,0,31,,10452,38,4,,0,70,,10454,38,4,,0,30,,10455,38,4,,0,71,,10453,38,4,,0,31,,10456,38,4,,0,71,,10457,38,4,,0,30,,10460,38,4,,0,71,,10459,38,4,,0,30,,10461,38,4,,0,70,,10458,38,4,,0,31,,10472,38,4,,0,70,,10462,38,4,,0,30,,10464,38,4,,0,69,,10463,38,4,,0,30,,10465,38,4,,0,68,,10466,38,4,,0,30,,10477,38,4,,0,70,,10471,38,4,,0,29,,10467,38,4,,0,68,,10468,38,4,,0,30,,10469,38,4,,0,70,,10470,38,4,,0,29,,10476,38,4,,0,70,,10473,38,4,,0,29,,10474,38,4,,0,68,,10475,38,4,,0,30,,10478,38,4,,0,70,,10479,38,4,,0
900,'5520',653,,10481,38,4,,0,73,,10482,38,4,,0,74,,10483,38,4,,0,20,,10484,38,4,,0,16,,10485,38,4,,0,15,,10486,38,4,,0,53,,10487,38,4,,0,10,,10488,38,4,,0,7,,10489,38,4,,0,10,,10490,38,4,,0,14,,10491,38,4,,0,55,,10492,38,4,,0,15,,10493,38,4,,0,15,,10494,38,4,,0,15,,10495,38,4,,0,56,,10496,38,4,,0,15,,10497,38,4,,0,16,,10498,38,4,,0,16,,10499,38,4,,0,56,,10500,38,4,,0,14,,10501,38,4,,0,15,,10502,38,4,,0,15,,10503,38,4,,0,56,,10504,38,4,,0,14,,10505,38,4,,0,15,,10506,38,4,,0,16,,10507,38,4,,0,55,,10508,38,4,,0,15,,10509,38,4,,0,16,,10510,38,4,,0,17,,10511,38,4,,0,54,,10512,38,4,,0,18,,10513,38,4,,0,14,,10514,38,4,,0,15,,10515,38,4,,0,57,,10516,38,4,,0,6,,10517,38,4,,0,8,,10518,38,4,,0,16,,10519,38,4,,0,14,,10520,38,4,,0,55,,10521,38,4,,0,17,,10522,38,4,,0,15,,10523,38,4,,0,11,,10524,38,4,,0,7,,10525,38,4,,0,46,,10526,38,4,,0,13,,10527,38,4,,0,15,,10528,38,4,,0,12,,10529,38,4,,0,12,,10530,38,4,,0,55,,10531,38,4,,0,15,,10532,38,4,,0,15,,10533,38,4,,0,14,,10534,38,4,,0,55,,10535,38,4,,0,15,,10536,38,4,,0,14,,10537,38,4,,0,15,,10538,38,4,,0,60,,10539,38,4,,0,20,,10540,38,4,,0,73,,10541,38,4,,0,30,,10542,38,4,,0,64,,10543,38,4,,0,32,,10544,38,4,,0,25,,10545,38,4,,0,71,,10546,38,4,,0,26,,10547,38,4,,0,70,,10480,38,4,,0
900,'5526',649,,10587,38,4,,0,70,,10588,38,4,,0,33,,10576,38,4,,0,70,,10549,38,4,,0,34,,10550,38,4,,0,70,,10551,38,4,,0,32,,10548,38,4,,0,72,,10553,38,4,,0,29,,10555,38,4,,0,69,,10552,38,4,,0,15,,10580,38,4,,0,15,,10556,38,4,,0,55,,10584,38,4,,0,15,,10554,38,4,,0,73,,10558,38,4,,0,31,,10559,38,4,,0,70,,10557,38,4,,0,32,,10560,38,4,,0,70,,10561,38,4,,0,11,,10578,38,4,,0,15,,10563,38,4,,0,15,,10582,38,4,,0,55,,10564,38,4,,0,15,,10579,38,4,,0,15,,10562,38,4,,0,15,,10581,38,4,,0,55,,10566,38,4,,0,15,,10585,38,4,,0,15,,10567,38,4,,0,15,,10583,38,4,,0,55,,10568,38,4,,0,30,,10565,38,4,,0,75,,10570,38,4,,0,39,,10574,38,4,,0,70,,10571,38,4,,0,100,,10572,38,4,,0,100,,10569,38,4,,0,97,,10573,38,4,,0,100,,10575,38,4,,0,102,,10577,38,4,,0,103,,10586,38,4,,0
901,'4532',600,,7750,1,,,0,30,,6173,1,,,0,70,,7743,1,,,0,30,,6156,1,,,0,70,,7724,1,,,0,30,,8579,1,,,0,70,,8577,1,,,0,30,,6135,1,,,0,70,,8578,1,,,0,30,,8580,1,,,0,15,,6166,1,,,0,55,,7729,1,,,0,15,,8588,1,,,0,15,,8582,1,,,0,70,,6143,1,,,0,30,,7732,1,,,0,70,,8581,1,,,0,30,,6145,1,,,0,70,,6146,1,,,0,15,,6171,1,,,0,15,,8583,1,,,0,15,,6168,1,,,0,55,,7735,1,,,0,15,,6170,1,,,0,15,,8584,1,,,0,15,,6165,1,,,0,55,,6153,1,,,0,15,,7748,1,,,0,15,,7734,1,,,0,15,,7749,1,,,0,55,,6147,1,,,0,30,,7736,1,,,0,75,,7738,1,,,0,40,,7745,1,,,0,70,,8585,1,,,0,100,,8586,1,,,0,100,,8587,1,,,0,100,,7739,1,,,0,105,,7744,1,,,0,105,,7746,1,,,0,105,,7751,1,,,0
901,'5475',600,,10589,1,,,0,30,,10590,1,,,0,70,,10591,1,,,0,15,,10592,1,,,0,15,,10593,1,,,0,15,,10594,1,,,0,55,,10595,1,,,0,15,,10596,1,,,0,7,,10597,1,,,0,10,,10598,1,,,0,13,,10599,1,,,0,55,,10600,1,,,0,15,,10601,1,,,0,15,,10602,1,,,0,15,,10603,1,,,0,55,,10604,1,,,0,15,,10605,1,,,0,15,,10606,1,,,0,15,,10607,1,,,0,55,,10608,1,,,0,15,,10609,1,,,0,15,,10610,1,,,0,15,,10611,1,,,0,55,,10612,1,,,0,15,,10613,1,,,0,14,,10614,1,,,0,16,,10615,1,,,0,55,,10616,1,,,0,15,,10617,1,,,0,15,,10618,1,,,0,15,,10619,1,,,0,14,,10620,1,,,0,56,,10621,1,,,0,14,,10622,1,,,0,15,,10623,1,,,0,56,,10624,1,,,0,7,,10625,1,,,0,8,,10626,1,,,0,15,,10627,1,,,0,14,,10628,1,,,0,15,,10629,1,,,0,56,,10630,1,,,0,15,,10631,1,,,0,15,,10632,1,,,0,8,,10633,1,,,0,47,,10634,1,,,0,15,,10635,1,,,0,15,,10636,1,,,0,15,,10637,1,,,0,55,,10638,1,,,0,15,,10639,1,,,0,15,,10640,1,,,0,15,,10641,1,,,0,14,,10642,1,,,0,55,,10643,1,,,0,16,,10644,1,,,0,15,,10645,1,,,0,55,,10646,1,,,0,20,,10647,1,,,0,20,,10648,1,,,0,74,,10649,1,,,0,30,,10650,1,,,0,67,,10651,1,,,0,33,,10652,1,,,0,67,,10653,1,,,0,33,,10654,1,,,0,68,,10655,1,,,0,30,,10656,1,,,0
901,'5518',700,,10657,1,,,0,30,,10660,1,,,0,70,,10658,1,,,0,30,,10659,1,,,0,70,,10664,1,,,0,30,,10661,1,,,0,70,,10663,1,,,0,30,,10662,1,,,0,70,,10667,1,,,0,30,,10665,1,,,0,70,,10666,1,,,0,30,,10671,1,,,0,70,,10669,1,,,0,30,,10672,1,,,0,70,,10668,1,,,0,30,,10670,1,,,0,70,,10684,1,,,0,30,,10674,1,,,0,70,,10675,1,,,0,30,,10673,1,,,0,70,,10676,1,,,0,30,,10677,1,,,0,70,,10689,1,,,0,30,,10681,1,,,0,70,,10678,1,,,0,30,,10680,1,,,0,70,,10679,1,,,0,30,,10682,1,,,0,70,,10688,1,,,0,30,,10683,1,,,0,70,,10685,1,,,0,30,,10686,1,,,0,70,,10687,1,,,0,30,,10690,1,,,0
901,'5520',600,,10691,1,,,0,30,,10692,1,,,0,70,,10693,1,,,0,15,,10694,1,,,0,15,,10695,1,,,0,15,,10696,1,,,0,55,,10697,1,,,0,15,,10698,1,,,0,7,,10699,1,,,0,10,,10700,1,,,0,13,,10701,1,,,0,55,,10702,1,,,0,15,,10703,1,,,0,15,,10704,1,,,0,15,,10705,1,,,0,55,,10706,1,,,0,15,,10707,1,,,0,15,,10708,1,,,0,15,,10709,1,,,0,55,,10710,1,,,0,15,,10711,1,,,0,15,,10712,1,,,0,15,,10713,1,,,0,55,,10714,1,,,0,15,,10715,1,,,0,14,,10716,1,,,0,16,,10717,1,,,0,55,,10718,1,,,0,15,,10719,1,,,0,15,,10720,1,,,0,15,,10721,1,,,0,14,,10722,1,,,0,56,,10723,1,,,0,14,,10724,1,,,0,15,,10725,1,,,0,56,,10726,1,,,0,7,,10727,1,,,0,8,,10728,1,,,0,15,,10729,1,,,0,14,,10730,1,,,0,15,,10731,1,,,0,56,,10732,1,,,0,15,,10733,1,,,0,15,,10734,1,,,0,8,,10735,1,,,0,47,,10736,1,,,0,15,,10737,1,,,0,15,,10738,1,,,0,15,,10739,1,,,0,55,,10740,1,,,0,15,,10741,1,,,0,15,,10742,1,,,0,15,,10743,1,,,0,14,,10744,1,,,0,55,,10745,1,,,0,16,,10746,1,,,0,15,,10747,1,,,0,55,,10748,1,,,0,20,,10749,1,,,0,20,,10750,1,,,0,74,,10751,1,,,0,30,,10752,1,,,0,67,,10753,1,,,0,33,,10754,1,,,0,67,,10755,1,,,0,33,,10756,1,,,0,68,,10757,1,,,0,30,,10758,1,,,0
901,'5526',600,,10797,1,,,0,30,,10798,1,,,0,70,,10785,1,,,0,30,,10781,1,,,0,70,,10759,1,,,0,30,,10763,1,,,0,70,,10761,1,,,0,30,,10760,1,,,0,70,,10762,1,,,0,30,,10764,1,,,0,15,,10791,1,,,0,55,,10765,1,,,0,15,,10789,1,,,0,15,,10767,1,,,0,70,,10768,1,,,0,30,,10769,1,,,0,70,,10766,1,,,0,30,,10770,1,,,0,70,,10771,1,,,0,15,,10796,1,,,0,15,,10773,1,,,0,15,,10793,1,,,0,55,,10775,1,,,0,15,,10795,1,,,0,15,,10777,1,,,0,15,,10790,1,,,0,55,,10778,1,,,0,15,,10792,1,,,0,15,,10774,1,,,0,15,,10794,1,,,0,55,,10772,1,,,0,30,,10776,1,,,0,75,,10779,1,,,0,40,,10787,1,,,0,70,,10782,1,,,0,100,,10783,1,,,0,100,,10784,1,,,0,100,,10780,1,,,0,105,,10786,1,,,0,105,,10788,1,,,0,105,,10799,1,,,0
