1800,'4532',757,,7996,11,4,,0,101,,7997,11,4,,0,101,,7998,11,4,,0,141,,7999,11,4,,0,101,,8000,11,4,,0,103,,8001,11,4,,0,51,,8002,11,4,,0,102,,8003,11,4,,0,146,,8004,11,4,,0,105,,8005,11,4,,0,98,,8006,11,4,,0,100,,8007,11,4,,0,101,,8008,11,4,,0,101,,8009,11,4,,0,101,,8010,11,4,,0
1800,'5475',553,,11334,11,4,,0,101,,11335,11,4,,0,103,,11336,11,4,,0,102,,11337,11,4,,0,100,,11338,11,4,,0,141,,11339,11,4,,0,101,,11340,11,4,,0,103,,11341,11,4,,0,50,,11342,11,4,,0,103,,11343,11,4,,0,146,,11344,11,4,,0,105,,11345,11,4,,0,99,,11346,11,4,,0,99,,11347,11,4,,0,101,,11348,11,4,,0,101,,11349,11,4,,0,101,,11350,11,4,,0
1800,'5518',756,,11354,11,4,,0,101,,11352,11,4,,0,101,,11351,11,4,,0,101,,11353,11,4,,0,141,,11357,11,4,,0,103,,11358,11,4,,0,52,,11356,11,4,,0,99,,11362,11,4,,0,105,,11363,11,4,,0,145,,11355,11,4,,0,101,,11360,11,4,,0,100,,11359,11,4,,0,101,,11361,11,4,,0
1800,'5520',553,,11364,11,4,,0,101,,11365,11,4,,0,103,,11366,11,4,,0,102,,11367,11,4,,0,100,,11368,11,4,,0,141,,11369,11,4,,0,101,,11370,11,4,,0,103,,11371,11,4,,0,50,,11372,11,4,,0,103,,11373,11,4,,0,146,,11374,11,4,,0,105,,11375,11,4,,0,99,,11376,11,4,,0,99,,11377,11,4,,0,101,,11378,11,4,,0,101,,11379,11,4,,0,101,,11380,11,4,,0
1800,'5526',757,,11381,11,4,,0,101,,11382,11,4,,0,101,,11383,11,4,,0,141,,11384,11,4,,0,101,,11385,11,4,,0,103,,11386,11,4,,0,51,,11387,11,4,,0,102,,11388,11,4,,0,146,,11389,11,4,,0,105,,11390,11,4,,0,98,,11391,11,4,,0,100,,11392,11,4,,0,101,,11393,11,4,,0,101,,11394,11,4,,0,101,,11395,11,4,,0
1801,'4532',757,,8041,1,,,0,101,,8042,1,,,0,101,,8043,1,,,0,141,,8044,1,,,0,101,,8045,1,,,0,103,,8046,1,,,0,51,,8047,1,,,0,102,,8048,1,,,0,146,,8049,1,,,0,105,,8050,1,,,0,98,,8051,1,,,0,100,,8052,1,,,0,101,,8053,1,,,0,101,,8054,1,,,0,101,,8055,1,,,0
1801,'5475',553,,11396,1,,,0,101,,11397,1,,,0,103,,11398,1,,,0,102,,11399,1,,,0,100,,11400,1,,,0,141,,11401,1,,,0,101,,11402,1,,,0,103,,11403,1,,,0,50,,11404,1,,,0,103,,11405,1,,,0,146,,11406,1,,,0,105,,11407,1,,,0,99,,11408,1,,,0,99,,11409,1,,,0,101,,11410,1,,,0,101,,11411,1,,,0,101,,11412,1,,,0
1801,'5518',756,,11419,1,,,0,101,,11423,1,,,0,101,,11418,1,,,0,101,,11425,1,,,0,141,,11417,1,,,0,103,,11424,1,,,0,52,,11414,1,,,0,99,,11416,1,,,0,105,,11420,1,,,0,145,,11422,1,,,0,101,,11413,1,,,0,100,,11421,1,,,0,101,,11415,1,,,0
1801,'5520',553,,11426,1,,,0,101,,11427,1,,,0,103,,11428,1,,,0,102,,11429,1,,,0,100,,11430,1,,,0,141,,11431,1,,,0,101,,11432,1,,,0,103,,11433,1,,,0,50,,11434,1,,,0,103,,11435,1,,,0,146,,11436,1,,,0,105,,11437,1,,,0,99,,11438,1,,,0,99,,11439,1,,,0,101,,11440,1,,,0,101,,11441,1,,,0,101,,11442,1,,,0
1801,'5526',757,,11443,1,,,0,101,,11444,1,,,0,101,,11445,1,,,0,141,,11446,1,,,0,101,,11447,1,,,0,103,,11448,1,,,0,51,,11449,1,,,0,102,,11450,1,,,0,146,,11451,1,,,0,105,,11452,1,,,0,98,,11453,1,,,0,100,,11454,1,,,0,101,,11455,1,,,0,101,,11456,1,,,0,101,,11457,1,,,0
