1600,'4532',846,,8670,15,0,5,0,155,,7847,15,0,5,0,55,,7846,15,0,5,0,151,,8671,15,0,5,0,95,,8672,15,0,5,0,101,,7845,15,0,5,0,100,,7851,15,0,5,0,100,,6360,15,0,5,0,105,,6364,15,0,5,0,95,,8673,15,0,5,0,98,,8674,15,0,5,0,100,,8675,15,0,5,0
1600,'5475',655,,11105,15,,,0,81,,11114,15,0,5,0,69,,11106,15,0,5,0,99,,11101,15,0,5,0,100,,11102,15,0,5,0,100,,11103,15,0,5,0,100,,11109,15,0,5,0,100,,11104,15,0,5,0,102,,11100,15,0,5,0,101,,11107,15,0,5,0,112,,11108,15,0,5,0,101,,11111,15,0,5,0,94,,11113,15,0,5,0,98,,11112,15,0,5,0,100,,11110,15,0,5,0,399,,11115,15,0,5,0,102,,11116,15,0,5,0
1600,'5518',905,,11117,15,0,5,0,100,,11120,15,0,5,0,100,,11118,15,0,5,0,100,,11119,15,0,5,0,102,,11121,15,0,5,0,100,,11124,15,0,5,0,99,,11127,15,0,5,0,100,,11125,15,0,5,0,105,,11122,15,0,5,0,99,,11123,15,0,5,0,99,,11126,15,0,5,0,100,,11128,15,0,5,0
1600,'5520',655,,11134,15,,,0,81,,11143,15,0,5,0,69,,11135,15,0,5,0,99,,11130,15,0,5,0,100,,11131,15,0,5,0,100,,11132,15,0,5,0,100,,11138,15,0,5,0,100,,11133,15,0,5,0,102,,11129,15,0,5,0,101,,11136,15,0,5,0,112,,11137,15,0,5,0,101,,11140,15,0,5,0,94,,11142,15,0,5,0,98,,11141,15,0,5,0,100,,11139,15,0,5,0
1600,'5526',846,,11148,15,0,5,0,155,,11146,15,0,5,0,55,,11145,15,0,5,0,151,,11149,15,0,5,0,95,,11150,15,0,5,0,101,,11144,15,0,5,0,100,,11152,15,0,5,0,100,,11147,15,0,5,0,105,,11151,15,0,5,0,95,,11153,15,0,5,0,98,,11154,15,0,5,0,100,,11155,15,0,5,0
1700,'4532',810,,7915,46,,,0,103,,8714,46,,,0,90,,7917,46,,,0,133,,7918,46,,,0,169,,7919,27,,,0,103,,7920,27,,,0,130,,7921,27,,,0,171,,7922,27,,,0,104,,8715,27,,,0,45,,8716,15,,,0,145,,8717,15,,,0,105,,8718,15,,,0,110,,8719,15,,,0,119,,7928,15,,,0
1700,'5475',702,,11214,46,,,0,27,,11222,46,,,0,103,,11221,46,,,0,86,,11226,46,,,0,99,,11213,46,,,0,100,,11217,46,,,0,100,,11212,46,,,0,99,,11215,27,,,0,101,,11218,27,,,0,115,,11220,27,,,0,93,,11223,27,,,0,107,,11228,27,,,0,96,,11224,27,,,0,113,,11227,46,,,0,87,,11225,14,,,0,98,,11219,14,,,0,115,,11216,14,,,0,114,,11229,14,,,0,80,,11230,15,,,0,108,,11231,15,,,0
1700,'5518',918,,11232,46,,,0,100,,11233,46,,,0,102,,11234,27,,,0,96,,11235,45,,,0,200,,11237,27,,,0,208,,11236,14,,,0,102,,11238,27,,,0,112,,11239,27,,,0,85,,11240,14,,,0,130,,11241,14,,,0
1700,'5520',702,,11244,46,,,0,27,,11252,46,,,0,103,,11251,46,,,0,86,,11256,46,,,0,99,,11243,46,,,0,100,,11247,46,,,0,100,,11242,46,,,0,99,,11245,27,,,0,101,,11248,27,,,0,115,,11250,27,,,0,93,,11253,27,,,0,107,,11258,27,,,0,96,,11254,27,,,0,113,,11257,46,,,0,87,,11255,14,,,0,98,,11249,14,,,0,115,,11246,14,,,0,114,,11259,14,,,0
1700,'5526',810,,11260,46,,,0,103,,11261,46,,,0,90,,11262,46,,,0,133,,11263,46,,,0,169,,11264,27,,,0,103,,11265,27,,,0,130,,11266,27,,,0,171,,11267,27,,,0,104,,11268,27,,,0,45,,11269,14,,,0,145,,11270,14,,,0,105,,11271,14,,,0,110,,11272,14,,,0,119,,11273,14,,,0
