300,'4532',722,,8214,21,,,0,30,,8213,21,,,0,76,,5240,21,,,0,76,,6907,21,,,0,30,,6908,21,,,0,71,,6906,21,,,0,30,,6905,21,,,0,70,,8215,21,,,0,30,,6910,21,,,0,70,,6912,21,,,0,31,,8216,21,,,0,70,,8219,21,,,0,30,,5252,21,,,0,70,,8218,21,,,0,30,,6917,21,,,0,71,,5255,21,,,0,30,,6916,21,,,0,70,,5257,21,,,0,30,,8217,21,,,0,70,,5258,21,,,0,30,,6918,21,,,0,70,,6920,21,,,0,35,,8221,21,,,0,64,,8222,21,,,0,45,,8223,21,,,0,105,,8225,21,,,0,145,,8226,21,,,0,103,,8220,21,,,0,98,,8224,21,,,0
300,'5475',632,,9331,21,,,0,22,,9318,21,,,0,60,,9311,21,,,0,9,,9312,21,,,0,15,,9306,21,,,0,19,,9334,21,,,0,58,,9320,21,,,0,16,,9323,21,,,0,19,,9324,21,,,0,59,,9316,21,,,0,30,,9317,21,,,0,70,,9319,21,,,0,31,,9341,21,,,0,70,,9326,21,,,0,30,,9314,21,,,0,71,,9328,21,,,0,30,,9340,21,,,0,70,,9302,21,,,0,31,,9325,21,,,0,71,,9303,21,,,0,33,,9335,21,,,0,55,,9313,21,,,0,15,,9321,21,,,0,10,,9342,21,,,0,4,,9344,21,,,0,15,,9305,21,,,0,12,,9304,21,,,0,55,,9332,21,,,0,15,,9308,21,,,0,15,,9310,21,,,0,15,,9339,21,,,0,54,,9322,21,,,0,14,,9301,21,,,0,14,,9307,21,,,0,15,,9330,21,,,0,55,,9309,21,,,0,29,,9338,21,,,0,69,,9329,21,,,0,30,,9343,21,,,0,70,,9327,21,,,0,99,,9337,21,,,0,99,,9333,21,,,0,100,,9336,21,,,0,96,,9300,21,0,17 18 19,0,100,,9345,21,,,0
300,'5518',807,,9346,21,,,0,93,,9348,21,,,0,100,,9347,21,,,0,101,,9353,21,,,0,103,,9349,21,,,0,100,,9355,21,,,0,100,,9350,21,,,0,100,,9351,21,,,0,100,,9356,21,,,0,100,,9352,21,,,0,98,,9358,21,,,0,98,,9354,21,,,0,106,,9357,21,,,0,99,,9359,21,,,0,100,,9360,21,0,17 18 19,0
300,'5520',632,,9392,21,,,0,22,,9379,21,,,0,60,,9372,21,,,0,9,,9373,21,,,0,15,,9367,21,,,0,19,,9395,21,,,0,58,,9381,21,,,0,16,,9384,21,,,0,19,,9385,21,,,0,59,,9377,21,,,0,30,,9378,21,,,0,70,,9380,21,,,0,31,,9402,21,,,0,70,,9387,21,,,0,30,,9375,21,,,0,71,,9389,21,,,0,30,,9401,21,,,0,70,,9363,21,,,0,31,,9386,21,,,0,71,,9364,21,,,0,33,,9396,21,,,0,55,,9374,21,,,0,15,,9382,21,,,0,10,,9403,21,,,0,4,,9405,21,,,0,15,,9366,21,,,0,12,,9365,21,,,0,55,,9393,21,,,0,15,,9369,21,,,0,15,,9371,21,,,0,15,,9400,21,,,0,54,,9383,21,,,0,14,,9362,21,,,0,14,,9368,21,,,0,15,,9391,21,,,0,55,,9370,21,,,0,29,,9399,21,,,0,69,,9390,21,,,0,30,,9404,21,,,0,70,,9388,21,,,0,99,,9398,21,,,0,99,,9394,21,,,0,100,,9397,21,,,0,96,,9361,21,0,17 18 19,0
300,'5526',722,,9407,21,,,0,30,,9406,21,,,0,76,,9408,21,,,0,76,,9411,21,,,0,30,,9412,21,,,0,71,,9410,21,,,0,30,,9409,21,,,0,70,,9413,21,,,0,30,,9414,21,,,0,70,,9416,21,,,0,31,,9415,21,,,0,70,,9419,21,,,0,30,,9420,21,,,0,70,,9418,21,,,0,30,,9422,21,,,0,71,,9423,21,,,0,30,,9421,21,,,0,70,,9425,21,,,0,30,,9417,21,,,0,70,,9426,21,,,0,30,,9424,21,,,0,70,,9428,21,,,0,35,,9429,21,,,0,64,,9430,21,,,0,45,,9431,21,,,0,105,,9433,21,,,0,145,,9434,21,,,0,103,,9427,21,,,0,98,,9432,21,,,0
1400,'5475',825,,11000,54,0,7 8 2 9 2 10,0
1400,'5520',825,,11025,54,0,7 8 2 9 2 10,0
8100,'5475',819,,11489,64,,,0
8100,'5520',819,,11490,64,,,0
8101,'5475',1529,,11491,26,,,0
8101,'5522',1529,,11492,26,,,0
8101,'5525',1423,,11493,26,,,0
