301,'4532',839,,6973,14,,,0,70,,6975,14,,,0,31,,6980,14,,,0,70,,6978,14,,,0,30,,8253,14,,,0,70,,6976,14,,,0,30,,6979,14,,,0,70,,8251,14,,,0,30,,8254,14,,,0,70,,5333,14,,,0,30,,8255,14,,,0,70,,6983,14,,,0,30,,5332,14,,,0,70,,6984,14,,,0,30,,5338,14,,,0,70,,8256,14,,,0,30,,5342,14,,,0,70,,6985,14,,,0,30,,6990,14,,,0,75,,8257,14,,,0,25,,8258,14,,,0,85,,8259,14,,,0,105,,8260,14,,,0,105,,8261,14,,,0,104,,8262,14,,,0,100,,8263,14,,,0
301,'5475',647,,9450,14,,,0,9,,9449,14,,,0,71,,9442,14,,,0,17,,9451,14,,,0,56,,9461,14,,,0,20,,9445,14,,,0,20,,9452,14,,,0,70,,9460,14,,,0,30,,9457,14,,,0,71,,9475,14,,,0,30,,9439,14,,,0,70,,9436,14,,,0,30,,9462,14,,,0,70,,9446,14,,,0,30,,9474,14,,,0,71,,9468,14,,,0,30,,9467,14,,,0,70,,9473,14,,,0,15,,9466,14,,,0,15,,9471,14,,,0,10,,9476,14,,,0,60,,9469,14,,,0,15,,9464,14,,,0,15,,9444,14,,,0,15,,9443,14,,,0,55,,9440,14,,,0,15,,9472,14,,,0,15,,9441,14,,,0,15,,9455,14,,,0,55,,9454,14,,,0,15,,9447,14,,,0,15,,9448,14,,,0,70,,9470,14,,,0,29,,9459,14,,,0,70,,9477,14,,,0,30,,9437,14,,,0,99,,9465,14,,,0,100,,9456,14,,,0,100,,9463,14,,,0,98,,9435,14,,,0,100,,9478,14,,,0
301,'5518',836,,9479,14,,,0,100,,9480,14,,,0,101,,9485,14,,,0,103,,9481,14,,,0,97,,9486,14,,,0,100,,9482,14,,,0,100,,9483,14,,,0,100,,9488,14,,,0,100,,9484,14,,,0,98,,9490,14,,,0,100,,9487,14,,,0,106,,9489,14,,,0,99,,9491,14,,,0,100,,9492,14,,,0
301,'5520',647,,9508,14,,,0,9,,9507,14,,,0,71,,9500,14,,,0,17,,9509,14,,,0,56,,9519,14,,,0,20,,9503,14,,,0,20,,9510,14,,,0,70,,9518,14,,,0,30,,9515,14,,,0,71,,9533,14,,,0,30,,9497,14,,,0,70,,9494,14,,,0,30,,9520,14,,,0,70,,9504,14,,,0,30,,9532,14,,,0,71,,9526,14,,,0,30,,9525,14,,,0,70,,9531,14,,,0,15,,9524,14,,,0,15,,9529,14,,,0,10,,9534,14,,,0,60,,9527,14,,,0,15,,9522,14,,,0,15,,9502,14,,,0,15,,9501,14,,,0,55,,9498,14,,,0,15,,9530,14,,,0,15,,9499,14,,,0,15,,9513,14,,,0,55,,9512,14,,,0,15,,9505,14,,,0,15,,9506,14,,,0,70,,9528,14,,,0,29,,9517,14,,,0,70,,9535,14,,,0,30,,9495,14,,,0,99,,9523,14,,,0,100,,9514,14,,,0,100,,9521,14,,,0,98,,9493,14,,,0
301,'5526',839,,9538,14,,,0,70,,9541,14,,,0,31,,9546,14,,,0,70,,9544,14,,,0,30,,9543,14,,,0,70,,9542,14,,,0,30,,9545,14,,,0,70,,9537,14,,,0,30,,9547,14,,,0,70,,9549,14,,,0,30,,9550,14,,,0,70,,9551,14,,,0,30,,9548,14,,,0,70,,9552,14,,,0,30,,9554,14,,,0,70,,9555,14,,,0,30,,9558,14,,,0,70,,9553,14,,,0,30,,9560,14,,,0,75,,9556,14,,,0,25,,9557,14,,,0,85,,9559,14,,,0,105,,9561,14,,,0,105,,9562,14,,,0,104,,9563,14,,,0,100,,9564,14,,,0
1301,'4532',811,,6254,3,,,0,105,,6255,3,,,0,100,,6259,3,,,0,100,,6253,3,,,0,195,,6257,3,,,0,145,,6256,3,,,0,100,,6260,3,,,0,100,,6261,3,,,0,100,,6262,3,,,0,100,,6258,3,,,0,100,,6263,3,,,0
1301,'5475',806,,10964,3,,,0,108,,10967,3,,,0,100,,10966,3,,,0,100,,10965,3,,,0,210,,10963,3,,,0,103,,10968,3,,,0,108,,10969,3,,,0,108,,10970,3,,,0,108,,10971,3,,,0,105,,10972,3,,,0,600,,10973,3,,,0
1301,'5518',1121,,10976,3,,,0,325,,10974,3,,,0,270,,10975,3,,,0
1301,'5520',806,,10978,3,,,0,108,,10981,3,,,0,100,,10980,3,,,0,100,,10979,3,,,0,210,,10977,3,,,0,103,,10982,3,,,0,108,,10983,3,,,0,108,,10984,3,,,0,108,,10985,3,,,0,105,,10986,3,,,0
1301,'5526',811,,10988,3,,,0,105,,10989,3,,,0,100,,10993,3,,,0,100,,10987,3,,,0,195,,10991,3,,,0,145,,10990,3,,,0,100,,10994,3,,,0,100,,10995,3,,,0,100,,10996,3,,,0,100,,10992,3,,,0,100,,10997,3,,,0
1401,'4532',746,,8664,3,,,0,175,,8666,3,,,0,95,,7828,3,,,0,101,,7826,3,,,0,100,,6322,3,,,0,100,,8667,3,,,0,105,,6321,3,,,0,210,,6325,3,,,0,209,,8665,3,,,0,100,,7827,3,,,0
1401,'5475',601,,11056,3,,,0,30,,11057,3,,,0,85,,11049,3,,,0,26,,11051,3,,,0,84,,11054,3,,,0,91,,11052,3,,,0,114,,11050,3,,,0,185,,11058,3,,,0,216,,11053,3,,,0,115,,11060,3,,,0,80,,11059,3,,,0,75,,11061,3,,,0,39,,11062,3,,,0,105,,11055,3,,,0,155,,11063,3,,,0,30,,11064,3,,,0,326,,11066,3,,,0,69,,11065,3,,,0
1401,'5518',851,,11068,3,,,0,200,,11067,3,,,0,170,,11072,3,,,0,95,,11070,3,,,0,100,,11069,3,,,0,130,,11071,3,,,0,265,,11073,3,,,0
1401,'5520',601,,11081,3,,,0,30,,11082,3,,,0,85,,11074,3,,,0,26,,11076,3,,,0,84,,11079,3,,,0,91,,11077,3,,,0,114,,11075,3,,,0,185,,11083,3,,,0,216,,11078,3,,,0,115,,11085,3,,,0,80,,11084,3,,,0,75,,11086,3,,,0,39,,11087,3,,,0,105,,11080,3,,,0,155,,11088,3,,,0,30,,11089,3,,,0
1401,'5526',746,,11090,3,,,0,175,,11094,3,,,0,95,,11098,3,,,0,101,,11096,3,,,0,100,,11092,3,,,0,100,,11099,3,,,0,105,,11091,3,,,0,210,,11095,3,,,0,209,,11093,3,,,0,100,,11097,3,,,0
