701,'4532',625,,8442,17,,,0,30,,7513,14,,,0,71,,8434,17,,,0,30,,8419,14,,,0,70,,7477,14,,,0,31,,8420,17,,,0,69,,8421,14,,,0,30,,7487,14,,,0,71,,8428,17,,,0,14,,7505,14,,,0,16,,8427,17,,,0,55,,7506,14,,,0,22,,8429,14,,,0,71,,8426,17,,,0,29,,7493,14,,,0,70,,8424,14,,,0,31,,8430,17,,,0,69,,7489,14,,,0,29,,8438,17,,,0,14,,8431,14,,,0,55,,8439,14,,,0,16,,8432,17,,,0,14,,7508,14,,,0,15,,7485,14,,,0,56,,8440,17,,,0,14,,7495,14,,,0,15,,8437,14,,,0,24,,8425,17,,,0,69,,7499,14,,,0,30,,7480,14,,,0,76,,8423,17,,,0,74,,7484,14,,,0,36,,8435,17,,,0,74,,7503,14,,,0,105,,7482,14,,,0,97,,8422,17,,,0,102,,8433,14,,,0,100,,8436,14,,,0,26,,8441,17,,,0,69,,8443,14,,,0
701,'5475',615,,10199,14,,,0,17,,10200,17,,,0,14,,10201,14,,,0,56,,10202,17,,,0,6,,10203,14,,,0,10,,10204,17,,,0,14,,10205,14,,,0,19,,10206,17,,,0,52,,10207,14,,,0,18,,10208,17,,,0,12,,10209,14,,,0,16,,10210,17,,,0,52,,10211,14,,,0,18,,10212,17,,,0,13,,10248,14,,,0,17,,10213,17,,,0,53,,10253,14,,,0,17,,10214,17,,,0,29,,10215,14,,,0,73,,10216,17,,,0,27,,10217,14,,,0,72,,10218,17,,,0,28,,10219,14,,,0,72,,10220,17,,,0,28,,10221,14,,,0,74,,10222,17,,,0,11,,10223,14,,,0,15,,10224,14,,,0,58,,10225,17,,,0,13,,10226,14,,,0,17,,10227,17,,,0,12,,10228,14,,,0,58,,10229,17,,,0,12,,10230,14,,,0,18,,10231,17,,,0,12,,10232,14,,,0,58,,10233,17,,,0,12,,10234,14,,,0,18,,10235,17,,,0,11,,10249,14,,,0,56,,10250,17,,,0,14,,10236,14,,,0,31,,10237,17,,,0,68,,10238,14,,,0,32,,10239,17,,,0,68,,10240,14,,,0,31,,10241,17,,,0,69,,10242,14,,,0,31,,10243,17,,,0,69,,10244,14,,,0,30,,10245,17,,,0,69,,10246,14,,,0,34,,10247,17,,,0,71,,10251,14,,,0,31,,10252,17,,,0,94,,10254,17,,,0
701,'5518',710,,10255,14,,,0,27,,10256,17,,,0,99,,10257,14,,,0,96,,10258,17,,,0,74,,10261,14,,,0,30,,10259,14,,,0,66,,10260,17,,,0,34,,10268,14,,,0,66,,10263,17,,,0,29,,10262,14,,,0,71,,10265,17,,,0,29,,10275,14,,,0,71,,10267,17,,,0,29,,10271,14,,,0,71,,10266,17,,,0,29,,10264,14,,,0,71,,10270,17,,,0,29,,10274,14,,,0,71,,10269,17,,,0,29,,10276,14,,,0,71,,10272,17,,,0,29,,10278,14,,,0,101,,10273,17,,,0,99,,10281,14,,,0,104,,10277,17,,,0,96,,10279,14,,,0,102,,10280,17,,,0
701,'5520',615,,10283,14,,,0,17,,10284,17,,,0,14,,10285,14,,,0,56,,10286,17,,,0,6,,10287,14,,,0,10,,10288,17,,,0,14,,10289,14,,,0,19,,10290,17,,,0,52,,10291,14,,,0,18,,10292,17,,,0,12,,10293,14,,,0,16,,10294,17,,,0,52,,10295,14,,,0,18,,10296,17,,,0,13,,10332,14,,,0,17,,10297,17,,,0,53,,10337,14,,,0,17,,10298,17,,,0,29,,10299,14,,,0,73,,10300,17,,,0,27,,10301,14,,,0,72,,10302,17,,,0,28,,10303,14,,,0,72,,10304,17,,,0,28,,10305,14,,,0,74,,10306,17,,,0,11,,10307,14,,,0,15,,10308,14,,,0,58,,10309,17,,,0,13,,10310,14,,,0,17,,10311,17,,,0,12,,10312,14,,,0,58,,10313,17,,,0,12,,10314,14,,,0,18,,10315,17,,,0,12,,10316,14,,,0,58,,10317,17,,,0,12,,10318,14,,,0,18,,10319,17,,,0,11,,10333,14,,,0,56,,10334,17,,,0,14,,10320,14,,,0,31,,10321,17,,,0,68,,10322,14,,,0,32,,10323,17,,,0,68,,10324,14,,,0,31,,10325,17,,,0,69,,10326,14,,,0,31,,10327,17,,,0,69,,10328,14,,,0,30,,10329,17,,,0,69,,10330,14,,,0,34,,10331,17,,,0,71,,10335,14,,,0,31,,10336,17,,,0
701,'5526',625,,10376,17,,,0,30,,10375,14,,,0,71,,10363,17,,,0,30,,10338,14,,,0,70,,10339,14,,,0,31,,10340,17,,,0,69,,10341,14,,,0,30,,10349,14,,,0,71,,10354,17,,,0,14,,10367,14,,,0,16,,10353,17,,,0,55,,10368,14,,,0,22,,10356,14,,,0,71,,10352,17,,,0,29,,10355,14,,,0,70,,10348,14,,,0,31,,10358,17,,,0,69,,10351,14,,,0,29,,10371,17,,,0,14,,10359,14,,,0,55,,10372,14,,,0,16,,10360,17,,,0,14,,10370,14,,,0,15,,10347,14,,,0,56,,10373,17,,,0,14,,10357,14,,,0,15,,10369,14,,,0,24,,10350,17,,,0,69,,10361,14,,,0,30,,10342,14,,,0,76,,10345,17,,,0,74,,10346,14,,,0,36,,10364,17,,,0,74,,10365,14,,,0,105,,10344,14,,,0,97,,10343,17,,,0,102,,10362,14,,,0,100,,10366,14,,,0,26,,10374,17,,,0,69,,10377,14,,,0
901,'4532',607,,7750,9,,,0,30,,6173,9,,,0,70,,7743,9,,,0,30,,6156,9,,,0,70,,7724,9,,,0,30,,8579,9,,,0,71,,8577,9,,,0,30,,6135,9,,,0,70,,8578,9,,,0,30,,8580,9,,,0,15,,6166,9,,,0,55,,7729,9,,,0,15,,8588,9,,,0,15,,8582,9,,,0,71,,6143,9,,,0,30,,7732,9,,,0,70,,8581,9,,,0,30,,6145,9,,,0,70,,6146,9,,,0,14,,6171,9,,,0,15,,8583,9,,,0,15,,6168,9,,,0,55,,7735,9,,,0,15,,6170,9,,,0,15,,8584,9,,,0,15,,6165,9,,,0,55,,6153,9,,,0,15,,7748,9,,,0,15,,7734,9,,,0,15,,7749,9,,,0,55,,6147,9,,,0,30,,7736,9,,,0,75,,7738,9,,,0,40,,7745,9,,,0,70,,8585,9,,,0,100,,8586,9,,,0,100,,8587,9,,,0,100,,7739,9,,,0,105,,7744,9,,,0,104,,7746,9,,,0,105,,7751,9,,,0
901,'5475',607,,10589,9,,,0,30,,10590,9,,,0,71,,10591,9,,,0,15,,10592,9,,,0,15,,10593,9,,,0,16,,10594,9,,,0,55,,10595,9,,,0,15,,10596,9,,,0,7,,10597,9,,,0,9,,10598,9,,,0,13,,10599,9,,,0,55,,10600,9,,,0,15,,10601,9,,,0,15,,10602,9,,,0,15,,10603,9,,,0,55,,10604,9,,,0,15,,10605,9,,,0,15,,10606,9,,,0,15,,10607,9,,,0,56,,10608,9,,,0,15,,10609,9,,,0,15,,10610,9,,,0,15,,10611,9,,,0,55,,10612,9,,,0,15,,10613,9,,,0,14,,10614,9,,,0,16,,10615,9,,,0,55,,10616,9,,,0,15,,10617,9,,,0,15,,10618,9,,,0,15,,10619,9,,,0,54,,10620,9,,,0,16,,10621,9,,,0,14,,10622,9,,,0,15,,10623,9,,,0,56,,10624,9,,,0,7,,10625,9,,,0,8,,10626,9,,,0,16,,10627,9,,,0,14,,10628,9,,,0,55,,10629,9,,,0,16,,10630,9,,,0,15,,10631,9,,,0,15,,10632,9,,,0,48,,10633,9,,,0,7,,10634,9,,,0,14,,10635,9,,,0,15,,10636,9,,,0,15,,10637,9,,,0,54,,10638,9,,,0,15,,10639,9,,,0,15,,10640,9,,,0,15,,10641,9,,,0,54,,10642,9,,,0,15,,10643,9,,,0,16,,10644,9,,,0,14,,10645,9,,,0,55,,10646,9,,,0,20,,10647,9,,,0,20,,10648,9,,,0,74,,10649,9,,,0,30,,10650,9,,,0,67,,10651,9,,,0,33,,10652,9,,,0,67,,10653,9,,,0,33,,10654,9,,,0,68,,10655,9,,,0,30,,10656,9,,,0
901,'5518',707,,10657,9,,,0,30,,10660,9,,,0,70,,10658,9,,,0,30,,10659,9,,,0,70,,10664,9,,,0,30,,10661,9,,,0,70,,10663,9,,,0,30,,10662,9,,,0,70,,10667,9,,,0,30,,10665,9,,,0,70,,10666,9,,,0,30,,10671,9,,,0,70,,10669,9,,,0,30,,10672,9,,,0,70,,10668,9,,,0,30,,10670,9,,,0,71,,10684,9,,,0,30,,10674,9,,,0,70,,10675,9,,,0,29,,10673,9,,,0,70,,10676,9,,,0,30,,10677,9,,,0,70,,10689,9,,,0,30,,10681,9,,,0,70,,10678,9,,,0,30,,10680,9,,,0,70,,10679,9,,,0,30,,10682,9,,,0,70,,10688,9,,,0,30,,10683,9,,,0,70,,10685,9,,,0,30,,10686,9,,,0,70,,10687,9,,,0,30,,10690,9,,,0
901,'5520',607,,10691,9,,,0,30,,10692,9,,,0,71,,10693,9,,,0,15,,10694,9,,,0,15,,10695,9,,,0,16,,10696,9,,,0,55,,10697,9,,,0,15,,10698,9,,,0,7,,10699,9,,,0,9,,10700,9,,,0,13,,10701,9,,,0,55,,10702,9,,,0,15,,10703,9,,,0,15,,10704,9,,,0,15,,10705,9,,,0,55,,10706,9,,,0,15,,10707,9,,,0,15,,10708,9,,,0,15,,10709,9,,,0,56,,10710,9,,,0,15,,10711,9,,,0,15,,10712,9,,,0,15,,10713,9,,,0,55,,10714,9,,,0,15,,10715,9,,,0,14,,10716,9,,,0,16,,10717,9,,,0,55,,10718,9,,,0,15,,10719,9,,,0,15,,10720,9,,,0,15,,10721,9,,,0,54,,10722,9,,,0,16,,10723,9,,,0,14,,10724,9,,,0,15,,10725,9,,,0,56,,10726,9,,,0,7,,10727,9,,,0,8,,10728,9,,,0,16,,10729,9,,,0,14,,10730,9,,,0,55,,10731,9,,,0,16,,10732,9,,,0,15,,10733,9,,,0,15,,10734,9,,,0,48,,10735,9,,,0,7,,10736,9,,,0,14,,10737,9,,,0,15,,10738,9,,,0,15,,10739,9,,,0,54,,10740,9,,,0,15,,10741,9,,,0,15,,10742,9,,,0,15,,10743,9,,,0,54,,10744,9,,,0,15,,10745,9,,,0,16,,10746,9,,,0,14,,10747,9,,,0,55,,10748,9,,,0,20,,10749,9,,,0,20,,10750,9,,,0,74,,10751,9,,,0,30,,10752,9,,,0,67,,10753,9,,,0,33,,10754,9,,,0,67,,10755,9,,,0,33,,10756,9,,,0,68,,10757,9,,,0,30,,10758,9,,,0
901,'5526',607,,10797,9,,,0,30,,10798,9,,,0,70,,10785,9,,,0,30,,10781,9,,,0,70,,10759,9,,,0,30,,10763,9,,,0,71,,10761,9,,,0,30,,10760,9,,,0,70,,10762,9,,,0,30,,10764,9,,,0,15,,10791,9,,,0,55,,10765,9,,,0,15,,10789,9,,,0,15,,10767,9,,,0,71,,10768,9,,,0,30,,10769,9,,,0,70,,10766,9,,,0,30,,10770,9,,,0,70,,10771,9,,,0,14,,10796,9,,,0,15,,10773,9,,,0,15,,10793,9,,,0,55,,10775,9,,,0,15,,10795,9,,,0,15,,10777,9,,,0,15,,10790,9,,,0,55,,10778,9,,,0,15,,10792,9,,,0,15,,10774,9,,,0,15,,10794,9,,,0,55,,10772,9,,,0,30,,10776,9,,,0,75,,10779,9,,,0,40,,10787,9,,,0,70,,10782,9,,,0,100,,10783,9,,,0,100,,10784,9,,,0,100,,10780,9,,,0,105,,10786,9,,,0,104,,10788,9,,,0,105,,10799,9,,,0
1600,'5475',709,,11105,32,,,0
1600,'5520',709,,11134,32,,,0
