1401,'4532',749,,8664,6,,,0,175,,8666,6,,,0,95,,7828,6,,,0,101,,7826,6,,,0,100,,6322,6,,,0,100,,8667,6,,,0,105,,6321,6,,,0,210,,6325,6,,,0,209,,8665,6,,,0,100,,7827,6,,,0
1401,'5475',603,,11056,6,,,0,31,,11057,6,,,0,85,,11049,6,,,0,26,,11051,6,,,0,84,,11054,6,,,0,91,,11052,6,,,0,114,,11050,6,,,0,185,,11058,6,,,0,216,,11053,6,,,0,115,,11060,6,,,0,80,,11059,6,,,0,75,,11061,6,,,0,39,,11062,6,,,0,105,,11055,6,,,0,155,,11063,6,,,0,30,,11064,6,,,0,366,,11066,6,,,0,29,,11065,6,,,0
1401,'5518',854,,11068,6,,,0,200,,11067,6,,,0,170,,11072,6,,,0,95,,11070,6,,,0,100,,11069,6,,,0,130,,11071,6,,,0,265,,11073,6,,,0
1401,'5520',603,,11081,6,,,0,31,,11082,6,,,0,85,,11074,6,,,0,26,,11076,6,,,0,84,,11079,6,,,0,91,,11077,6,,,0,114,,11075,6,,,0,185,,11083,6,,,0,216,,11078,6,,,0,115,,11085,6,,,0,80,,11084,6,,,0,75,,11086,6,,,0,39,,11087,6,,,0,105,,11080,6,,,0,155,,11088,6,,,0,30,,11089,6,,,0
1401,'5526',749,,11090,6,,,0,175,,11094,6,,,0,95,,11098,6,,,0,101,,11096,6,,,0,100,,11092,6,,,0,100,,11099,6,,,0,105,,11091,6,,,0,210,,11095,6,,,0,209,,11093,6,,,0,100,,11097,6,,,0
8100,'5475',737,,11489,1,,,0
8100,'5520',737,,11490,1,,,0
8101,'5475',1530,,11491,29,,,0
8101,'5522',1530,,11492,29,,,0
8101,'5525',1424,,11493,29,,,0
