1600,'4532',837,,8670,1,0,5,0,115,,7847,1,0,5,0,95,,7846,1,0,5,0,111,,8671,1,0,5,0,95,,8672,1,0,5,0,101,,7845,1,0,5,0,100,,7851,1,0,5,0,100,,6360,1,0,5,0,105,,6364,1,0,5,0,95,,8673,1,0,5,0,98,,8674,1,0,5,0,100,,8675,1,0,5,0
1600,'5475',646,,11105,1,,,0,81,,11114,1,0,5,0,27,,11106,1,0,5,0,100,,11101,1,0,5,0,100,,11102,1,0,5,0,100,,11103,1,0,5,0,100,,11109,1,0,5,0,100,,11104,1,0,5,0,102,,11100,1,0,5,0,100,,11107,1,0,5,0,153,,11108,1,0,5,0,101,,11111,1,0,5,0,95,,11113,1,0,5,0,98,,11112,1,0,5,0,100,,11110,1,0,5,0,398,,11115,1,0,5,0,102,,11116,1,0,5,0
1600,'5518',856,,11117,1,0,5,0,100,,11120,1,0,5,0,100,,11118,1,0,5,0,100,,11119,1,0,5,0,102,,11121,1,0,5,0,100,,11124,1,0,5,0,99,,11127,1,0,5,0,100,,11125,1,0,5,0,145,,11122,1,0,5,0,99,,11123,1,0,5,0,99,,11126,1,0,5,0,100,,11128,1,0,5,0
1600,'5520',646,,11134,1,,,0,81,,11143,1,0,5,0,27,,11135,1,0,5,0,100,,11130,1,0,5,0,100,,11131,1,0,5,0,100,,11132,1,0,5,0,100,,11138,1,0,5,0,100,,11133,1,0,5,0,102,,11129,1,0,5,0,100,,11136,1,0,5,0,153,,11137,1,0,5,0,101,,11140,1,0,5,0,95,,11142,1,0,5,0,98,,11141,1,0,5,0,100,,11139,1,0,5,0
1600,'5526',837,,11148,1,0,5,0,115,,11146,1,0,5,0,95,,11145,1,0,5,0,111,,11149,1,0,5,0,95,,11150,1,0,5,0,101,,11144,1,0,5,0,100,,11152,1,0,5,0,100,,11147,1,0,5,0,105,,11151,1,0,5,0,95,,11153,1,0,5,0,98,,11154,1,0,5,0,100,,11155,1,0,5,0
1601,'4532',837,,8692,29,4,,0,115,,7876,29,4,,0,95,,7878,29,4,,0,111,,8693,29,4,,0,95,,8694,29,4,,0,101,,7879,29,4,,0,100,,7882,29,4,,0,100,,6404,29,4,,0,105,,6402,29,4,,0,95,,8695,29,4,,0,98,,8696,29,4,,0,100,,8697,29,4,,0
1601,'5475',646,,11162,11,4,,0,81,,11170,11,4,,0,27,,11161,29,4,,0,100,,11157,29,4,,0,100,,11158,29,4,,0,100,,11156,29,4,,0,100,,11165,29,4,,0,100,,11159,29,4,,0,102,,11160,29,4,,0,100,,11163,29,4,,0,153,,11164,29,4,,0,101,,11167,29,4,,0,95,,11169,29,4,,0,98,,11168,29,4,,0,100,,11166,29,4,,0,398,,11171,29,4,,0,102,,11172,29,4,,0
1601,'5518',856,,11173,29,4,,0,100,,11176,29,4,,0,100,,11174,29,4,,0,100,,11175,29,4,,0,102,,11177,29,4,,0,100,,11179,29,4,,0,99,,11184,29,4,,0,100,,11181,29,4,,0,145,,11178,29,4,,0,99,,11180,29,4,,0,99,,11182,29,4,,0,100,,11183,29,4,,0
1601,'5520',646,,11191,11,4,,0,81,,11199,11,4,,0,27,,11190,29,4,,0,100,,11186,29,4,,0,100,,11187,29,4,,0,100,,11185,29,4,,0,100,,11194,29,4,,0,100,,11188,29,4,,0,102,,11189,29,4,,0,100,,11192,29,4,,0,153,,11193,29,4,,0,101,,11196,29,4,,0,95,,11198,29,4,,0,98,,11197,29,4,,0,100,,11195,29,4,,0
1601,'5526',837,,11201,29,4,,0,115,,11200,29,4,,0,95,,11202,29,4,,0,111,,11204,29,4,,0,95,,11205,29,4,,0,101,,11203,29,4,,0,100,,11207,29,4,,0,100,,11208,29,4,,0,105,,11206,29,4,,0,95,,11209,29,4,,0,98,,11210,29,4,,0,100,,11211,29,4,,0
