100,'4532',645,,6634,25,,,0,9,,8080,25,,,0,70,,6637,25,,,0,30,,8069,25,,,0,66,,6639,25,,,0,20,,6613,25,,,0,15,,8082,25,,,0,57,,6614,25,,,0,16,,6641,25,,,0,15,,4891,25,,,0,72,,8071,25,,,0,30,,4896,25,,,0,70,,8070,25,,,0,32,,4898,25,,,0,70,,6618,25,,,0,30,,4901,25,,,0,70,,6617,25,,,0,30,,4902,25,,,0,70,,6620,25,,,0,31,,8072,25,,,0,70,,6621,25,,,0,30,,6623,25,,,0,69,,8074,25,,,0,13,,8083,25,,,0,15,,6625,25,,,0,55,,8084,25,,,0,15,,8073,25,,,0,15,,8085,25,,,0,14,,6626,25,,,0,15,,8086,25,,,0,55,,8075,25,,,0,15,,8087,25,,,0,15,,6628,25,,,0,70,,6629,25,,,0,45,,6633,25,,,0,99,,8078,25,,,0,144,,8077,25,,,0,104,,8076,25,,,0,103,,8079,25,,,0,97,,8081,25,,,0
100,'5475',606,,8746,17,,,0,30,,8747,25,,,0,72,,8748,25,,,0,31,,8749,25,,,0,17,,8750,25,,,0,57,,8758,25,,,0,15,,8757,25,,,0,15,,8785,25,,,0,14,,8786,25,,,0,55,,8761,25,,,0,16,,8753,25,,,0,15,,8780,25,,,0,60,,8779,25,,,0,21,,8790,25,,,0,20,,8789,25,,,0,71,,8788,25,,,0,30,,8793,25,,,0,72,,8792,25,,,0,30,,8777,25,,,0,70,,8776,25,,,0,30,,8767,25,,,0,70,,8756,25,,,0,32,,8755,25,,,0,60,,8759,25,,,0,19,,8754,25,,,0,18,,8782,25,,,0,55,,8764,25,,,0,14,,8781,25,,,0,15,,8787,25,,,0,15,,8783,25,,,0,55,,8796,25,,,0,14,,8795,25,,,0,14,,8775,25,,,0,15,,8772,25,,,0,13,,8797,25,,,0,55,,8773,25,,,0,15,,8770,25,,,0,15,,8791,25,,,0,60,,8794,25,,,0,19,,8771,25,,,0,25,,8778,25,,,0,67,,8774,25,,,0,30,,8769,25,,,0,69,,8765,25,,,0,30,,8763,25,,,0,70,,8762,25,,,0,30,,8760,25,,,0,69,,8768,25,,,0,28,,8784,25,,,0,68,,8766,25,,,0,29,,8751,25,,,0,70,,8752,25,,,0,98,,8798,25,,,0
100,'5518',715,,8799,25,,,0,19,,8800,25,,,0,70,,8801,25,,,0,30,,8803,25,,,0,70,,8802,25,,,0,32,,8804,25,,,0,72,,8807,25,,,0,30,,8805,25,,,0,70,,8806,25,,,0,31,,8808,25,,,0,72,,8820,25,,,0,30,,8810,25,,,0,70,,8809,25,,,0,30,,8813,25,,,0,70,,8811,25,,,0,30,,8814,25,,,0,71,,8815,25,,,0,30,,8812,25,,,0,69,,8816,25,,,0,30,,8817,25,,,0,69,,8827,25,,,0,30,,8818,25,,,0,70,,8830,25,,,0,33,,8821,25,,,0,65,,8819,25,,,0,29,,8822,25,,,0,70,,8831,25,,,0,29,,8824,25,,,0,70,,8823,25,,,0,29,,8825,25,,,0,68,,8826,25,,,0,30,,8828,25,,,0,70,,8832,25,,,0,37,,8829,25,,,0,62,,8833,25,,,0
100,'5520',606,,8834,17,,,0,30,,8835,25,,,0,72,,8836,25,,,0,31,,8837,25,,,0,17,,8838,25,,,0,57,,8846,25,,,0,15,,8845,25,,,0,15,,8873,25,,,0,14,,8874,25,,,0,55,,8849,25,,,0,16,,8841,25,,,0,15,,8868,25,,,0,60,,8867,25,,,0,21,,8878,25,,,0,20,,8877,25,,,0,71,,8876,25,,,0,30,,8881,25,,,0,72,,8880,25,,,0,30,,8865,25,,,0,70,,8864,25,,,0,30,,8855,25,,,0,70,,8844,25,,,0,32,,8843,25,,,0,60,,8847,25,,,0,19,,8842,25,,,0,18,,8870,25,,,0,55,,8852,25,,,0,14,,8869,25,,,0,15,,8875,25,,,0,15,,8871,25,,,0,55,,8884,25,,,0,14,,8883,25,,,0,14,,8863,25,,,0,15,,8860,25,,,0,13,,8885,25,,,0,55,,8861,25,,,0,15,,8858,25,,,0,15,,8879,25,,,0,60,,8882,25,,,0,19,,8859,25,,,0,25,,8866,25,,,0,67,,8862,25,,,0,30,,8857,25,,,0,69,,8853,25,,,0,30,,8851,25,,,0,70,,8850,25,,,0,30,,8848,25,,,0,69,,8856,25,,,0,28,,8872,25,,,0,68,,8854,25,,,0,29,,8839,25,,,0,70,,8840,25,,,0
100,'5526',645,,8913,25,,,0,9,,8915,25,,,0,70,,8916,25,,,0,30,,8886,25,,,0,66,,8918,25,,,0,20,,8888,25,,,0,15,,8919,25,,,0,57,,8889,25,,,0,16,,8920,25,,,0,15,,8887,25,,,0,72,,8891,25,,,0,30,,8892,25,,,0,70,,8890,25,,,0,32,,8894,25,,,0,70,,8895,25,,,0,30,,8897,25,,,0,70,,8893,25,,,0,30,,8898,25,,,0,70,,8899,25,,,0,31,,8896,25,,,0,70,,8900,25,,,0,30,,8902,25,,,0,69,,8903,25,,,0,13,,8921,25,,,0,15,,8904,25,,,0,55,,8922,25,,,0,15,,8901,25,,,0,15,,8923,25,,,0,14,,8905,25,,,0,15,,8924,25,,,0,55,,8906,25,,,0,15,,8925,25,,,0,15,,8907,25,,,0,70,,8908,25,,,0,45,,8912,25,,,0,99,,8911,25,,,0,144,,8910,25,,,0,104,,8909,25,,,0,103,,8914,25,,,0,97,,8917,25,,,0
200,'4532',758,,6788,32,,,0,153,,5103,32,,,0,101,,6787,32,,,0,101,,6790,32,,,0,100,,8164,32,,,0,101,,8165,32,,,0,100,,8166,32,,,0,100,,8168,32,,,0,30,,6796,32,,,0,70,,8167,32,,,0,30,,6793,32,,,0,70,,8169,32,,,0,30,,8170,32,,,0,70,,8171,32,,,0,88,,6804,32,,,0,40,,6802,32,,,0,91,,6800,32,,,0,93,,6801,32,,,0,100,,6803,32,,,0
200,'5475',623,,9114,32,,,0,77,,9115,32,,,0,28,,9116,32,,,0,15,,9119,32,,,0,72,,9117,32,,,0,16,,9118,32,,,0,15,,9120,32,,,0,66,,9123,32,,,0,30,,9122,32,,,0,70,,9121,32,,,0,30,,9126,32,,,0,70,,9124,32,,,0,30,,9125,32,,,0,71,,9127,32,,,0,30,,9128,32,,,0,70,,9129,32,,,0,30,,9130,32,,,0,70,,9132,32,,,0,30,,9131,32,,,0,76,,9133,32,,,0,27,,9134,32,,,0,79,,9110,32,,,0,30,,9104,32,,,0,69,,9106,32,,,0,28,,9107,32,,,0,70,,9113,32,,,0,34,,9105,32,,,0,80,,9109,32,,,0,69,,9103,32,,,0,34,,9108,32,,,0,65,,9102,32,,,0,30,,9111,32,,,0,294,,9135,32,,,0,100,,9136,32,,,0
200,'5518',815,,9138,32,,,0,41,,9137,32,,,0,152,,9140,32,,,0,100,,9139,32,,,0,101,,9141,32,,,0,105,,9142,32,,,0,96,,9144,32,,,0,100,,9143,32,,,0,99,,9147,32,,,0,106,,9149,32,,,0,99,,9148,32,,,0,124,,9145,32,,,0,99,,9146,32,,,0
200,'5520',623,,9162,32,,,0,77,,9163,32,,,0,28,,9164,32,,,0,15,,9167,32,,,0,72,,9165,32,,,0,16,,9166,32,,,0,15,,9168,32,,,0,66,,9171,32,,,0,30,,9170,32,,,0,70,,9169,32,,,0,30,,9174,32,,,0,70,,9172,32,,,0,30,,9173,32,,,0,71,,9175,32,,,0,30,,9176,32,,,0,70,,9177,32,,,0,30,,9178,32,,,0,70,,9180,32,,,0,30,,9179,32,,,0,76,,9181,32,,,0,27,,9182,32,,,0,79,,9158,32,,,0,30,,9152,32,,,0,69,,9154,32,,,0,28,,9155,32,,,0,70,,9161,32,,,0,34,,9153,32,,,0,80,,9157,32,,,0,69,,9151,32,,,0,34,,9156,32,,,0,65,,9150,32,,,0,30,,9159,32,,,0
200,'5526',758,,9184,32,,,0,153,,9186,32,,,0,101,,9183,32,,,0,101,,9187,32,,,0,100,,9185,32,,,0,101,,9188,32,,,0,100,,9189,32,,,0,100,,9192,32,,,0,30,,9193,32,,,0,70,,9191,32,,,0,30,,9190,32,,,0,70,,9194,32,,,0,30,,9195,32,,,0,70,,9196,32,,,0,88,,9201,32,,,0,40,,9199,32,,,0,91,,9197,32,,,0,93,,9198,32,,,0,100,,9200,32,,,0
1001,'5475',643,,10868,4,,,0,78,,10876,4,,,0,18,,10869,4,,,0,18,,10875,4,,,0,59,,10871,4,,,0,18,,10888,4,,,0,10,,10891,4,,,0,10,,10870,4,,,0,56,,10886,4,,,0,15,,10862,4,,,0,20,,10889,4,,,0,80,,10887,4,,,0,80,,10890,4,,,0,40,,10885,4,,,0,80,,10883,4,,,0,80,,10884,4,,,0,40,,10881,4,,,0,79,,10882,4,,,0,20,,10866,4,,,0,60,,10880,4,,,0,20,,10865,4,,,0,20,,10879,4,,,0,60,,10864,4,,,0,20,,10878,4,,,0,20,,10867,4,,,0,60,,10873,4,,,0,20,,10863,4,,,0,20,,10872,4,,,0,80,,10874,4,,,0,80,,10877,4,,,0,219,,10892,4,,,0
1001,'5520',643,,10899,4,,,0,78,,10907,4,,,0,18,,10900,4,,,0,18,,10906,4,,,0,59,,10902,4,,,0,18,,10919,4,,,0,10,,10922,4,,,0,10,,10901,4,,,0,56,,10917,4,,,0,15,,10893,4,,,0,20,,10920,4,,,0,80,,10918,4,,,0,80,,10921,4,,,0,40,,10916,4,,,0,80,,10914,4,,,0,80,,10915,4,,,0,40,,10912,4,,,0,79,,10913,4,,,0,20,,10897,4,,,0,60,,10911,4,,,0,20,,10896,4,,,0,20,,10910,4,,,0,60,,10895,4,,,0,20,,10909,4,,,0,20,,10898,4,,,0,60,,10904,4,,,0,20,,10894,4,,,0,20,,10903,4,,,0,80,,10905,4,,,0,80,,10908,4,,,0,219,,10923,4,,,0
