700,'4532',644,,8357,7,,,0,70,,7391,7,,,0,31,,8348,7,,,0,70,,8333,7,,,0,31,,7355,7,,,0,71,,8335,7,,,0,29,,8334,7,,,0,71,,7363,7,,,0,31,,8340,7,,,0,54,,7383,7,,,0,16,,8341,7,,,0,15,,7384,7,,,0,22,,8343,7,,,0,73,,8339,7,,,0,28,,7372,7,,,0,70,,8338,7,,,0,32,,8344,7,,,0,68,,7367,7,,,0,30,,8351,7,,,0,53,,8345,7,,,0,14,,8352,7,,,0,16,,8346,7,,,0,14,,7389,7,,,0,55,,7364,7,,,0,16,,8354,7,,,0,14,,7376,7,,,0,15,,8353,7,,,0,64,,8342,7,,,0,29,,7377,7,,,0,70,,7358,7,,,0,36,,8336,7,,,0,73,,7360,7,,,0,76,,8349,7,,,0,34,,7380,7,,,0,105,,7361,7,,,0,96,,8337,7,,,0,101,,8347,7,,,0,98,,8350,7,,,0,66,,8355,7,,,0,29,,8356,7,,,0
700,'5475',616,,10018,7,,,0,18,,10019,7,,,0,17,,10020,7,,,0,54,,10021,7,,,0,16,,10022,7,,,0,6,,10023,7,,,0,10,,10024,7,,,0,17,,10025,7,,,0,60,,10026,7,,,0,11,,10027,7,,,0,19,,10028,7,,,0,11,,10029,7,,,0,56,,10030,7,,,0,12,,10031,7,,,0,18,,10032,7,,,0,13,,10048,7,,,0,57,,10033,7,,,0,13,,10073,7,,,0,17,,10034,7,,,0,69,,10035,7,,,0,34,,10036,7,,,0,67,,10037,7,,,0,32,,10038,7,,,0,68,,10039,7,,,0,32,,10040,7,,,0,69,,10041,7,,,0,34,,10042,7,,,0,11,,10043,7,,,0,55,,10044,7,,,0,18,,10045,7,,,0,13,,10046,7,,,0,57,,10047,7,,,0,12,,10049,7,,,0,18,,10052,7,,,0,12,,10064,7,,,0,58,,10053,7,,,0,12,,10050,7,,,0,18,,10054,7,,,0,11,,10065,7,,,0,18,,10055,7,,,0,50,,10051,7,,,0,16,,10056,7,,,0,13,,10067,7,,,0,72,,10057,7,,,0,27,,10066,7,,,0,73,,10058,7,,,0,27,,10069,7,,,0,71,,10059,7,,,0,29,,10068,7,,,0,70,,10060,7,,,0,28,,10070,7,,,0,70,,10061,7,,,0,28,,10071,7,,,0,73,,10062,7,,,0,31,,10072,7,,,0,70,,10063,7,,,0,95,,10074,7,,,0
700,'5518',729,,10075,7,,,0,27,,10076,7,,,0,100,,10077,7,,,0,97,,10078,7,,,0,73,,10080,7,,,0,30,,10079,7,,,0,67,,10082,7,,,0,33,,10088,7,,,0,67,,10083,7,,,0,29,,10081,7,,,0,72,,10084,7,,,0,28,,10095,7,,,0,72,,10086,7,,,0,29,,10090,7,,,0,71,,10085,7,,,0,29,,10087,7,,,0,71,,10089,7,,,0,27,,10093,7,,,0,72,,10091,7,,,0,27,,10096,7,,,0,71,,10092,7,,,0,29,,10098,7,,,0,101,,10094,7,,,0,99,,10100,7,,,0,104,,10097,7,,,0,95,,10099,7,,,0,101,,10101,7,,,0
700,'5520',616,,10102,7,,,0,18,,10103,7,,,0,17,,10104,7,,,0,54,,10105,7,,,0,16,,10106,7,,,0,6,,10107,7,,,0,10,,10108,7,,,0,17,,10109,7,,,0,60,,10110,7,,,0,11,,10111,7,,,0,19,,10112,7,,,0,11,,10113,7,,,0,56,,10114,7,,,0,12,,10115,7,,,0,18,,10116,7,,,0,13,,10132,7,,,0,57,,10117,7,,,0,13,,10157,7,,,0,17,,10118,7,,,0,69,,10119,7,,,0,34,,10120,7,,,0,67,,10121,7,,,0,32,,10122,7,,,0,68,,10123,7,,,0,32,,10124,7,,,0,69,,10125,7,,,0,34,,10126,7,,,0,11,,10127,7,,,0,55,,10128,7,,,0,18,,10129,7,,,0,13,,10130,7,,,0,57,,10131,7,,,0,12,,10133,7,,,0,18,,10136,7,,,0,12,,10148,7,,,0,58,,10137,7,,,0,12,,10134,7,,,0,18,,10138,7,,,0,11,,10149,7,,,0,18,,10139,7,,,0,50,,10135,7,,,0,16,,10140,7,,,0,13,,10151,7,,,0,72,,10141,7,,,0,27,,10150,7,,,0,73,,10142,7,,,0,27,,10153,7,,,0,71,,10143,7,,,0,29,,10152,7,,,0,70,,10144,7,,,0,28,,10154,7,,,0,70,,10145,7,,,0,28,,10155,7,,,0,73,,10146,7,,,0,31,,10156,7,,,0,70,,10147,7,,,0
700,'5526',644,,10197,7,,,0,70,,10195,7,,,0,31,,10183,7,,,0,70,,10158,7,,,0,31,,10159,7,,,0,71,,10161,7,,,0,29,,10160,7,,,0,71,,10167,7,,,0,31,,10172,7,,,0,54,,10187,7,,,0,16,,10173,7,,,0,15,,10188,7,,,0,22,,10175,7,,,0,73,,10170,7,,,0,28,,10176,7,,,0,70,,10169,7,,,0,32,,10177,7,,,0,68,,10171,7,,,0,30,,10189,7,,,0,53,,10178,7,,,0,14,,10190,7,,,0,16,,10179,7,,,0,14,,10193,7,,,0,55,,10168,7,,,0,16,,10192,7,,,0,14,,10180,7,,,0,15,,10191,7,,,0,64,,10174,7,,,0,29,,10181,7,,,0,70,,10162,7,,,0,36,,10163,7,,,0,73,,10164,7,,,0,76,,10185,7,,,0,34,,10184,7,,,0,105,,10165,7,,,0,96,,10166,7,,,0,101,,10182,7,,,0,98,,10186,7,,,0,66,,10194,7,,,0,29,,10196,7,,,0
7300,'5475',743,,11464,15,,,0
7300,'5520',743,,11465,15,,,0
7301,'5475',1531,,11466,29,,,0
7301,'5520',1531,,11467,29,,,0
7900,'5475',755,,11481,21,0,6,0
7900,'5520',755,,11482,21,0,6,0
7901,'5475',1519,,11483,21,0,6,0
7901,'5522',1519,,11484,21,0,6,0
7901,'5525',1519,,11485,21,0,6,0
