500,'4532',809,,7169,19,4,,0,30,,7170,22,4,,0,70,,7171,22,4,,0,30,,7192,19,4,,0,71,,7168,22,4,,0,29,,7173,19,4,,0,71,,7174,22,4,,0,29,,7172,19,4,,0,72,,7177,22,4,,0,29,,7178,19,4,,0,72,,7176,22,4,,0,30,,7175,19,4,,0,71,,7179,22,4,,0,29,,7180,19,4,,0,71,,7181,22,4,,0,30,,7184,19,4,,0,71,,7185,22,4,,0,28,,7182,19,4,,0,70,,7183,22,4,,0,29,,7186,19,4,,0,71,,7187,22,4,,0,29,,7190,19,4,,0,160,,7191,22,4,,0,54,,7188,19,4,,0,103,,7189,22,4,,0,99,,7193,22,4,,0
500,'5475',720,,9773,22,4,,0,17,,9784,19,4,,0,15,,9775,19,4,,0,74,,9776,22,4,,0,33,,9774,19,4,,0,73,,9782,22,4,,0,73,,9783,19,4,,0,33,,9785,19,4,,0,73,,9777,22,4,,0,33,,9778,19,4,,0,73,,9786,22,4,,0,36,,9780,19,4,,0,75,,9781,22,4,,0,77,,9779,19,4,,0,35,,9787,22,4,,0,77,,9797,19,4,,0,36,,9790,22,4,,0,76,,9792,22,4,,0,77,,9798,19,4,,0,34,,9793,22,4,,0,76,,9794,19,4,,0,31,,9791,22,4,,0,76,,9795,19,4,,0,84,,9796,19,4,,0,100,,9788,19,4,,0,99,,9789,19,4,,0,115,,9799,22,4,,0,20,,9801,22,4,,0,110,,9800,22,4,,0
500,'5518',924,,9804,22,4,,0,120,,9803,22,4,,0,160,,9802,22,4,,0,122,,9805,22,4,,0,97,,9806,22,4,,0,127,,9807,22,4,,0,166,,9808,22,4,,0,120,,9809,22,4,,0
500,'5520',720,,9810,22,4,,0,17,,9821,19,4,,0,15,,9812,19,4,,0,74,,9813,22,4,,0,33,,9811,19,4,,0,73,,9819,22,4,,0,73,,9820,19,4,,0,33,,9822,19,4,,0,73,,9814,22,4,,0,33,,9815,19,4,,0,73,,9823,22,4,,0,36,,9817,19,4,,0,75,,9818,22,4,,0,77,,9816,19,4,,0,35,,9824,22,4,,0,77,,9834,19,4,,0,36,,9827,22,4,,0,76,,9829,22,4,,0,77,,9835,19,4,,0,34,,9830,22,4,,0,76,,9831,19,4,,0,31,,9828,22,4,,0,76,,9832,19,4,,0,84,,9833,19,4,,0,100,,9825,19,4,,0,99,,9826,19,4,,0,115,,9836,22,4,,0
500,'5526',809,,9838,19,4,,0,30,,9839,22,4,,0,70,,9840,22,4,,0,30,,9861,19,4,,0,71,,9837,22,4,,0,29,,9842,19,4,,0,71,,9843,22,4,,0,29,,9841,19,4,,0,72,,9846,22,4,,0,29,,9847,19,4,,0,72,,9845,22,4,,0,30,,9844,19,4,,0,71,,9848,22,4,,0,29,,9849,19,4,,0,71,,9850,22,4,,0,30,,9853,19,4,,0,71,,9854,22,4,,0,28,,9851,19,4,,0,70,,9852,22,4,,0,29,,9855,19,4,,0,71,,9856,22,4,,0,29,,9859,19,4,,0,160,,9860,22,4,,0,54,,9857,19,4,,0,103,,9858,22,4,,0,99,,9862,22,4,,0
501,'4532',745,,7242,1,,,0,70,,7230,1,,,0,30,,7228,1,,,0,70,,7244,1,,,0,30,,7231,1,,,0,70,,7245,1,,,0,30,,7229,1,,,0,70,,7243,1,,,0,30,,7232,1,,,0,70,,7246,1,,,0,30,,7233,1,,,0,71,,7241,1,,,0,30,,7235,1,,,0,70,,7247,1,,,0,30,,7234,1,,,0,71,,7252,1,,,0,30,,7238,1,,,0,69,,7248,1,,,0,30,,7237,1,,,0,70,,7251,1,,,0,30,,7236,1,,,0,70,,7249,1,,,0,119,,7239,1,,,0,95,,7250,1,,,0,103,,7240,1,,,0,100,,7253,1,,,0
501,'5475',655,,9863,1,,,0,55,,9875,1,,,0,15,,9866,1,,,0,33,,9865,1,,,0,73,,9864,1,,,0,73,,9872,1,,,0,33,,9874,1,,,0,73,,9873,1,,,0,33,,9868,1,,,0,73,,9867,1,,,0,33,,9876,1,,,0,73,,9869,1,,,0,36,,9871,1,,,0,76,,9870,1,,,0,76,,9889,1,,,0,36,,9887,1,,,0,76,,9884,1,,,0,36,,9878,1,,,0,76,,9879,1,,,0,77,,9880,1,,,0,35,,9882,1,,,0,75,,9885,1,,,0,35,,9883,1,,,0,85,,9881,1,,,0,100,,9877,1,,,0,100,,9886,1,,,0,116,,9888,1,,,0,63,,9890,1,,,0,110,,9891,1,,,0
501,'5518',900,,9894,1,,,0,119,,9895,1,,,0,120,,9892,1,,,0,162,,9893,1,,,0,55,,9897,1,,,0,167,,9896,1,,,0,127,,9898,1,,,0,161,,9899,1,,,0
501,'5520',655,,9900,1,,,0,55,,9912,1,,,0,15,,9903,1,,,0,33,,9902,1,,,0,73,,9901,1,,,0,73,,9909,1,,,0,33,,9911,1,,,0,73,,9910,1,,,0,33,,9905,1,,,0,73,,9904,1,,,0,33,,9913,1,,,0,73,,9906,1,,,0,36,,9908,1,,,0,76,,9907,1,,,0,76,,9926,1,,,0,36,,9924,1,,,0,76,,9921,1,,,0,36,,9915,1,,,0,76,,9916,1,,,0,77,,9917,1,,,0,35,,9919,1,,,0,75,,9922,1,,,0,35,,9920,1,,,0,85,,9918,1,,,0,100,,9914,1,,,0,100,,9923,1,,,0,116,,9925,1,,,0
501,'5526',745,,9941,1,,,0,70,,9929,1,,,0,30,,9927,1,,,0,70,,9943,1,,,0,30,,9930,1,,,0,70,,9944,1,,,0,30,,9928,1,,,0,70,,9942,1,,,0,30,,9931,1,,,0,70,,9945,1,,,0,30,,9932,1,,,0,71,,9940,1,,,0,30,,9934,1,,,0,70,,9946,1,,,0,30,,9933,1,,,0,71,,9951,1,,,0,30,,9937,1,,,0,69,,9947,1,,,0,30,,9936,1,,,0,70,,9950,1,,,0,30,,9935,1,,,0,70,,9948,1,,,0,119,,9938,1,,,0,95,,9949,1,,,0,103,,9939,1,,,0,100,,9952,1,,,0
