100,'4532',648,,6634,26,,,0,9,,8080,26,,,0,70,,6637,26,,,0,30,,8069,26,,,0,67,,6639,26,,,0,20,,6613,26,,,0,15,,8082,26,,,0,57,,6614,26,,,0,16,,6641,26,,,0,15,,4891,26,,,0,72,,8071,26,,,0,30,,4896,26,,,0,70,,8070,26,,,0,32,,4898,26,,,0,70,,6618,26,,,0,30,,4901,26,,,0,70,,6617,26,,,0,30,,4902,26,,,0,70,,6620,26,,,0,31,,8072,26,,,0,70,,6621,26,,,0,30,,6623,26,,,0,69,,8074,26,,,0,13,,8083,26,,,0,15,,6625,26,,,0,55,,8084,26,,,0,15,,8073,26,,,0,14,,8085,26,,,0,14,,6626,26,,,0,55,,8086,26,,,0,15,,8075,26,,,0,15,,8087,26,,,0,15,,6628,26,,,0,70,,6629,26,,,0,85,,6633,26,,,0,99,,8078,26,,,0,104,,8077,26,,,0,104,,8076,26,,,0,103,,8079,26,,,0,97,,8081,26,,,0
100,'5475',610,,8746,18,,,0,30,,8747,26,,,0,72,,8748,26,,,0,31,,8749,26,,,0,57,,8750,26,,,0,17,,8758,26,,,0,15,,8757,26,,,0,15,,8785,26,,,0,54,,8786,26,,,0,15,,8761,26,,,0,16,,8753,26,,,0,15,,8780,26,,,0,60,,8779,26,,,0,21,,8790,26,,,0,20,,8789,26,,,0,71,,8788,26,,,0,30,,8793,26,,,0,72,,8792,26,,,0,30,,8777,26,,,0,70,,8776,26,,,0,30,,8767,26,,,0,70,,8756,26,,,0,33,,8755,26,,,0,60,,8759,26,,,0,19,,8754,26,,,0,17,,8782,26,,,0,55,,8764,26,,,0,14,,8781,26,,,0,15,,8787,26,,,0,15,,8783,26,,,0,55,,8796,26,,,0,14,,8795,26,,,0,14,,8775,26,,,0,15,,8772,26,,,0,53,,8797,26,,,0,14,,8773,26,,,0,15,,8770,26,,,0,15,,8791,26,,,0,60,,8794,26,,,0,19,,8771,26,,,0,25,,8778,26,,,0,67,,8774,26,,,0,30,,8769,26,,,0,69,,8765,26,,,0,30,,8763,26,,,0,70,,8762,26,,,0,30,,8760,26,,,0,69,,8768,26,,,0,28,,8784,26,,,0,68,,8766,26,,,0,29,,8751,26,,,0,70,,8752,26,,,0,98,,8798,26,,,0
100,'5518',718,,8799,26,,,0,19,,8800,26,,,0,70,,8801,26,,,0,30,,8803,26,,,0,70,,8802,26,,,0,32,,8804,26,,,0,72,,8807,26,,,0,30,,8805,26,,,0,70,,8806,26,,,0,31,,8808,26,,,0,73,,8820,26,,,0,30,,8810,26,,,0,70,,8809,26,,,0,30,,8813,26,,,0,70,,8811,26,,,0,30,,8814,26,,,0,71,,8815,26,,,0,30,,8812,26,,,0,68,,8816,26,,,0,30,,8817,26,,,0,69,,8827,26,,,0,30,,8818,26,,,0,70,,8830,26,,,0,33,,8821,26,,,0,65,,8819,26,,,0,29,,8822,26,,,0,70,,8831,26,,,0,29,,8824,26,,,0,70,,8823,26,,,0,29,,8825,26,,,0,68,,8826,26,,,0,30,,8828,26,,,0,70,,8832,26,,,0,37,,8829,26,,,0,62,,8833,26,,,0
100,'5520',610,,8834,18,,,0,30,,8835,26,,,0,72,,8836,26,,,0,31,,8837,26,,,0,57,,8838,26,,,0,17,,8846,26,,,0,15,,8845,26,,,0,15,,8873,26,,,0,54,,8874,26,,,0,15,,8849,26,,,0,16,,8841,26,,,0,15,,8868,26,,,0,60,,8867,26,,,0,21,,8878,26,,,0,20,,8877,26,,,0,71,,8876,26,,,0,30,,8881,26,,,0,72,,8880,26,,,0,30,,8865,26,,,0,70,,8864,26,,,0,30,,8855,26,,,0,70,,8844,26,,,0,33,,8843,26,,,0,60,,8847,26,,,0,19,,8842,26,,,0,17,,8870,26,,,0,55,,8852,26,,,0,14,,8869,26,,,0,15,,8875,26,,,0,15,,8871,26,,,0,55,,8884,26,,,0,14,,8883,26,,,0,14,,8863,26,,,0,15,,8860,26,,,0,53,,8885,26,,,0,14,,8861,26,,,0,15,,8858,26,,,0,15,,8879,26,,,0,60,,8882,26,,,0,19,,8859,26,,,0,25,,8866,26,,,0,67,,8862,26,,,0,30,,8857,26,,,0,69,,8853,26,,,0,30,,8851,26,,,0,70,,8850,26,,,0,30,,8848,26,,,0,69,,8856,26,,,0,28,,8872,26,,,0,68,,8854,26,,,0,29,,8839,26,,,0,70,,8840,26,,,0
100,'5526',648,,8913,26,,,0,9,,8915,26,,,0,70,,8916,26,,,0,30,,8886,26,,,0,67,,8918,26,,,0,20,,8888,26,,,0,15,,8919,26,,,0,57,,8889,26,,,0,16,,8920,26,,,0,15,,8887,26,,,0,72,,8891,26,,,0,30,,8892,26,,,0,70,,8890,26,,,0,32,,8894,26,,,0,70,,8895,26,,,0,30,,8897,26,,,0,70,,8893,26,,,0,30,,8898,26,,,0,70,,8899,26,,,0,31,,8896,26,,,0,70,,8900,26,,,0,30,,8902,26,,,0,69,,8903,26,,,0,13,,8921,26,,,0,15,,8904,26,,,0,55,,8922,26,,,0,15,,8901,26,,,0,14,,8923,26,,,0,14,,8905,26,,,0,55,,8924,26,,,0,15,,8906,26,,,0,15,,8925,26,,,0,15,,8907,26,,,0,70,,8908,26,,,0,85,,8912,26,,,0,99,,8911,26,,,0,104,,8910,26,,,0,104,,8909,26,,,0,103,,8914,26,,,0,97,,8917,26,,,0
200,'4532',800,,6788,33,,,0,113,,5103,33,,,0,102,,6787,33,,,0,101,,6790,33,,,0,100,,8164,33,,,0,101,,8165,33,,,0,100,,8166,33,,,0,100,,8168,33,,,0,30,,6796,33,,,0,70,,8167,33,,,0,30,,6793,33,,,0,70,,8169,33,,,0,30,,8170,33,,,0,70,,8171,33,,,0,88,,6804,33,,,0,40,,6802,33,,,0,91,,6800,33,,,0,93,,6801,33,,,0,100,,6803,33,,,0
200,'5475',626,,9114,33,,,0,78,,9115,33,,,0,28,,9116,33,,,0,15,,9119,33,,,0,72,,9117,33,,,0,16,,9118,33,,,0,15,,9120,33,,,0,66,,9123,33,,,0,30,,9122,33,,,0,70,,9121,33,,,0,30,,9126,33,,,0,69,,9124,33,,,0,30,,9125,33,,,0,71,,9127,33,,,0,30,,9128,33,,,0,70,,9129,33,,,0,30,,9130,33,,,0,71,,9132,33,,,0,30,,9131,33,,,0,76,,9133,33,,,0,27,,9134,33,,,0,78,,9110,33,,,0,30,,9104,33,,,0,69,,9106,33,,,0,28,,9107,33,,,0,70,,9113,33,,,0,34,,9105,33,,,0,80,,9109,33,,,0,69,,9103,33,,,0,33,,9108,33,,,0,65,,9102,33,,,0,30,,9111,33,,,0,294,,9135,33,,,0,100,,9136,33,,,0
200,'5518',817,,9138,33,,,0,41,,9137,33,,,0,153,,9140,33,,,0,100,,9139,33,,,0,101,,9141,33,,,0,105,,9142,33,,,0,96,,9144,33,,,0,100,,9143,33,,,0,98,,9147,33,,,0,106,,9149,33,,,0,99,,9148,33,,,0,124,,9145,33,,,0,99,,9146,33,,,0
200,'5520',626,,9162,33,,,0,78,,9163,33,,,0,28,,9164,33,,,0,15,,9167,33,,,0,72,,9165,33,,,0,16,,9166,33,,,0,15,,9168,33,,,0,66,,9171,33,,,0,30,,9170,33,,,0,70,,9169,33,,,0,30,,9174,33,,,0,69,,9172,33,,,0,30,,9173,33,,,0,71,,9175,33,,,0,30,,9176,33,,,0,70,,9177,33,,,0,30,,9178,33,,,0,71,,9180,33,,,0,30,,9179,33,,,0,76,,9181,33,,,0,27,,9182,33,,,0,78,,9158,33,,,0,30,,9152,33,,,0,69,,9154,33,,,0,28,,9155,33,,,0,70,,9161,33,,,0,34,,9153,33,,,0,80,,9157,33,,,0,69,,9151,33,,,0,33,,9156,33,,,0,65,,9150,33,,,0,30,,9159,33,,,0
200,'5526',800,,9184,33,,,0,113,,9186,33,,,0,102,,9183,33,,,0,101,,9187,33,,,0,100,,9185,33,,,0,101,,9188,33,,,0,100,,9189,33,,,0,100,,9192,33,,,0,30,,9193,33,,,0,70,,9191,33,,,0,30,,9190,33,,,0,70,,9194,33,,,0,30,,9195,33,,,0,70,,9196,33,,,0,88,,9201,33,,,0,40,,9199,33,,,0,91,,9197,33,,,0,93,,9198,33,,,0,100,,9200,33,,,0
300,'4532',735,,8214,37,,,0,70,,8213,37,,,0,37,,5240,37,,,0,76,,6907,37,,,0,30,,6908,37,,,0,71,,6906,37,,,0,30,,6905,37,,,0,70,,8215,37,,,0,30,,6910,37,,,0,70,,6912,37,,,0,31,,8216,37,,,0,70,,8219,37,,,0,30,,5252,37,,,0,70,,8218,37,,,0,30,,6917,37,,,0,71,,5255,37,,,0,30,,6916,37,,,0,70,,5257,37,,,0,30,,8217,37,,,0,69,,5258,37,,,0,30,,6918,37,,,0,70,,6920,37,,,0,34,,8221,37,,,0,64,,8222,37,,,0,85,,8223,37,,,0,105,,8225,37,,,0,105,,8226,37,,,0,102,,8220,37,,,0,97,,8224,37,,,0
300,'5475',645,,9331,37,,,0,62,,9318,37,,,0,18,,9315,9,,,0,3,,9311,37,,,0,9,,9312,37,,,0,17,,9306,37,,,0,59,,9334,37,,,0,18,,9320,37,,,0,14,,9323,37,,,0,58,,9324,37,,,0,19,,9316,37,,,0,31,,9317,37,,,0,70,,9319,37,,,0,31,,9341,37,,,0,70,,9326,37,,,0,30,,9314,37,,,0,71,,9328,37,,,0,30,,9340,37,,,0,70,,9302,37,,,0,32,,9325,37,,,0,72,,9303,37,,,0,73,,9335,37,,,0,17,,9313,37,,,0,15,,9321,37,,,0,9,,9342,37,,,0,4,,9344,37,,,0,12,,9305,37,,,0,52,,9304,37,,,0,15,,9332,37,,,0,15,,9308,37,,,0,15,,9310,37,,,0,55,,9339,37,,,0,14,,9322,37,,,0,14,,9301,37,,,0,14,,9307,37,,,0,55,,9330,37,,,0,15,,9309,37,,,0,28,,9338,37,,,0,69,,9329,37,,,0,30,,9343,37,,,0,70,,9327,37,,,0,99,,9337,37,,,0,98,,9333,37,,,0,98,,9336,37,,,0,197,,9345,37,,,0
300,'5518',821,,9346,37,,,0,93,,9348,37,,,0,100,,9347,37,,,0,101,,9353,37,,,0,104,,9349,37,,,0,100,,9355,37,,,0,100,,9350,37,,,0,100,,9351,37,,,0,100,,9356,37,,,0,99,,9352,37,,,0,97,,9358,37,,,0,98,,9354,37,,,0,105,,9357,37,,,0,98,,9359,37,,,0
300,'5520',645,,9392,37,,,0,62,,9379,37,,,0,18,,9376,9,,,0,3,,9372,37,,,0,9,,9373,37,,,0,17,,9367,37,,,0,59,,9395,37,,,0,18,,9381,37,,,0,14,,9384,37,,,0,58,,9385,37,,,0,19,,9377,37,,,0,31,,9378,37,,,0,70,,9380,37,,,0,31,,9402,37,,,0,70,,9387,37,,,0,30,,9375,37,,,0,71,,9389,37,,,0,30,,9401,37,,,0,70,,9363,37,,,0,32,,9386,37,,,0,72,,9364,37,,,0,73,,9396,37,,,0,17,,9374,37,,,0,15,,9382,37,,,0,9,,9403,37,,,0,4,,9405,37,,,0,12,,9366,37,,,0,52,,9365,37,,,0,15,,9393,37,,,0,15,,9369,37,,,0,15,,9371,37,,,0,55,,9400,37,,,0,14,,9383,37,,,0,14,,9362,37,,,0,14,,9368,37,,,0,55,,9391,37,,,0,15,,9370,37,,,0,28,,9399,37,,,0,69,,9390,37,,,0,30,,9404,37,,,0,70,,9388,37,,,0,99,,9398,37,,,0,98,,9394,37,,,0,98,,9397,37,,,0
300,'5526',735,,9407,37,,,0,70,,9406,37,,,0,37,,9408,37,,,0,76,,9411,37,,,0,30,,9412,37,,,0,71,,9410,37,,,0,30,,9409,37,,,0,70,,9413,37,,,0,30,,9414,37,,,0,70,,9416,37,,,0,31,,9415,37,,,0,70,,9419,37,,,0,30,,9420,37,,,0,70,,9418,37,,,0,30,,9422,37,,,0,71,,9423,37,,,0,30,,9421,37,,,0,70,,9425,37,,,0,30,,9417,37,,,0,69,,9426,37,,,0,30,,9424,37,,,0,70,,9428,37,,,0,34,,9429,37,,,0,64,,9430,37,,,0,85,,9431,37,,,0,105,,9433,37,,,0,105,,9434,37,,,0,102,,9427,37,,,0,97,,9432,37,,,0
