301,'4532',839,,6973,15,,,0,70,,6975,15,,,0,31,,6980,15,,,0,70,,6978,15,,,0,30,,8253,15,,,0,70,,6976,15,,,0,30,,6979,15,,,0,70,,8251,15,,,0,30,,8254,15,,,0,70,,5333,15,,,0,30,,8255,15,,,0,70,,6983,15,,,0,30,,5332,15,,,0,70,,6984,15,,,0,30,,5338,15,,,0,70,,8256,15,,,0,30,,5342,15,,,0,70,,6985,15,,,0,30,,6990,15,,,0,75,,8257,15,,,0,25,,8258,15,,,0,85,,8259,15,,,0,105,,8260,15,,,0,105,,8261,15,,,0,105,,8262,15,,,0,100,,8263,15,,,0
301,'5475',648,,9450,15,,,0,9,,9449,15,,,0,71,,9442,15,,,0,16,,9451,15,,,0,56,,9461,15,,,0,20,,9445,15,,,0,20,,9452,15,,,0,70,,9460,15,,,0,30,,9457,15,,,0,71,,9475,15,,,0,30,,9439,15,,,0,70,,9436,15,,,0,30,,9462,15,,,0,70,,9446,15,,,0,30,,9474,15,,,0,71,,9468,15,,,0,30,,9467,15,,,0,71,,9473,15,,,0,15,,9466,15,,,0,15,,9471,15,,,0,10,,9476,15,,,0,60,,9469,15,,,0,15,,9464,15,,,0,15,,9444,15,,,0,15,,9443,15,,,0,55,,9440,15,,,0,15,,9472,15,,,0,15,,9441,15,,,0,14,,9455,15,,,0,55,,9454,15,,,0,15,,9447,15,,,0,15,,9448,15,,,0,70,,9470,15,,,0,29,,9459,15,,,0,70,,9477,15,,,0,30,,9437,15,,,0,99,,9465,15,,,0,100,,9456,15,,,0,100,,9463,15,,,0,99,,9435,15,,,0,100,,9478,15,,,0
301,'5518',836,,9479,15,,,0,100,,9480,15,,,0,101,,9485,15,,,0,103,,9481,15,,,0,97,,9486,15,,,0,100,,9482,15,,,0,100,,9483,15,,,0,100,,9488,15,,,0,100,,9484,15,,,0,98,,9490,15,,,0,100,,9487,15,,,0,106,,9489,15,,,0,100,,9491,15,,,0,100,,9492,15,,,0
301,'5520',648,,9508,15,,,0,9,,9507,15,,,0,71,,9500,15,,,0,16,,9509,15,,,0,56,,9519,15,,,0,20,,9503,15,,,0,20,,9510,15,,,0,70,,9518,15,,,0,30,,9515,15,,,0,71,,9533,15,,,0,30,,9497,15,,,0,70,,9494,15,,,0,30,,9520,15,,,0,70,,9504,15,,,0,30,,9532,15,,,0,71,,9526,15,,,0,30,,9525,15,,,0,71,,9531,15,,,0,15,,9524,15,,,0,15,,9529,15,,,0,10,,9534,15,,,0,60,,9527,15,,,0,15,,9522,15,,,0,15,,9502,15,,,0,15,,9501,15,,,0,55,,9498,15,,,0,15,,9530,15,,,0,15,,9499,15,,,0,14,,9513,15,,,0,55,,9512,15,,,0,15,,9505,15,,,0,15,,9506,15,,,0,70,,9528,15,,,0,29,,9517,15,,,0,70,,9535,15,,,0,30,,9495,15,,,0,99,,9523,15,,,0,100,,9514,15,,,0,100,,9521,15,,,0,99,,9493,15,,,0
301,'5526',839,,9538,15,,,0,70,,9541,15,,,0,31,,9546,15,,,0,70,,9544,15,,,0,30,,9543,15,,,0,70,,9542,15,,,0,30,,9545,15,,,0,70,,9537,15,,,0,30,,9547,15,,,0,70,,9549,15,,,0,30,,9550,15,,,0,70,,9551,15,,,0,30,,9548,15,,,0,70,,9552,15,,,0,30,,9554,15,,,0,70,,9555,15,,,0,30,,9558,15,,,0,70,,9553,15,,,0,30,,9560,15,,,0,75,,9556,15,,,0,25,,9557,15,,,0,85,,9559,15,,,0,105,,9561,15,,,0,105,,9562,15,,,0,105,,9563,15,,,0,100,,9564,15,,,0
1301,'4532',811,,6254,4,,,0,105,,6255,4,,,0,100,,6259,4,,,0,100,,6253,4,,,0,195,,6257,4,,,0,145,,6256,4,,,0,100,,6260,4,,,0,100,,6261,4,,,0,100,,6262,4,,,0,100,,6258,4,,,0,100,,6263,4,,,0
1301,'5475',806,,10964,4,,,0,108,,10967,4,,,0,100,,10966,4,,,0,100,,10965,4,,,0,210,,10963,4,,,0,103,,10968,4,,,0,108,,10969,4,,,0,108,,10970,4,,,0,108,,10971,4,,,0,105,,10972,4,,,0,600,,10973,4,,,0
1301,'5518',1121,,10976,4,,,0,325,,10974,4,,,0,270,,10975,4,,,0
1301,'5520',806,,10978,4,,,0,108,,10981,4,,,0,100,,10980,4,,,0,100,,10979,4,,,0,210,,10977,4,,,0,103,,10982,4,,,0,108,,10983,4,,,0,108,,10984,4,,,0,108,,10985,4,,,0,105,,10986,4,,,0
1301,'5526',811,,10988,4,,,0,105,,10989,4,,,0,100,,10993,4,,,0,100,,10987,4,,,0,195,,10991,4,,,0,145,,10990,4,,,0,100,,10994,4,,,0,100,,10995,4,,,0,100,,10996,4,,,0,100,,10992,4,,,0,100,,10997,4,,,0
1401,'4532',747,,8664,4,,,0,175,,8666,4,,,0,95,,7828,4,,,0,100,,7826,4,,,0,100,,6322,4,,,0,100,,8667,4,,,0,105,,6321,4,,,0,210,,6325,4,,,0,210,,8665,4,,,0,100,,7827,4,,,0
1401,'5475',601,,11056,4,,,0,31,,11057,4,,,0,85,,11049,4,,,0,25,,11051,4,,,0,84,,11054,4,,,0,91,,11052,4,,,0,115,,11050,4,,,0,185,,11058,4,,,0,215,,11053,4,,,0,115,,11060,4,,,0,80,,11059,4,,,0,75,,11061,4,,,0,40,,11062,4,,,0,105,,11055,4,,,0,155,,11063,4,,,0,30,,11064,4,,,0,326,,11066,4,,,0,69,,11065,4,,,0
1401,'5518',852,,11068,4,,,0,200,,11067,4,,,0,170,,11072,4,,,0,95,,11070,4,,,0,100,,11069,4,,,0,130,,11071,4,,,0,265,,11073,4,,,0
1401,'5520',601,,11081,4,,,0,31,,11082,4,,,0,85,,11074,4,,,0,25,,11076,4,,,0,84,,11079,4,,,0,91,,11077,4,,,0,115,,11075,4,,,0,185,,11083,4,,,0,215,,11078,4,,,0,115,,11085,4,,,0,80,,11084,4,,,0,75,,11086,4,,,0,40,,11087,4,,,0,105,,11080,4,,,0,155,,11088,4,,,0,30,,11089,4,,,0
1401,'5526',747,,11090,4,,,0,175,,11094,4,,,0,95,,11098,4,,,0,100,,11096,4,,,0,100,,11092,4,,,0,100,,11099,4,,,0,105,,11091,4,,,0,210,,11095,4,,,0,210,,11093,4,,,0,100,,11097,4,,,0
