601,'4532',819,,7275,29,,,0,104,,7276,29,,,0,96,,8309,29,,,0,100,,8310,29,,,0,100,,7274,29,,,0,100,,5638,29,,,0,100,,8311,29,,,0,100,,5642,29,,,0,30,,8313,29,,,0,70,,8315,29,,,0,30,,8318,29,,,0,70,,8316,29,,,0,30,,8317,29,,,0,70,,8314,29,,,0,184,,8312,29,,,0,122,,7285,27,,,0
601,'5475',720,,9953,29,,,0,104,,9954,29,,,0,101,,9955,29,,,0,96,,9957,29,,,0,25,,9956,29,,,0,75,,9958,29,,,0,120,,9959,29,,,0,80,,9960,29,,,0,100,,9961,29,,,0,101,,9962,29,,,0,80,,9963,29,,,0,41,,9964,29,,,0,16,,9965,29,,,0,75,,9968,29,,,0,67,,9966,29,,,0,28,,9967,29,,,0,100,,9969,29,,,0,271,,9970,27,,,0,238,,9971,29,,,0
601,'5518',821,,9972,27,,,0,120,,9973,27,,,0,95,,9976,27,,,0,112,,9975,29,,,0,100,,9974,29,,,0,100,,9979,29,,,0,101,,9977,29,,,0,100,,9978,29,,,0,105,,9980,29,,,0,92,,9981,27,,,0,105,,9983,27,,,0,100,,9982,27,,,0
601,'5520',720,,9984,29,,,0,104,,9985,29,,,0,101,,9986,29,,,0,96,,9988,29,,,0,25,,9987,29,,,0,75,,9989,29,,,0,120,,9990,29,,,0,80,,9991,29,,,0,100,,9992,29,,,0,101,,9993,29,,,0,80,,9994,29,,,0,41,,9995,29,,,0,16,,9996,29,,,0,75,,9999,29,,,0,67,,9997,29,,,0,28,,9998,29,,,0,100,,10000,29,,,0,271,,10001,27,,,0
601,'5526',819,,10003,29,,,0,104,,10004,29,,,0,96,,10006,29,,,0,100,,10007,29,,,0,100,,10002,29,,,0,100,,10005,29,,,0,100,,10008,29,,,0,100,,10009,29,,,0,30,,10011,29,,,0,70,,10013,29,,,0,30,,10017,29,,,0,70,,10014,29,,,0,30,,10016,29,,,0,70,,10012,29,,,0,184,,10010,29,,,0,122,,10015,27,,,0
700,'4532',707,,8357,35,,,0,101,,8348,35,,,0,132,,8335,35,,,0,171,,8340,35,,,0,30,,8341,35,,,0,112,,8339,35,,,0,170,,8344,35,,,0,98,,8351,35,,,0,83,,8346,35,,,0,45,,8354,35,,,0,93,,8342,35,,,0,175,,8336,35,,,0,108,,8349,35,,,0,234,,8337,35,,,0,262,,8355,35,,,0
700,'5475',638,,10018,35,,,0,77,,10020,35,,,0,30,,10022,35,,,0,57,,10024,35,,,0,38,,10026,35,,,0,69,,10028,35,,,0,26,,10030,35,,,0,70,,10032,35,,,0,31,,10033,35,,,0,70,,10034,35,,,0,103,,10036,35,,,0,101,,10038,35,,,0,100,,10040,35,,,0,104,,10042,35,,,0,43,,10045,35,,,0,70,,10047,35,,,0,30,,10052,35,,,0,70,,10053,35,,,0,29,,10054,35,,,0,67,,10055,35,,,0,26,,10056,35,,,0,85,,10057,35,,,0,100,,10058,35,,,0,98,,10059,35,,,0,97,,10060,35,,,0,98,,10061,35,,,0,99,,10062,35,,,0,100,,10063,35,,,0,97,,10074,35,,,0
700,'5518',818,,10076,35,,,0,198,,10078,35,,,0,130,,10082,35,,,0,102,,10083,35,,,0,101,,10084,35,,,0,100,,10086,35,,,0,101,,10085,35,,,0,101,,10089,35,,,0,99,,10091,35,,,0,96,,10092,35,,,0,169,,10094,35,,,0,202,,10097,35,,,0,193,,10101,35,,,0
700,'5520',638,,10102,35,,,0,77,,10104,35,,,0,30,,10106,35,,,0,57,,10108,35,,,0,38,,10110,35,,,0,69,,10112,35,,,0,26,,10114,35,,,0,70,,10116,35,,,0,31,,10117,35,,,0,70,,10118,35,,,0,103,,10120,35,,,0,101,,10122,35,,,0,100,,10124,35,,,0,104,,10126,35,,,0,43,,10129,35,,,0,70,,10131,35,,,0,30,,10136,35,,,0,70,,10137,35,,,0,29,,10138,35,,,0,67,,10139,35,,,0,26,,10140,35,,,0,85,,10141,35,,,0,100,,10142,35,,,0,98,,10143,35,,,0,97,,10144,35,,,0,98,,10145,35,,,0,99,,10146,35,,,0,100,,10147,35,,,0
700,'5526',707,,10197,35,,,0,101,,10183,35,,,0,132,,10161,35,,,0,171,,10172,35,,,0,30,,10173,35,,,0,112,,10170,35,,,0,170,,10177,35,,,0,98,,10189,35,,,0,83,,10179,35,,,0,45,,10192,35,,,0,93,,10174,35,,,0,175,,10163,35,,,0,108,,10185,35,,,0,234,,10166,35,,,0,262,,10194,35,,,0
900,'4532',647,,7630,35,,,0,70,,6034,35,,,0,33,,7624,35,,,0,70,,5995,35,,,0,33,,7604,35,,,0,70,,8506,35,,,0,32,,8505,35,,,0,72,,5999,35,,,0,29,,8509,35,,,0,69,,8507,35,,,0,15,,6026,35,,,0,15,,7609,35,,,0,55,,8516,35,,,0,15,,8508,35,,,0,33,,6004,35,,,0,71,,7611,35,,,0,30,,8510,35,,,0,72,,6006,35,,,0,70,,6007,35,,,0,11,,6024,35,,,0,15,,8512,35,,,0,15,,6028,35,,,0,15,,7614,35,,,0,55,,6025,35,,,0,15,,8511,35,,,0,15,,6027,35,,,0,15,,6012,35,,,0,55,,7628,35,,,0,15,,7616,35,,,0,15,,7626,35,,,0,15,,6014,35,,,0,70,,7615,35,,,0,75,,7618,35,,,0,39,,7622,35,,,0,70,,8514,35,,,0,100,,8515,35,,,0,100,,8513,35,,,0,98,,7621,35,,,0,100,,7623,35,,,0,102,,7625,35,,,0,103,,7629,35,,,0
900,'5475',651,,10379,35,,,0,72,,10380,35,,,0,34,,10381,35,,,0,59,,10382,35,,,0,16,,10383,35,,,0,16,,10384,35,,,0,53,,10385,35,,,0,10,,10386,35,,,0,7,,10387,35,,,0,10,,10388,35,,,0,14,,10389,35,,,0,15,,10390,35,,,0,55,,10391,35,,,0,15,,10392,35,,,0,15,,10393,35,,,0,16,,10394,35,,,0,55,,10395,35,,,0,16,,10396,35,,,0,16,,10397,35,,,0,56,,10398,35,,,0,14,,10399,35,,,0,15,,10400,35,,,0,15,,10401,35,,,0,56,,10402,35,,,0,14,,10403,35,,,0,15,,10404,35,,,0,16,,10405,35,,,0,55,,10406,35,,,0,15,,10407,35,,,0,16,,10408,35,,,0,16,,10409,35,,,0,54,,10410,35,,,0,18,,10411,35,,,0,14,,10412,35,,,0,15,,10413,35,,,0,57,,10414,35,,,0,7,,10415,35,,,0,8,,10416,35,,,0,16,,10417,35,,,0,14,,10418,35,,,0,55,,10419,35,,,0,17,,10420,35,,,0,15,,10421,35,,,0,11,,10422,35,,,0,7,,10423,35,,,0,46,,10424,35,,,0,13,,10425,35,,,0,15,,10426,35,,,0,12,,10427,35,,,0,12,,10428,35,,,0,55,,10429,35,,,0,15,,10430,35,,,0,15,,10431,35,,,0,14,,10432,35,,,0,55,,10433,35,,,0,16,,10434,35,,,0,14,,10435,35,,,0,15,,10436,35,,,0,60,,10437,35,,,0,20,,10438,35,,,0,73,,10439,35,,,0,30,,10440,35,,,0,64,,10441,35,,,0,32,,10442,35,,,0,25,,10443,35,,,0,71,,10444,35,,,0,26,,10445,35,,,0,70,,10378,35,,,0
900,'5518',749,,10446,35,,,0,70,,10448,35,,,0,31,,10447,35,,,0,70,,10449,35,,,0,30,,10451,35,,,0,71,,10450,35,,,0,31,,10452,35,,,0,70,,10454,35,,,0,30,,10455,35,,,0,71,,10453,35,,,0,30,,10456,35,,,0,71,,10457,35,,,0,30,,10460,35,,,0,71,,10459,35,,,0,30,,10461,35,,,0,70,,10458,35,,,0,31,,10472,35,,,0,70,,10462,35,,,0,30,,10464,35,,,0,69,,10463,35,,,0,30,,10465,35,,,0,69,,10466,35,,,0,30,,10477,35,,,0,70,,10471,35,,,0,29,,10467,35,,,0,68,,10468,35,,,0,30,,10469,35,,,0,70,,10470,35,,,0,29,,10476,35,,,0,70,,10473,35,,,0,29,,10474,35,,,0,68,,10475,35,,,0,30,,10478,35,,,0,70,,10479,35,,,0
900,'5520',651,,10481,35,,,0,72,,10482,35,,,0,34,,10483,35,,,0,59,,10484,35,,,0,16,,10485,35,,,0,16,,10486,35,,,0,53,,10487,35,,,0,10,,10488,35,,,0,7,,10489,35,,,0,10,,10490,35,,,0,14,,10491,35,,,0,15,,10492,35,,,0,55,,10493,35,,,0,15,,10494,35,,,0,15,,10495,35,,,0,16,,10496,35,,,0,55,,10497,35,,,0,16,,10498,35,,,0,16,,10499,35,,,0,56,,10500,35,,,0,14,,10501,35,,,0,15,,10502,35,,,0,15,,10503,35,,,0,56,,10504,35,,,0,14,,10505,35,,,0,15,,10506,35,,,0,16,,10507,35,,,0,55,,10508,35,,,0,15,,10509,35,,,0,16,,10510,35,,,0,16,,10511,35,,,0,54,,10512,35,,,0,18,,10513,35,,,0,14,,10514,35,,,0,15,,10515,35,,,0,57,,10516,35,,,0,7,,10517,35,,,0,8,,10518,35,,,0,16,,10519,35,,,0,14,,10520,35,,,0,55,,10521,35,,,0,17,,10522,35,,,0,15,,10523,35,,,0,11,,10524,35,,,0,7,,10525,35,,,0,46,,10526,35,,,0,13,,10527,35,,,0,15,,10528,35,,,0,12,,10529,35,,,0,12,,10530,35,,,0,55,,10531,35,,,0,15,,10532,35,,,0,15,,10533,35,,,0,14,,10534,35,,,0,55,,10535,35,,,0,16,,10536,35,,,0,14,,10537,35,,,0,15,,10538,35,,,0,60,,10539,35,,,0,20,,10540,35,,,0,73,,10541,35,,,0,30,,10542,35,,,0,64,,10543,35,,,0,32,,10544,35,,,0,25,,10545,35,,,0,71,,10546,35,,,0,26,,10547,35,,,0,70,,10480,35,,,0
900,'5526',647,,10587,35,,,0,70,,10588,35,,,0,33,,10576,35,,,0,70,,10549,35,,,0,33,,10550,35,,,0,70,,10551,35,,,0,32,,10548,35,,,0,72,,10553,35,,,0,29,,10555,35,,,0,69,,10552,35,,,0,15,,10580,35,,,0,15,,10556,35,,,0,55,,10584,35,,,0,15,,10554,35,,,0,33,,10558,35,,,0,71,,10559,35,,,0,30,,10557,35,,,0,72,,10560,35,,,0,70,,10561,35,,,0,11,,10578,35,,,0,15,,10563,35,,,0,15,,10582,35,,,0,15,,10564,35,,,0,55,,10579,35,,,0,15,,10562,35,,,0,15,,10581,35,,,0,15,,10566,35,,,0,55,,10585,35,,,0,15,,10567,35,,,0,15,,10583,35,,,0,15,,10568,35,,,0,70,,10565,35,,,0,75,,10570,35,,,0,39,,10574,35,,,0,70,,10571,35,,,0,100,,10572,35,,,0,100,,10569,35,,,0,98,,10573,35,,,0,100,,10575,35,,,0,102,,10577,35,,,0,103,,10586,35,,,0
