901,'4532',604,,7750,6,,,0,30,,6173,6,,,0,70,,7743,6,,,0,30,,6156,6,,,0,70,,7724,6,,,0,30,,8579,6,,,0,71,,8577,6,,,0,30,,6135,6,,,0,70,,8578,6,,,0,30,,8580,6,,,0,15,,6166,6,,,0,55,,7729,6,,,0,15,,8588,6,,,0,15,,8582,6,,,0,70,,6143,6,,,0,30,,7732,6,,,0,70,,8581,6,,,0,30,,6145,6,,,0,70,,6146,6,,,0,15,,6171,6,,,0,15,,8583,6,,,0,15,,6168,6,,,0,55,,7735,6,,,0,15,,6170,6,,,0,15,,8584,6,,,0,15,,6165,6,,,0,55,,6153,6,,,0,15,,7748,6,,,0,15,,7734,6,,,0,15,,7749,6,,,0,55,,6147,6,,,0,30,,7736,6,,,0,75,,7738,6,,,0,40,,7745,6,,,0,70,,8585,6,,,0,100,,8586,6,,,0,100,,8587,6,,,0,100,,7739,6,,,0,105,,7744,6,,,0,104,,7746,6,,,0,105,,7751,6,,,0
901,'5475',604,,10589,6,,,0,30,,10590,6,,,0,71,,10591,6,,,0,15,,10592,6,,,0,15,,10593,6,,,0,15,,10594,6,,,0,55,,10595,6,,,0,15,,10596,6,,,0,7,,10597,6,,,0,10,,10598,6,,,0,13,,10599,6,,,0,55,,10600,6,,,0,15,,10601,6,,,0,15,,10602,6,,,0,15,,10603,6,,,0,55,,10604,6,,,0,15,,10605,6,,,0,15,,10606,6,,,0,15,,10607,6,,,0,56,,10608,6,,,0,15,,10609,6,,,0,15,,10610,6,,,0,15,,10611,6,,,0,55,,10612,6,,,0,15,,10613,6,,,0,14,,10614,6,,,0,16,,10615,6,,,0,55,,10616,6,,,0,15,,10617,6,,,0,15,,10618,6,,,0,15,,10619,6,,,0,54,,10620,6,,,0,16,,10621,6,,,0,14,,10622,6,,,0,15,,10623,6,,,0,56,,10624,6,,,0,7,,10625,6,,,0,8,,10626,6,,,0,15,,10627,6,,,0,14,,10628,6,,,0,55,,10629,6,,,0,16,,10630,6,,,0,15,,10631,6,,,0,15,,10632,6,,,0,8,,10633,6,,,0,47,,10634,6,,,0,14,,10635,6,,,0,15,,10636,6,,,0,15,,10637,6,,,0,55,,10638,6,,,0,15,,10639,6,,,0,15,,10640,6,,,0,15,,10641,6,,,0,54,,10642,6,,,0,15,,10643,6,,,0,16,,10644,6,,,0,14,,10645,6,,,0,55,,10646,6,,,0,20,,10647,6,,,0,20,,10648,6,,,0,74,,10649,6,,,0,30,,10650,6,,,0,67,,10651,6,,,0,33,,10652,6,,,0,67,,10653,6,,,0,33,,10654,6,,,0,68,,10655,6,,,0,30,,10656,6,,,0
901,'5518',704,,10657,6,,,0,30,,10660,6,,,0,70,,10658,6,,,0,30,,10659,6,,,0,70,,10664,6,,,0,30,,10661,6,,,0,70,,10663,6,,,0,30,,10662,6,,,0,70,,10667,6,,,0,30,,10665,6,,,0,70,,10666,6,,,0,30,,10671,6,,,0,70,,10669,6,,,0,30,,10672,6,,,0,70,,10668,6,,,0,30,,10670,6,,,0,71,,10684,6,,,0,30,,10674,6,,,0,70,,10675,6,,,0,29,,10673,6,,,0,70,,10676,6,,,0,30,,10677,6,,,0,70,,10689,6,,,0,30,,10681,6,,,0,70,,10678,6,,,0,30,,10680,6,,,0,70,,10679,6,,,0,30,,10682,6,,,0,70,,10688,6,,,0,30,,10683,6,,,0,70,,10685,6,,,0,30,,10686,6,,,0,70,,10687,6,,,0,30,,10690,6,,,0
901,'5520',604,,10691,6,,,0,30,,10692,6,,,0,71,,10693,6,,,0,15,,10694,6,,,0,15,,10695,6,,,0,15,,10696,6,,,0,55,,10697,6,,,0,15,,10698,6,,,0,7,,10699,6,,,0,10,,10700,6,,,0,13,,10701,6,,,0,55,,10702,6,,,0,15,,10703,6,,,0,15,,10704,6,,,0,15,,10705,6,,,0,55,,10706,6,,,0,15,,10707,6,,,0,15,,10708,6,,,0,15,,10709,6,,,0,56,,10710,6,,,0,15,,10711,6,,,0,15,,10712,6,,,0,15,,10713,6,,,0,55,,10714,6,,,0,15,,10715,6,,,0,14,,10716,6,,,0,16,,10717,6,,,0,55,,10718,6,,,0,15,,10719,6,,,0,15,,10720,6,,,0,15,,10721,6,,,0,54,,10722,6,,,0,16,,10723,6,,,0,14,,10724,6,,,0,15,,10725,6,,,0,56,,10726,6,,,0,7,,10727,6,,,0,8,,10728,6,,,0,15,,10729,6,,,0,14,,10730,6,,,0,55,,10731,6,,,0,16,,10732,6,,,0,15,,10733,6,,,0,15,,10734,6,,,0,8,,10735,6,,,0,47,,10736,6,,,0,14,,10737,6,,,0,15,,10738,6,,,0,15,,10739,6,,,0,55,,10740,6,,,0,15,,10741,6,,,0,15,,10742,6,,,0,15,,10743,6,,,0,54,,10744,6,,,0,15,,10745,6,,,0,16,,10746,6,,,0,14,,10747,6,,,0,55,,10748,6,,,0,20,,10749,6,,,0,20,,10750,6,,,0,74,,10751,6,,,0,30,,10752,6,,,0,67,,10753,6,,,0,33,,10754,6,,,0,67,,10755,6,,,0,33,,10756,6,,,0,68,,10757,6,,,0,30,,10758,6,,,0
901,'5526',604,,10797,6,,,0,30,,10798,6,,,0,70,,10785,6,,,0,30,,10781,6,,,0,70,,10759,6,,,0,30,,10763,6,,,0,71,,10761,6,,,0,30,,10760,6,,,0,70,,10762,6,,,0,30,,10764,6,,,0,15,,10791,6,,,0,55,,10765,6,,,0,15,,10789,6,,,0,15,,10767,6,,,0,70,,10768,6,,,0,30,,10769,6,,,0,70,,10766,6,,,0,30,,10770,6,,,0,70,,10771,6,,,0,15,,10796,6,,,0,15,,10773,6,,,0,15,,10793,6,,,0,55,,10775,6,,,0,15,,10795,6,,,0,15,,10777,6,,,0,15,,10790,6,,,0,55,,10778,6,,,0,15,,10792,6,,,0,15,,10774,6,,,0,15,,10794,6,,,0,55,,10772,6,,,0,30,,10776,6,,,0,75,,10779,6,,,0,40,,10787,6,,,0,70,,10782,6,,,0,100,,10783,6,,,0,100,,10784,6,,,0,100,,10780,6,,,0,105,,10786,6,,,0,104,,10788,6,,,0,105,,10799,6,,,0
1600,'5475',707,,11105,29,,,0
1600,'5520',707,,11134,29,,,0
7001,'5475',1513,,11458,4,,,0
7001,'5520',1513,,11459,4,,,0
7301,'5475',1513,,11466,4,,,0
7301,'5520',1513,,11467,4,,,0
7701,'5475',1529,,11475,4,,,0
7701,'5520',1529,,11476,4,,,0
