300,'4532',726,,8214,27,,,0,30,,8213,27,,,0,77,,5240,27,,,0,76,,6907,27,,,0,30,,6908,27,,,0,71,,6906,27,,,0,30,,6905,27,,,0,70,,8215,27,,,0,30,,6910,27,,,0,70,,6912,27,,,0,31,,8216,27,,,0,70,,8219,27,,,0,30,,5252,27,,,0,70,,8218,27,,,0,30,,6917,27,,,0,71,,5255,27,,,0,30,,6916,27,,,0,70,,5257,27,,,0,30,,8217,27,,,0,69,,5258,27,,,0,30,,6918,27,,,0,70,,6920,27,,,0,35,,8221,27,,,0,64,,8222,27,,,0,45,,8223,27,,,0,145,,8225,27,,,0,105,,8226,27,,,0,103,,8220,27,,,0,98,,8224,27,,,0
300,'5475',636,,9331,27,,,0,22,,9318,27,,,0,60,,9311,27,,,0,9,,9312,27,,,0,16,,9306,27,,,0,59,,9334,27,,,0,18,,9320,27,,,0,15,,9323,27,,,0,19,,9324,27,,,0,59,,9316,27,,,0,31,,9317,27,,,0,70,,9319,27,,,0,31,,9341,27,,,0,70,,9326,27,,,0,30,,9314,27,,,0,71,,9328,27,,,0,30,,9340,27,,,0,70,,9302,27,,,0,31,,9325,27,,,0,72,,9303,27,,,0,33,,9335,27,,,0,55,,9313,27,,,0,15,,9321,27,,,0,10,,9342,27,,,0,4,,9344,27,,,0,14,,9305,27,,,0,52,,9304,27,,,0,15,,9332,27,,,0,15,,9308,27,,,0,15,,9310,27,,,0,55,,9339,27,,,0,14,,9322,27,,,0,14,,9301,27,,,0,14,,9307,27,,,0,15,,9330,27,,,0,55,,9309,27,,,0,28,,9338,27,,,0,69,,9329,27,,,0,30,,9343,27,,,0,70,,9327,27,,,0,99,,9337,27,,,0,99,,9333,27,,,0,100,,9336,27,,,0,95,,9300,27,0,17 18 19,0,101,,9345,27,,,0
300,'5518',812,,9346,27,,,0,93,,9348,27,,,0,100,,9347,27,,,0,101,,9353,27,,,0,104,,9349,27,,,0,100,,9355,27,,,0,100,,9350,27,,,0,100,,9351,27,,,0,100,,9356,27,,,0,99,,9352,27,,,0,97,,9358,27,,,0,98,,9354,27,,,0,106,,9357,27,,,0,99,,9359,27,,,0,100,,9360,27,0,17 18 19,0
300,'5520',636,,9392,27,,,0,22,,9379,27,,,0,60,,9372,27,,,0,9,,9373,27,,,0,16,,9367,27,,,0,59,,9395,27,,,0,18,,9381,27,,,0,15,,9384,27,,,0,19,,9385,27,,,0,59,,9377,27,,,0,31,,9378,27,,,0,70,,9380,27,,,0,31,,9402,27,,,0,70,,9387,27,,,0,30,,9375,27,,,0,71,,9389,27,,,0,30,,9401,27,,,0,70,,9363,27,,,0,31,,9386,27,,,0,72,,9364,27,,,0,33,,9396,27,,,0,55,,9374,27,,,0,15,,9382,27,,,0,10,,9403,27,,,0,4,,9405,27,,,0,14,,9366,27,,,0,52,,9365,27,,,0,15,,9393,27,,,0,15,,9369,27,,,0,15,,9371,27,,,0,55,,9400,27,,,0,14,,9383,27,,,0,14,,9362,27,,,0,14,,9368,27,,,0,15,,9391,27,,,0,55,,9370,27,,,0,28,,9399,27,,,0,69,,9390,27,,,0,30,,9404,27,,,0,70,,9388,27,,,0,99,,9398,27,,,0,99,,9394,27,,,0,100,,9397,27,,,0,95,,9361,27,0,17 18 19,0
300,'5526',726,,9407,27,,,0,30,,9406,27,,,0,77,,9408,27,,,0,76,,9411,27,,,0,30,,9412,27,,,0,71,,9410,27,,,0,30,,9409,27,,,0,70,,9413,27,,,0,30,,9414,27,,,0,70,,9416,27,,,0,31,,9415,27,,,0,70,,9419,27,,,0,30,,9420,27,,,0,70,,9418,27,,,0,30,,9422,27,,,0,71,,9423,27,,,0,30,,9421,27,,,0,70,,9425,27,,,0,30,,9417,27,,,0,69,,9426,27,,,0,30,,9424,27,,,0,70,,9428,27,,,0,35,,9429,27,,,0,64,,9430,27,,,0,45,,9431,27,,,0,145,,9433,27,,,0,105,,9434,27,,,0,103,,9427,27,,,0,98,,9432,27,,,0
1300,'4532',756,,6229,21,,,0,102,,6230,21,,,0,145,,6228,21,,,0,100,,6231,21,,,0,102,,6232,21,,,0,197,,6235,21,,,0,147,,6236,21,,,0,100,,6233,21,,,0,98,,6237,21,,,0,100,,6238,21,,,0,99,,6234,21,,,0,99,,6239,21,,,0
1300,'5475',719,,10924,21,,,0,135,,10926,21,,,0,148,,10928,21,,,0,100,,10927,21,,,0,100,,10929,21,,,0,214,,10925,21,,,0,108,,10930,21,,,0,108,,10931,21,,,0,108,,10932,21,,,0,105,,10933,21,,,0,105,,10934,21,,,0,592,,10935,21,,,0
1300,'5518',845,,10937,21,,,0,363,,10938,21,,,0,325,,10936,21,,,0,271,,10939,21,,,0
1300,'5520',719,,10940,21,,,0,135,,10942,21,,,0,148,,10944,21,,,0,100,,10943,21,,,0,100,,10945,21,,,0,214,,10941,21,,,0,108,,10946,21,,,0,108,,10947,21,,,0,108,,10948,21,,,0,105,,10949,21,,,0,105,,10950,21,,,0
1300,'5526',756,,10952,21,,,0,102,,10953,21,,,0,145,,10951,21,,,0,100,,10954,21,,,0,102,,10955,21,,,0,197,,10958,21,,,0,147,,10959,21,,,0,100,,10956,21,,,0,98,,10960,21,,,0,100,,10961,21,,,0,99,,10957,21,,,0,99,,10962,21,,,0
1400,'4532',809,,8658,17,,,0,135,,8660,17,,,0,95,,7811,17,,,0,101,,7808,17,,,0,100,,6289,17,,,0,100,,8661,17,,,0,105,,6291,17,,,0,213,,6292,17,,,0,246,,8659,17,,,0,100,,7810,17,,,0
1400,'5475',622,,11006,17,,,0,31,,11005,17,,,0,88,,10998,17,,,0,87,,11000,60,0,7 8 2 9 2 10,0,22,,11003,17,,,0,91,,11001,17,,,0,114,,10999,17,,,0,185,,11007,17,,,0,372,,11008,17,,,0,39,,11009,17,,,0,75,,11010,17,,,0,79,,11011,17,,,0,105,,11004,17,,,0,114,,11012,17,,,0,30,,11013,17,,,0,365,,11015,17,,,0,29,,11014,17,,,0
1400,'5518',914,,11017,17,,,0,200,,11016,17,,,0,130,,11021,17,,,0,95,,11018,17,,,0,100,,11019,17,,,0,170,,11020,17,,,0,225,,11022,17,,,0
1400,'5520',622,,11031,17,,,0,31,,11030,17,,,0,88,,11023,17,,,0,87,,11025,60,0,7 8 2 9 2 10,0,22,,11028,17,,,0,91,,11026,17,,,0,114,,11024,17,,,0,185,,11032,17,,,0,372,,11033,17,,,0,39,,11034,17,,,0,75,,11035,17,,,0,79,,11036,17,,,0,105,,11029,17,,,0,114,,11037,17,,,0,30,,11038,17,,,0
1400,'5526',809,,11039,17,,,0,135,,11042,17,,,0,95,,11048,17,,,0,101,,11045,17,,,0,100,,11041,17,,,0,100,,11046,17,,,0,105,,11043,17,,,0,213,,11044,17,,,0,246,,11040,17,,,0,100,,11047,17,,,0
8100,'5475',820,,11489,70,,,0
8100,'5520',820,,11490,70,,,0
8101,'5475',1549,,11491,53,,,0
8101,'5522',1549,,11492,53,,,0
8101,'5525',1443,,11493,53,,,0
