300,'4532',715,,8214,8,,,0,30,,8213,8,,,0,76,,5240,8,,,0,36,,6907,8,,,0,70,,6908,8,,,0,31,,6906,8,,,0,70,,6905,8,,,0,30,,8215,8,,,0,70,,6910,8,,,0,30,,6912,8,,,0,71,,8216,8,,,0,30,,8219,8,,,0,70,,5252,8,,,0,30,,8218,8,,,0,70,,6917,8,,,0,71,,5255,8,,,0,30,,6916,8,,,0,70,,5257,8,,,0,30,,8217,8,,,0,70,,5258,8,,,0,30,,6918,8,,,0,70,,6920,8,,,0,35,,8221,8,,,0,24,,8222,8,,,0,85,,8223,8,,,0,105,,8225,8,,,0,105,,8226,8,,,0,103,,8220,8,,,0,99,,8224,8,,,0
300,'5475',625,,9331,8,,,0,22,,9318,8,,,0,60,,9311,8,,,0,9,,9312,8,,,0,15,,9306,8,,,0,18,,9334,8,,,0,58,,9320,8,,,0,16,,9323,8,,,0,19,,9324,8,,,0,59,,9316,8,,,0,30,,9317,8,,,0,70,,9319,8,,,0,31,,9341,8,,,0,70,,9326,8,,,0,30,,9314,8,,,0,71,,9328,8,,,0,30,,9340,8,,,0,70,,9302,8,,,0,31,,9325,8,,,0,70,,9303,8,,,0,33,,9335,8,,,0,15,,9313,8,,,0,55,,9321,8,,,0,10,,9342,8,,,0,5,,9344,8,,,0,15,,9305,8,,,0,13,,9304,8,,,0,55,,9332,8,,,0,15,,9308,8,,,0,15,,9310,8,,,0,15,,9339,8,,,0,54,,9322,8,,,0,14,,9301,8,,,0,14,,9307,8,,,0,15,,9330,8,,,0,55,,9309,8,,,0,29,,9338,8,,,0,69,,9329,8,,,0,30,,9343,8,,,0,70,,9327,8,,,0,59,,9337,8,,,0,99,,9333,8,,,0,100,,9336,8,,,0,96,,9300,8,0,17 18 19,0,100,,9345,8,,,0
300,'5518',800,,9346,8,,,0,53,,9348,8,,,0,100,,9347,8,,,0,101,,9353,8,,,0,103,,9349,8,,,0,100,,9355,8,,,0,100,,9350,8,,,0,100,,9351,8,,,0,100,,9356,8,,,0,100,,9352,8,,,0,98,,9358,8,,,0,98,,9354,8,,,0,106,,9357,8,,,0,99,,9359,8,,,0,100,,9360,8,0,17 18 19,0
300,'5520',625,,9392,8,,,0,22,,9379,8,,,0,60,,9372,8,,,0,9,,9373,8,,,0,15,,9367,8,,,0,18,,9395,8,,,0,58,,9381,8,,,0,16,,9384,8,,,0,19,,9385,8,,,0,59,,9377,8,,,0,30,,9378,8,,,0,70,,9380,8,,,0,31,,9402,8,,,0,70,,9387,8,,,0,30,,9375,8,,,0,71,,9389,8,,,0,30,,9401,8,,,0,70,,9363,8,,,0,31,,9386,8,,,0,70,,9364,8,,,0,33,,9396,8,,,0,15,,9374,8,,,0,55,,9382,8,,,0,10,,9403,8,,,0,5,,9405,8,,,0,15,,9366,8,,,0,13,,9365,8,,,0,55,,9393,8,,,0,15,,9369,8,,,0,15,,9371,8,,,0,15,,9400,8,,,0,54,,9383,8,,,0,14,,9362,8,,,0,14,,9368,8,,,0,15,,9391,8,,,0,55,,9370,8,,,0,29,,9399,8,,,0,69,,9390,8,,,0,30,,9404,8,,,0,70,,9388,8,,,0,59,,9398,8,,,0,99,,9394,8,,,0,100,,9397,8,,,0,96,,9361,8,0,17 18 19,0
300,'5526',715,,9407,8,,,0,30,,9406,8,,,0,76,,9408,8,,,0,36,,9411,8,,,0,70,,9412,8,,,0,31,,9410,8,,,0,70,,9409,8,,,0,30,,9413,8,,,0,70,,9414,8,,,0,30,,9416,8,,,0,71,,9415,8,,,0,30,,9419,8,,,0,70,,9420,8,,,0,30,,9418,8,,,0,70,,9422,8,,,0,71,,9423,8,,,0,30,,9421,8,,,0,70,,9425,8,,,0,30,,9417,8,,,0,70,,9426,8,,,0,30,,9424,8,,,0,70,,9428,8,,,0,35,,9429,8,,,0,24,,9430,8,,,0,85,,9431,8,,,0,105,,9433,8,,,0,105,,9434,8,,,0,103,,9427,8,,,0,99,,9432,8,,,0
1400,'5475',817,,11000,41,0,7 8 2 9 2 10,0
1400,'5520',817,,11025,41,0,7 8 2 9 2 10,0
8100,'5475',812,,11489,51,,,0
8100,'5520',812,,11490,51,,,0
8101,'5475',1522,,11491,13,,,0
8101,'5522',1522,,11492,13,,,0
8101,'5525',1416,,11493,13,,,0
