401,'4532',804,,7104,5,,,0,25,,7105,5,,,0,25,,7107,5,,,0,65,,7106,5,,,0,25,,7108,5,,,0,65,,7110,5,,,0,25,,7111,5,,,0,66,,7112,5,,,0,25,,7109,5,,,0,26,,7114,5,,,0,66,,7116,5,,,0,28,,8295,5,,,0,67,,7115,5,,,0,28,,8296,5,,,0,67,,7119,5,,,0,30,,8299,5,,,0,67,,7123,5,,,0,29,,8298,5,,,0,67,,7124,5,,,0,26,,8300,5,,,0,27,,7120,5,,,0,67,,8297,5,,,0,27,,7126,5,,,0,67,,8301,5,,,0,35,,7127,5,,,0,100,,7129,5,,,0,100,,7130,5,,,0,100,,7131,5,,,0,100,,8302,5,,,0
401,'5475',610,,9669,5,,,0,25,,9673,5,,,0,87,,9671,5,,,0,30,,9675,5,,,0,70,,9672,5,,,0,30,,9676,5,,,0,70,,9697,5,,,0,30,,9670,5,,,0,70,,9679,5,,,0,30,,9680,5,,,0,71,,9678,5,,,0,30,,9677,5,,,0,70,,9686,5,,,0,30,,9698,5,,,0,70,,9685,5,,,0,30,,9674,5,,,0,70,,9695,5,,,0,30,,9684,5,,,0,61,,9699,5,,,0,10,,9694,5,,,0,30,,9691,5,,,0,52,,9700,5,,,0,18,,9682,5,,,0,30,,9681,5,,,0,69,,9690,5,,,0,30,,9683,5,,,0,69,,9692,5,,,0,97,,9693,5,,,0,97,,9688,5,,,0,100,,9687,5,,,0,100,,9689,5,,,0,118,,9696,5,,,0,15,,9701,5,,,0,110,,9702,5,,,0
401,'5518',817,,9706,5,,,0,117,,9703,5,,,0,120,,9704,5,,,0,160,,9705,5,,,0,94,,9709,5,,,0,126,,9707,5,,,0,167,,9708,5,,,0,125,,9710,5,,,0,120,,9711,5,,,0
401,'5520',610,,9712,5,,,0,25,,9716,5,,,0,87,,9714,5,,,0,30,,9718,5,,,0,70,,9715,5,,,0,30,,9719,5,,,0,70,,9740,5,,,0,30,,9713,5,,,0,70,,9722,5,,,0,30,,9723,5,,,0,71,,9721,5,,,0,30,,9720,5,,,0,70,,9729,5,,,0,30,,9741,5,,,0,70,,9728,5,,,0,30,,9717,5,,,0,70,,9738,5,,,0,30,,9727,5,,,0,61,,9742,5,,,0,10,,9737,5,,,0,30,,9734,5,,,0,52,,9743,5,,,0,18,,9725,5,,,0,30,,9724,5,,,0,69,,9733,5,,,0,30,,9726,5,,,0,69,,9735,5,,,0,97,,9736,5,,,0,97,,9731,5,,,0,100,,9730,5,,,0,100,,9732,5,,,0,118,,9739,5,,,0
401,'5526',804,,9744,5,,,0,25,,9745,5,,,0,25,,9747,5,,,0,65,,9746,5,,,0,25,,9748,5,,,0,65,,9750,5,,,0,25,,9751,5,,,0,66,,9752,5,,,0,25,,9749,5,,,0,26,,9754,5,,,0,66,,9756,5,,,0,28,,9753,5,,,0,67,,9755,5,,,0,28,,9757,5,,,0,67,,9759,5,,,0,30,,9762,5,,,0,67,,9763,5,,,0,29,,9761,5,,,0,67,,9764,5,,,0,26,,9765,5,,,0,27,,9760,5,,,0,67,,9758,5,,,0,27,,9766,5,,,0,67,,9768,5,,,0,35,,9767,5,,,0,100,,9769,5,,,0,100,,9770,5,,,0,100,,9771,5,,,0,100,,9772,5,,,0
901,'4532',613,,7750,17,,,0,30,,6173,17,,,0,72,,7743,17,,,0,30,,6156,17,,,0,71,,7724,17,,,0,30,,8579,17,,,0,72,,8577,17,,,0,30,,6135,17,,,0,70,,8578,17,,,0,29,,8580,17,,,0,55,,6166,17,,,0,15,,7729,17,,,0,15,,8588,17,,,0,15,,8582,17,,,0,72,,6143,17,,,0,30,,7732,17,,,0,70,,8581,17,,,0,31,,6145,17,,,0,70,,6146,17,,,0,13,,6171,17,,,0,15,,8583,17,,,0,55,,6168,17,,,0,15,,7735,17,,,0,15,,6170,17,,,0,15,,8584,17,,,0,55,,6165,17,,,0,15,,6153,17,,,0,15,,7748,17,,,0,15,,7734,17,,,0,55,,7749,17,,,0,15,,6147,17,,,0,30,,7736,17,,,0,75,,7738,17,,,0,80,,7745,17,,,0,30,,8585,17,,,0,100,,8586,17,,,0,100,,8587,17,,,0,99,,7739,17,,,0,104,,7744,17,,,0,103,,7746,17,,,0,103,,7751,17,,,0
901,'5475',613,,10589,17,,,0,31,,10590,17,,,0,71,,10591,17,,,0,16,,10592,17,,,0,16,,10593,17,,,0,57,,10594,17,,,0,15,,10595,17,,,0,14,,10596,17,,,0,7,,10597,17,,,0,9,,10598,17,,,0,53,,10599,17,,,0,15,,10600,17,,,0,15,,10601,17,,,0,15,,10602,17,,,0,55,,10603,17,,,0,15,,10604,17,,,0,15,,10605,17,,,0,15,,10606,17,,,0,55,,10607,17,,,0,16,,10608,17,,,0,15,,10609,17,,,0,15,,10610,17,,,0,55,,10611,17,,,0,15,,10612,17,,,0,15,,10613,17,,,0,15,,10614,17,,,0,56,,10615,17,,,0,15,,10616,17,,,0,15,,10617,17,,,0,15,,10618,17,,,0,55,,10619,17,,,0,14,,10620,17,,,0,16,,10621,17,,,0,14,,10622,17,,,0,55,,10623,17,,,0,17,,10624,17,,,0,7,,10625,17,,,0,8,,10626,17,,,0,16,,10627,17,,,0,54,,10628,17,,,0,15,,10629,17,,,0,16,,10630,17,,,0,15,,10631,17,,,0,55,,10632,17,,,0,8,,10633,17,,,0,6,,10634,17,,,0,14,,10635,17,,,0,15,,10636,17,,,0,55,,10637,17,,,0,13,,10638,17,,,0,15,,10639,17,,,0,15,,10640,17,,,0,55,,10641,17,,,0,14,,10642,17,,,0,15,,10643,17,,,0,16,,10644,17,,,0,54,,10645,17,,,0,15,,10646,17,,,0,20,,10647,17,,,0,20,,10648,17,,,0,74,,10649,17,,,0,70,,10650,17,,,0,26,,10651,17,,,0,33,,10652,17,,,0,67,,10653,17,,,0,32,,10654,17,,,0,66,,10655,17,,,0,30,,10656,17,,,0
901,'5518',714,,10657,17,,,0,30,,10660,17,,,0,70,,10658,17,,,0,30,,10659,17,,,0,70,,10664,17,,,0,31,,10661,17,,,0,70,,10663,17,,,0,30,,10662,17,,,0,70,,10667,17,,,0,31,,10665,17,,,0,70,,10666,17,,,0,31,,10671,17,,,0,70,,10669,17,,,0,30,,10672,17,,,0,70,,10668,17,,,0,30,,10670,17,,,0,71,,10684,17,,,0,30,,10674,17,,,0,70,,10675,17,,,0,29,,10673,17,,,0,70,,10676,17,,,0,30,,10677,17,,,0,70,,10689,17,,,0,30,,10681,17,,,0,70,,10678,17,,,0,28,,10680,17,,,0,70,,10679,17,,,0,30,,10682,17,,,0,70,,10688,17,,,0,30,,10683,17,,,0,70,,10685,17,,,0,29,,10686,17,,,0,70,,10687,17,,,0,30,,10690,17,,,0
901,'5520',613,,10691,17,,,0,31,,10692,17,,,0,71,,10693,17,,,0,16,,10694,17,,,0,16,,10695,17,,,0,57,,10696,17,,,0,15,,10697,17,,,0,14,,10698,17,,,0,7,,10699,17,,,0,9,,10700,17,,,0,53,,10701,17,,,0,15,,10702,17,,,0,15,,10703,17,,,0,15,,10704,17,,,0,55,,10705,17,,,0,15,,10706,17,,,0,15,,10707,17,,,0,15,,10708,17,,,0,55,,10709,17,,,0,16,,10710,17,,,0,15,,10711,17,,,0,15,,10712,17,,,0,55,,10713,17,,,0,15,,10714,17,,,0,15,,10715,17,,,0,15,,10716,17,,,0,56,,10717,17,,,0,15,,10718,17,,,0,15,,10719,17,,,0,15,,10720,17,,,0,55,,10721,17,,,0,14,,10722,17,,,0,16,,10723,17,,,0,14,,10724,17,,,0,55,,10725,17,,,0,17,,10726,17,,,0,7,,10727,17,,,0,8,,10728,17,,,0,16,,10729,17,,,0,54,,10730,17,,,0,15,,10731,17,,,0,16,,10732,17,,,0,15,,10733,17,,,0,55,,10734,17,,,0,8,,10735,17,,,0,6,,10736,17,,,0,14,,10737,17,,,0,15,,10738,17,,,0,55,,10739,17,,,0,13,,10740,17,,,0,15,,10741,17,,,0,15,,10742,17,,,0,55,,10743,17,,,0,14,,10744,17,,,0,15,,10745,17,,,0,16,,10746,17,,,0,54,,10747,17,,,0,15,,10748,17,,,0,20,,10749,17,,,0,20,,10750,17,,,0,74,,10751,17,,,0,70,,10752,17,,,0,26,,10753,17,,,0,33,,10754,17,,,0,67,,10755,17,,,0,32,,10756,17,,,0,66,,10757,17,,,0,30,,10758,17,,,0
901,'5526',613,,10797,17,,,0,30,,10798,17,,,0,72,,10785,17,,,0,30,,10781,17,,,0,71,,10759,17,,,0,30,,10763,17,,,0,72,,10761,17,,,0,30,,10760,17,,,0,70,,10762,17,,,0,29,,10764,17,,,0,55,,10791,17,,,0,15,,10765,17,,,0,15,,10789,17,,,0,15,,10767,17,,,0,72,,10768,17,,,0,30,,10769,17,,,0,70,,10766,17,,,0,31,,10770,17,,,0,70,,10771,17,,,0,13,,10796,17,,,0,15,,10773,17,,,0,55,,10793,17,,,0,15,,10775,17,,,0,15,,10795,17,,,0,15,,10777,17,,,0,55,,10790,17,,,0,15,,10778,17,,,0,15,,10792,17,,,0,15,,10774,17,,,0,55,,10794,17,,,0,15,,10772,17,,,0,30,,10776,17,,,0,75,,10779,17,,,0,80,,10787,17,,,0,30,,10782,17,,,0,100,,10783,17,,,0,100,,10784,17,,,0,99,,10780,17,,,0,104,,10786,17,,,0,103,,10788,17,,,0,103,,10799,17,,,0
7401,'5475',1525,,11468,1,,,0
7401,'5522',1525,,11469,1,,,0
7401,'5525',1425,,11470,1,,,0
