1700,'4532',748,,7915,14,,,0,103,,8714,14,,,0,90,,7917,14,,,0,171,,7918,14,,,0
1700,'5475',639,,11214,14,,,0,65,,11222,14,,,0,99,,11221,14,,,0,50,,11226,14,,,0,99,,11213,14,,,0,100,,11217,14,,,0,100,,11212,14,,,0,768,,11227,14,,,0
1700,'5518',855,,11232,14,,,0,100,,11233,14,,,0,198,,11235,13,,,0
1700,'5520',639,,11244,14,,,0,65,,11252,14,,,0,99,,11251,14,,,0,50,,11256,14,,,0,99,,11243,14,,,0,100,,11247,14,,,0,100,,11242,14,,,0,768,,11257,14,,,0
1700,'5526',748,,11260,14,,,0,103,,11261,14,,,0,90,,11262,14,,,0,171,,11263,14,,,0
1701,'4532',1220,,7960,26,0,15 1 16,0,100,,7961,26,0,15 1 16,0,130,,7958,26,0,15 1 16,0,170,,7962,26,0,15 1 16,0,105,,8731,26,0,15 1 16,0,99,,8733,26,0,13 14,0,105,,8734,26,0,13 14,0,105,,8735,26,0,13 14,0,110,,8732,26,0,13 14,0,159,,7968,26,0,13 14,0
1701,'5475',1222,,11276,26,0,15 1 16,0,101,,11279,26,0,15 1 16,0,110,,11281,26,0,15 1 16,0,93,,11284,26,0,15 1 16,0,109,,11289,26,0,15 1 16,0,98,,11285,26,0,15 1 16,0,104,,11288,26,0,15 1 16,0,119,,11286,26,0,13 14,0,99,,11280,26,0,13 14,0,155,,11277,26,0,13 14,0,114,,11290,26,0,13 14,0,78,,11291,26,0,13 14,0,108,,11292,26,0,13 14,0
1701,'5518',1550,,11297,26,0,13 14,0,200,,11299,26,0,15 1 16,0,100,,11301,26,0,13 14,0,170,,11302,26,0,13 14,0
1701,'5520',1222,,11305,26,0,15 1 16,0,101,,11308,26,0,15 1 16,0,110,,11310,26,0,15 1 16,0,93,,11313,26,0,15 1 16,0,109,,11318,26,0,15 1 16,0,98,,11314,26,0,15 1 16,0,104,,11317,26,0,15 1 16,0,119,,11315,26,0,13 14,0,99,,11309,26,0,13 14,0,155,,11306,26,0,13 14,0,114,,11319,26,0,13 14,0
1701,'5526',1220,,11325,26,0,15 1 16,0,100,,11326,26,0,15 1 16,0,130,,11323,26,0,15 1 16,0,170,,11327,26,0,15 1 16,0,105,,11328,26,0,15 1 16,0,99,,11330,26,0,13 14,0,105,,11331,26,0,13 14,0,105,,11332,26,0,13 14,0,110,,11329,26,0,13 14,0,159,,11333,26,0,13 14,0
