300,'4532',721,,8214,18,,,0,30,,8213,18,,,0,76,,5240,18,,,0,76,,6907,18,,,0,30,,6908,18,,,0,71,,6906,18,,,0,30,,6905,18,,,0,70,,8215,18,,,0,30,,6910,18,,,0,70,,6912,18,,,0,31,,8216,18,,,0,70,,8219,18,,,0,30,,5252,18,,,0,70,,8218,18,,,0,30,,6917,18,,,0,71,,5255,18,,,0,30,,6916,18,,,0,70,,5257,18,,,0,30,,8217,18,,,0,70,,5258,18,,,0,30,,6918,18,,,0,70,,6920,18,,,0,35,,8221,18,,,0,64,,8222,18,,,0,45,,8223,18,,,0,105,,8225,18,,,0,145,,8226,18,,,0,103,,8220,18,,,0,98,,8224,18,,,0
300,'5475',631,,9331,18,,,0,22,,9318,18,,,0,60,,9311,18,,,0,9,,9312,18,,,0,15,,9306,18,,,0,19,,9334,18,,,0,58,,9320,18,,,0,16,,9323,18,,,0,19,,9324,18,,,0,59,,9316,18,,,0,30,,9317,18,,,0,70,,9319,18,,,0,31,,9341,18,,,0,70,,9326,18,,,0,30,,9314,18,,,0,71,,9328,18,,,0,30,,9340,18,,,0,70,,9302,18,,,0,31,,9325,18,,,0,70,,9303,18,,,0,33,,9335,18,,,0,15,,9313,18,,,0,55,,9321,18,,,0,10,,9342,18,,,0,5,,9344,18,,,0,15,,9305,18,,,0,12,,9304,18,,,0,55,,9332,18,,,0,15,,9308,18,,,0,15,,9310,18,,,0,15,,9339,18,,,0,54,,9322,18,,,0,14,,9301,18,,,0,14,,9307,18,,,0,15,,9330,18,,,0,55,,9309,18,,,0,29,,9338,18,,,0,69,,9329,18,,,0,30,,9343,18,,,0,70,,9327,18,,,0,99,,9337,18,,,0,99,,9333,18,,,0,100,,9336,18,,,0,96,,9300,18,0,17 18 19,0,100,,9345,18,,,0
300,'5518',806,,9346,18,,,0,53,,9348,18,,,0,100,,9347,18,,,0,141,,9353,18,,,0,103,,9349,18,,,0,100,,9355,18,,,0,100,,9350,18,,,0,100,,9351,18,,,0,100,,9356,18,,,0,100,,9352,18,,,0,98,,9358,18,,,0,58,,9354,18,,,0,146,,9357,18,,,0,99,,9359,18,,,0,100,,9360,18,0,17 18 19,0
300,'5520',631,,9392,18,,,0,22,,9379,18,,,0,60,,9372,18,,,0,9,,9373,18,,,0,15,,9367,18,,,0,19,,9395,18,,,0,58,,9381,18,,,0,16,,9384,18,,,0,19,,9385,18,,,0,59,,9377,18,,,0,30,,9378,18,,,0,70,,9380,18,,,0,31,,9402,18,,,0,70,,9387,18,,,0,30,,9375,18,,,0,71,,9389,18,,,0,30,,9401,18,,,0,70,,9363,18,,,0,31,,9386,18,,,0,70,,9364,18,,,0,33,,9396,18,,,0,15,,9374,18,,,0,55,,9382,18,,,0,10,,9403,18,,,0,5,,9405,18,,,0,15,,9366,18,,,0,12,,9365,18,,,0,55,,9393,18,,,0,15,,9369,18,,,0,15,,9371,18,,,0,15,,9400,18,,,0,54,,9383,18,,,0,14,,9362,18,,,0,14,,9368,18,,,0,15,,9391,18,,,0,55,,9370,18,,,0,29,,9399,18,,,0,69,,9390,18,,,0,30,,9404,18,,,0,70,,9388,18,,,0,99,,9398,18,,,0,99,,9394,18,,,0,100,,9397,18,,,0,96,,9361,18,0,17 18 19,0
300,'5526',721,,9407,18,,,0,30,,9406,18,,,0,76,,9408,18,,,0,76,,9411,18,,,0,30,,9412,18,,,0,71,,9410,18,,,0,30,,9409,18,,,0,70,,9413,18,,,0,30,,9414,18,,,0,70,,9416,18,,,0,31,,9415,18,,,0,70,,9419,18,,,0,30,,9420,18,,,0,70,,9418,18,,,0,30,,9422,18,,,0,71,,9423,18,,,0,30,,9421,18,,,0,70,,9425,18,,,0,30,,9417,18,,,0,70,,9426,18,,,0,30,,9424,18,,,0,70,,9428,18,,,0,35,,9429,18,,,0,64,,9430,18,,,0,45,,9431,18,,,0,105,,9433,18,,,0,145,,9434,18,,,0,103,,9427,18,,,0,98,,9432,18,,,0
1400,'5475',823,,11000,51,0,7 8 2 9 2 10,0
1400,'5520',823,,11025,51,0,7 8 2 9 2 10,0
8100,'5475',818,,11489,61,,,0
8100,'5520',818,,11490,61,,,0
8101,'5475',1527,,11491,23,,,0
8101,'5522',1527,,11492,23,,,0
8101,'5525',1421,,11493,23,,,0
