101,'4532',622,,8128,4,,,0,30,,6729,4,,,0,70,,8126,4,,,0,25,,6731,4,,,0,60,,6725,4,,,0,15,,8130,4,,,0,15,,6705,4,,,0,15,,6733,4,,,0,55,,5016,4,,,0,30,,8117,4,,,0,70,,5018,4,,,0,30,,8118,4,,,0,70,,5020,4,,,0,30,,6708,4,,,0,70,,5022,4,,,0,30,,6709,4,,,0,70,,5024,4,,,0,30,,6710,4,,,0,70,,8119,4,,,0,30,,6712,4,,,0,70,,6713,4,,,0,30,,8120,4,,,0,15,,8131,4,,,0,55,,6716,4,,,0,15,,8132,4,,,0,15,,8121,4,,,0,15,,8133,4,,,0,55,,6718,4,,,0,15,,8134,4,,,0,15,,8122,4,,,0,15,,8135,4,,,0,55,,6720,4,,,0,30,,6714,4,,,0,85,,6721,4,,,0,100,,8123,4,,,0,105,,8124,4,,,0,105,,8125,4,,,0,105,,8127,4,,,0,100,,8129,4,,,0
101,'5475',602,,8926,4,,,0,30,,8927,4,,,0,70,,8928,4,,,0,15,,8933,4,,,0,15,,8930,4,,,0,15,,8929,4,,,0,55,,8932,4,,,0,15,,8931,4,,,0,15,,8934,4,,,0,15,,8935,4,,,0,55,,8972,4,,,0,20,,8936,4,,,0,21,,8976,4,,,0,60,,8970,4,,,0,30,,8939,4,,,0,70,,8969,4,,,0,30,,8937,4,,,0,70,,8938,4,,,0,30,,8940,4,,,0,70,,8942,4,,,0,30,,8943,4,,,0,70,,8968,4,,,0,20,,8944,4,,,0,20,,8971,4,,,0,60,,8941,4,,,0,15,,8947,4,,,0,15,,8948,4,,,0,15,,8946,4,,,0,55,,8973,4,,,0,15,,8945,4,,,0,15,,8950,4,,,0,15,,8951,4,,,0,55,,8949,4,,,0,15,,8953,4,,,0,15,,8974,4,,,0,15,,8954,4,,,0,55,,8952,4,,,0,20,,8955,4,,,0,19,,8956,4,,,0,65,,8975,4,,,0,30,,8957,4,,,0,70,,8958,4,,,0,30,,8959,4,,,0,70,,8960,4,,,0,30,,8961,4,,,0,70,,8963,4,,,0,30,,8962,4,,,0,70,,8964,4,,,0,30,,8965,4,,,0,70,,8966,4,,,0,30,,8967,4,,,0,98,,8977,4,,,0
101,'5518',702,,8978,4,,,0,30,,8979,4,,,0,70,,8982,4,,,0,30,,8981,4,,,0,70,,8980,4,,,0,30,,8986,4,,,0,70,,8983,4,,,0,30,,8985,4,,,0,70,,8984,4,,,0,30,,8997,4,,,0,70,,8987,4,,,0,30,,8988,4,,,0,70,,8989,4,,,0,30,,8990,4,,,0,70,,8991,4,,,0,30,,8996,4,,,0,70,,8992,4,,,0,30,,8993,4,,,0,70,,8995,4,,,0,30,,9006,4,,,0,70,,8994,4,,,0,30,,9008,4,,,0,75,,8999,4,,,0,25,,8998,4,,,0,70,,9000,4,,,0,30,,9009,4,,,0,70,,9004,4,,,0,30,,9001,4,,,0,70,,9003,4,,,0,30,,9002,4,,,0,70,,9005,4,,,0,30,,9010,4,,,0,78,,9007,4,,,0,22,,9011,4,,,0
101,'5520',602,,9012,4,,,0,30,,9013,4,,,0,70,,9014,4,,,0,15,,9019,4,,,0,15,,9016,4,,,0,15,,9015,4,,,0,55,,9018,4,,,0,15,,9017,4,,,0,15,,9020,4,,,0,15,,9021,4,,,0,55,,9058,4,,,0,20,,9022,4,,,0,21,,9062,4,,,0,60,,9056,4,,,0,30,,9025,4,,,0,70,,9055,4,,,0,30,,9023,4,,,0,70,,9024,4,,,0,30,,9026,4,,,0,70,,9028,4,,,0,30,,9029,4,,,0,70,,9054,4,,,0,20,,9030,4,,,0,20,,9057,4,,,0,60,,9027,4,,,0,15,,9033,4,,,0,15,,9034,4,,,0,15,,9032,4,,,0,55,,9059,4,,,0,15,,9031,4,,,0,15,,9036,4,,,0,15,,9037,4,,,0,55,,9035,4,,,0,15,,9039,4,,,0,15,,9060,4,,,0,15,,9040,4,,,0,55,,9038,4,,,0,20,,9041,4,,,0,19,,9042,4,,,0,65,,9061,4,,,0,30,,9043,4,,,0,70,,9044,4,,,0,30,,9045,4,,,0,70,,9046,4,,,0,30,,9047,4,,,0,70,,9049,4,,,0,30,,9048,4,,,0,70,,9050,4,,,0,30,,9051,4,,,0,70,,9052,4,,,0,30,,9053,4,,,0
101,'5526',622,,9091,4,,,0,30,,9092,4,,,0,70,,9089,4,,,0,25,,9094,4,,,0,60,,9088,4,,,0,15,,9095,4,,,0,15,,9063,4,,,0,15,,9096,4,,,0,55,,9064,4,,,0,30,,9065,4,,,0,70,,9066,4,,,0,30,,9067,4,,,0,70,,9068,4,,,0,30,,9069,4,,,0,70,,9070,4,,,0,30,,9071,4,,,0,70,,9072,4,,,0,30,,9073,4,,,0,70,,9074,4,,,0,30,,9075,4,,,0,70,,9076,4,,,0,30,,9078,4,,,0,15,,9097,4,,,0,55,,9079,4,,,0,15,,9098,4,,,0,15,,9080,4,,,0,15,,9099,4,,,0,55,,9081,4,,,0,15,,9100,4,,,0,15,,9082,4,,,0,15,,9101,4,,,0,55,,9083,4,,,0,30,,9077,4,,,0,85,,9084,4,,,0,100,,9085,4,,,0,105,,9086,4,,,0,105,,9087,4,,,0,105,,9090,4,,,0,100,,9093,4,,,0
201,'4532',837,,5164,4,,,0,100,,6841,4,,,0,100,,6844,4,,,0,100,,8192,4,,,0,100,,8193,4,,,0,100,,8191,4,,,0,100,,8189,4,,,0,70,,6851,4,,,0,30,,8194,4,,,0,70,,6850,4,,,0,30,,8190,4,,,0,70,,8195,4,,,0,30,,8196,4,,,0,90,,6852,4,,,0,80,,6854,4,,,0,51,,6855,4,,,0,94,,6853,4,,,0,100,,6856,4,,,0
201,'5475',732,,9219,4,,,0,15,,9218,4,,,0,55,,9221,4,,,0,30,,9217,4,,,0,70,,9223,4,,,0,30,,9224,4,,,0,70,,9220,4,,,0,30,,9225,4,,,0,70,,9226,4,,,0,30,,9227,4,,,0,70,,9228,4,,,0,30,,9229,4,,,0,70,,9230,4,,,0,29,,9233,4,,,0,70,,9231,4,,,0,31,,9232,4,,,0,70,,9234,4,,,0,41,,9207,4,,,0,70,,9203,4,,,0,30,,9211,4,,,0,69,,9205,4,,,0,30,,9202,4,,,0,75,,9212,4,,,0,40,,9206,4,,,0,70,,9209,4,,,0,75,,9213,4,,,0,25,,9210,4,,,0,30,,9204,4,,,0,70,,9208,4,,,0,225,,9235,4,,,0,100,,9236,4,,,0
201,'5518',822,,9237,4,,,0,110,,9238,4,,,0,100,,9239,4,,,0,100,,9241,4,,,0,105,,9240,4,,,0,95,,9243,4,,,0,100,,9242,4,,,0,100,,9246,4,,,0,105,,9248,4,,,0,100,,9247,4,,,0,166,,9244,4,,,0,100,,9245,4,,,0
201,'5520',732,,9266,4,,,0,15,,9265,4,,,0,55,,9268,4,,,0,30,,9264,4,,,0,70,,9270,4,,,0,30,,9271,4,,,0,70,,9267,4,,,0,30,,9272,4,,,0,70,,9273,4,,,0,30,,9274,4,,,0,70,,9275,4,,,0,30,,9276,4,,,0,70,,9277,4,,,0,29,,9280,4,,,0,70,,9278,4,,,0,31,,9279,4,,,0,70,,9281,4,,,0,41,,9254,4,,,0,70,,9250,4,,,0,30,,9258,4,,,0,69,,9252,4,,,0,30,,9249,4,,,0,75,,9259,4,,,0,40,,9253,4,,,0,70,,9256,4,,,0,75,,9260,4,,,0,25,,9257,4,,,0,30,,9251,4,,,0,70,,9255,4,,,0
201,'5526',837,,9282,4,,,0,100,,9284,4,,,0,100,,9287,4,,,0,100,,9288,4,,,0,100,,9289,4,,,0,100,,9286,4,,,0,100,,9283,4,,,0,70,,9294,4,,,0,30,,9290,4,,,0,70,,9293,4,,,0,30,,9285,4,,,0,70,,9291,4,,,0,30,,9292,4,,,0,90,,9295,4,,,0,80,,9297,4,,,0,51,,9298,4,,,0,94,,9296,4,,,0,100,,9299,4,,,0
301,'4532',832,,6973,4,,,0,70,,6975,4,,,0,30,,6980,4,,,0,70,,6978,4,,,0,30,,8253,4,,,0,70,,6976,4,,,0,30,,6979,4,,,0,70,,8251,4,,,0,30,,8254,4,,,0,70,,5333,4,,,0,30,,8255,4,,,0,70,,6983,4,,,0,30,,5332,4,,,0,70,,6984,4,,,0,30,,5338,4,,,0,70,,8256,4,,,0,30,,5342,4,,,0,70,,6985,4,,,0,30,,6990,4,,,0,75,,8257,4,,,0,25,,8258,4,,,0,85,,8259,4,,,0,105,,8260,4,,,0,105,,8261,4,,,0,105,,8262,4,,,0,100,,8263,4,,,0
301,'5475',641,,9450,4,,,0,9,,9449,4,,,0,70,,9442,4,,,0,16,,9451,4,,,0,16,,9461,4,,,0,60,,9445,4,,,0,20,,9452,4,,,0,70,,9460,4,,,0,30,,9457,4,,,0,70,,9475,4,,,0,30,,9439,4,,,0,70,,9436,4,,,0,30,,9462,4,,,0,70,,9446,4,,,0,30,,9474,4,,,0,71,,9468,4,,,0,30,,9467,4,,,0,70,,9473,4,,,0,15,,9466,4,,,0,15,,9471,4,,,0,10,,9476,4,,,0,60,,9469,4,,,0,15,,9464,4,,,0,15,,9444,4,,,0,15,,9443,4,,,0,55,,9440,4,,,0,15,,9472,4,,,0,15,,9441,4,,,0,15,,9455,4,,,0,55,,9454,4,,,0,15,,9447,4,,,0,15,,9448,4,,,0,70,,9470,4,,,0,29,,9459,4,,,0,70,,9477,4,,,0,30,,9437,4,,,0,100,,9465,4,,,0,100,,9456,4,,,0,100,,9463,4,,,0,100,,9435,4,,,0,99,,9478,4,,,0
301,'5518',829,,9479,4,,,0,100,,9480,4,,,0,100,,9485,4,,,0,103,,9481,4,,,0,97,,9486,4,,,0,100,,9482,4,,,0,100,,9483,4,,,0,100,,9488,4,,,0,100,,9484,4,,,0,98,,9490,4,,,0,100,,9487,4,,,0,106,,9489,4,,,0,100,,9491,4,,,0,100,,9492,4,,,0
301,'5520',641,,9508,4,,,0,9,,9507,4,,,0,70,,9500,4,,,0,16,,9509,4,,,0,16,,9519,4,,,0,60,,9503,4,,,0,20,,9510,4,,,0,70,,9518,4,,,0,30,,9515,4,,,0,70,,9533,4,,,0,30,,9497,4,,,0,70,,9494,4,,,0,30,,9520,4,,,0,70,,9504,4,,,0,30,,9532,4,,,0,71,,9526,4,,,0,30,,9525,4,,,0,70,,9531,4,,,0,15,,9524,4,,,0,15,,9529,4,,,0,10,,9534,4,,,0,60,,9527,4,,,0,15,,9522,4,,,0,15,,9502,4,,,0,15,,9501,4,,,0,55,,9498,4,,,0,15,,9530,4,,,0,15,,9499,4,,,0,15,,9513,4,,,0,55,,9512,4,,,0,15,,9505,4,,,0,15,,9506,4,,,0,70,,9528,4,,,0,29,,9517,4,,,0,70,,9535,4,,,0,30,,9495,4,,,0,100,,9523,4,,,0,100,,9514,4,,,0,100,,9521,4,,,0,100,,9493,4,,,0
301,'5526',832,,9538,4,,,0,70,,9541,4,,,0,30,,9546,4,,,0,70,,9544,4,,,0,30,,9543,4,,,0,70,,9542,4,,,0,30,,9545,4,,,0,70,,9537,4,,,0,30,,9547,4,,,0,70,,9549,4,,,0,30,,9550,4,,,0,70,,9551,4,,,0,30,,9548,4,,,0,70,,9552,4,,,0,30,,9554,4,,,0,70,,9555,4,,,0,30,,9558,4,,,0,70,,9553,4,,,0,30,,9560,4,,,0,75,,9556,4,,,0,25,,9557,4,,,0,85,,9559,4,,,0,105,,9561,4,,,0,105,,9562,4,,,0,105,,9563,4,,,0,100,,9564,4,,,0
