1700,'4532',752,,7915,20,,,0,103,,8714,20,,,0,90,,7917,20,,,0,171,,7918,20,,,0
1700,'5475',643,,11214,20,,,0,66,,11222,20,,,0,99,,11221,20,,,0,50,,11226,20,,,0,99,,11213,20,,,0,100,,11217,20,,,0,100,,11212,20,,,0,767,,11227,20,,,0
1700,'5518',900,,11232,20,,,0,100,,11233,20,,,0,158,,11235,19,,,0
1700,'5520',643,,11244,20,,,0,66,,11252,20,,,0,99,,11251,20,,,0,50,,11256,20,,,0,99,,11243,20,,,0,100,,11247,20,,,0,100,,11242,20,,,0,767,,11257,20,,,0
1700,'5526',752,,11260,20,,,0,103,,11261,20,,,0,90,,11262,20,,,0,171,,11263,20,,,0
1701,'4532',1225,,7960,32,0,15 1 16,0,100,,7961,32,0,15 1 16,0,130,,7958,32,0,15 1 16,0,170,,7962,32,0,15 1 16,0,105,,8731,32,0,15 1 16,0,99,,8733,32,0,13 14,0,105,,8734,32,0,13 14,0,105,,8735,32,0,13 14,0,110,,8732,32,0,13 14,0,159,,7968,32,0,13 14,0
1701,'5475',1226,,11276,32,0,15 1 16,0,102,,11279,32,0,15 1 16,0,111,,11281,32,0,15 1 16,0,93,,11284,32,0,15 1 16,0,108,,11289,32,0,15 1 16,0,98,,11285,32,0,15 1 16,0,104,,11288,32,0,15 1 16,0,159,,11286,32,0,13 14,0,58,,11280,32,0,13 14,0,155,,11277,32,0,13 14,0,114,,11290,32,0,13 14,0,79,,11291,32,0,13 14,0,108,,11292,32,0,13 14,0
1701,'5518',1555,,11297,32,0,13 14,0,200,,11299,32,0,15 1 16,0,100,,11301,32,0,13 14,0,170,,11302,32,0,13 14,0
1701,'5520',1226,,11305,32,0,15 1 16,0,102,,11308,32,0,15 1 16,0,111,,11310,32,0,15 1 16,0,93,,11313,32,0,15 1 16,0,108,,11318,32,0,15 1 16,0,98,,11314,32,0,15 1 16,0,104,,11317,32,0,15 1 16,0,159,,11315,32,0,13 14,0,58,,11309,32,0,13 14,0,155,,11306,32,0,13 14,0,114,,11319,32,0,13 14,0
1701,'5526',1225,,11325,32,0,15 1 16,0,100,,11326,32,0,15 1 16,0,130,,11323,32,0,15 1 16,0,170,,11327,32,0,15 1 16,0,105,,11328,32,0,15 1 16,0,99,,11330,32,0,13 14,0,105,,11331,32,0,13 14,0,105,,11332,32,0,13 14,0,110,,11329,32,0,13 14,0,159,,11333,32,0,13 14,0
