100,'4532',649,,6634,27,,,0,9,,8080,27,,,0,70,,6637,27,,,0,31,,8069,27,,,0,66,,6639,27,,,0,20,,6613,27,,,0,55,,8082,27,,,0,17,,6614,27,,,0,16,,6641,27,,,0,16,,4891,27,,,0,72,,8071,27,,,0,30,,4896,27,,,0,70,,8070,27,,,0,32,,4898,27,,,0,70,,6618,27,,,0,30,,4901,27,,,0,70,,6617,27,,,0,30,,4902,27,,,0,70,,6620,27,,,0,31,,8072,27,,,0,70,,6621,27,,,0,30,,6623,27,,,0,68,,8074,27,,,0,13,,8083,27,,,0,15,,6625,27,,,0,55,,8084,27,,,0,15,,8073,27,,,0,15,,8085,27,,,0,14,,6626,27,,,0,55,,8086,27,,,0,15,,8075,27,,,0,15,,8087,27,,,0,15,,6628,27,,,0,70,,6629,27,,,0,85,,6633,27,,,0,99,,8078,27,,,0,104,,8077,27,,,0,104,,8076,27,,,0,103,,8079,27,,,0,97,,8081,27,,,0
100,'5475',611,,8746,19,,,0,30,,8747,27,,,0,72,,8748,27,,,0,31,,8749,27,,,0,58,,8750,27,,,0,17,,8758,27,,,0,15,,8757,27,,,0,15,,8785,27,,,0,54,,8786,27,,,0,15,,8761,27,,,0,16,,8753,27,,,0,15,,8780,27,,,0,60,,8779,27,,,0,21,,8790,27,,,0,20,,8789,27,,,0,71,,8788,27,,,0,30,,8793,27,,,0,72,,8792,27,,,0,30,,8777,27,,,0,70,,8776,27,,,0,30,,8767,27,,,0,70,,8756,27,,,0,33,,8755,27,,,0,60,,8759,27,,,0,19,,8754,27,,,0,17,,8782,27,,,0,55,,8764,27,,,0,14,,8781,27,,,0,15,,8787,27,,,0,15,,8783,27,,,0,55,,8796,27,,,0,14,,8795,27,,,0,14,,8775,27,,,0,15,,8772,27,,,0,52,,8797,27,,,0,15,,8773,27,,,0,15,,8770,27,,,0,15,,8791,27,,,0,60,,8794,27,,,0,19,,8771,27,,,0,25,,8778,27,,,0,67,,8774,27,,,0,30,,8769,27,,,0,69,,8765,27,,,0,30,,8763,27,,,0,70,,8762,27,,,0,30,,8760,27,,,0,69,,8768,27,,,0,28,,8784,27,,,0,67,,8766,27,,,0,29,,8751,27,,,0,70,,8752,27,,,0,98,,8798,27,,,0
100,'5518',720,,8799,27,,,0,19,,8800,27,,,0,70,,8801,27,,,0,30,,8803,27,,,0,70,,8802,27,,,0,32,,8804,27,,,0,72,,8807,27,,,0,30,,8805,27,,,0,70,,8806,27,,,0,31,,8808,27,,,0,72,,8820,27,,,0,30,,8810,27,,,0,70,,8809,27,,,0,30,,8813,27,,,0,70,,8811,27,,,0,30,,8814,27,,,0,71,,8815,27,,,0,30,,8812,27,,,0,69,,8816,27,,,0,30,,8817,27,,,0,69,,8827,27,,,0,30,,8818,27,,,0,70,,8830,27,,,0,33,,8821,27,,,0,65,,8819,27,,,0,29,,8822,27,,,0,70,,8831,27,,,0,29,,8824,27,,,0,70,,8823,27,,,0,29,,8825,27,,,0,68,,8826,27,,,0,30,,8828,27,,,0,70,,8832,27,,,0,37,,8829,27,,,0,62,,8833,27,,,0
100,'5520',611,,8834,19,,,0,30,,8835,27,,,0,72,,8836,27,,,0,31,,8837,27,,,0,58,,8838,27,,,0,17,,8846,27,,,0,15,,8845,27,,,0,15,,8873,27,,,0,54,,8874,27,,,0,15,,8849,27,,,0,16,,8841,27,,,0,15,,8868,27,,,0,60,,8867,27,,,0,21,,8878,27,,,0,20,,8877,27,,,0,71,,8876,27,,,0,30,,8881,27,,,0,72,,8880,27,,,0,30,,8865,27,,,0,70,,8864,27,,,0,30,,8855,27,,,0,70,,8844,27,,,0,33,,8843,27,,,0,60,,8847,27,,,0,19,,8842,27,,,0,17,,8870,27,,,0,55,,8852,27,,,0,14,,8869,27,,,0,15,,8875,27,,,0,15,,8871,27,,,0,55,,8884,27,,,0,14,,8883,27,,,0,14,,8863,27,,,0,15,,8860,27,,,0,52,,8885,27,,,0,15,,8861,27,,,0,15,,8858,27,,,0,15,,8879,27,,,0,60,,8882,27,,,0,19,,8859,27,,,0,25,,8866,27,,,0,67,,8862,27,,,0,30,,8857,27,,,0,69,,8853,27,,,0,30,,8851,27,,,0,70,,8850,27,,,0,30,,8848,27,,,0,69,,8856,27,,,0,28,,8872,27,,,0,67,,8854,27,,,0,29,,8839,27,,,0,70,,8840,27,,,0
100,'5526',649,,8913,27,,,0,9,,8915,27,,,0,70,,8916,27,,,0,31,,8886,27,,,0,66,,8918,27,,,0,20,,8888,27,,,0,55,,8919,27,,,0,17,,8889,27,,,0,16,,8920,27,,,0,16,,8887,27,,,0,72,,8891,27,,,0,30,,8892,27,,,0,70,,8890,27,,,0,32,,8894,27,,,0,70,,8895,27,,,0,30,,8897,27,,,0,70,,8893,27,,,0,30,,8898,27,,,0,70,,8899,27,,,0,31,,8896,27,,,0,70,,8900,27,,,0,30,,8902,27,,,0,68,,8903,27,,,0,13,,8921,27,,,0,15,,8904,27,,,0,55,,8922,27,,,0,15,,8901,27,,,0,15,,8923,27,,,0,14,,8905,27,,,0,55,,8924,27,,,0,15,,8906,27,,,0,15,,8925,27,,,0,15,,8907,27,,,0,70,,8908,27,,,0,85,,8912,27,,,0,99,,8911,27,,,0,104,,8910,27,,,0,104,,8909,27,,,0,103,,8914,27,,,0,97,,8917,27,,,0
200,'4532',802,,6788,34,,,0,113,,5103,34,,,0,102,,6787,34,,,0,101,,6790,34,,,0,100,,8164,34,,,0,101,,8165,34,,,0,100,,8166,34,,,0,100,,8168,34,,,0,30,,6796,34,,,0,70,,8167,34,,,0,30,,6793,34,,,0,69,,8169,34,,,0,30,,8170,34,,,0,70,,8171,34,,,0,88,,6804,34,,,0,40,,6802,34,,,0,91,,6800,34,,,0,93,,6801,34,,,0,100,,6803,34,,,0
200,'5475',627,,9114,34,,,0,79,,9115,34,,,0,28,,9116,34,,,0,15,,9119,34,,,0,71,,9117,34,,,0,16,,9118,34,,,0,16,,9120,34,,,0,66,,9123,34,,,0,30,,9122,34,,,0,70,,9121,34,,,0,30,,9126,34,,,0,69,,9124,34,,,0,30,,9125,34,,,0,71,,9127,34,,,0,30,,9128,34,,,0,70,,9129,34,,,0,30,,9130,34,,,0,71,,9132,34,,,0,30,,9131,34,,,0,76,,9133,34,,,0,27,,9134,34,,,0,78,,9110,34,,,0,70,,9104,34,,,0,29,,9106,34,,,0,28,,9107,34,,,0,70,,9113,34,,,0,74,,9105,34,,,0,39,,9109,34,,,0,69,,9103,34,,,0,34,,9108,34,,,0,65,,9102,34,,,0,30,,9111,34,,,0,294,,9135,34,,,0,100,,9136,34,,,0
200,'5518',819,,9138,34,,,0,81,,9137,34,,,0,112,,9140,34,,,0,100,,9139,34,,,0,101,,9141,34,,,0,105,,9142,34,,,0,96,,9144,34,,,0,100,,9143,34,,,0,99,,9147,34,,,0,106,,9149,34,,,0,99,,9148,34,,,0,124,,9145,34,,,0,99,,9146,34,,,0
200,'5520',627,,9162,34,,,0,79,,9163,34,,,0,28,,9164,34,,,0,15,,9167,34,,,0,71,,9165,34,,,0,16,,9166,34,,,0,16,,9168,34,,,0,66,,9171,34,,,0,30,,9170,34,,,0,70,,9169,34,,,0,30,,9174,34,,,0,69,,9172,34,,,0,30,,9173,34,,,0,71,,9175,34,,,0,30,,9176,34,,,0,70,,9177,34,,,0,30,,9178,34,,,0,71,,9180,34,,,0,30,,9179,34,,,0,76,,9181,34,,,0,27,,9182,34,,,0,78,,9158,34,,,0,70,,9152,34,,,0,29,,9154,34,,,0,28,,9155,34,,,0,70,,9161,34,,,0,74,,9153,34,,,0,39,,9157,34,,,0,69,,9151,34,,,0,34,,9156,34,,,0,65,,9150,34,,,0,30,,9159,34,,,0
200,'5526',802,,9184,34,,,0,113,,9186,34,,,0,102,,9183,34,,,0,101,,9187,34,,,0,100,,9185,34,,,0,101,,9188,34,,,0,100,,9189,34,,,0,100,,9192,34,,,0,30,,9193,34,,,0,70,,9191,34,,,0,30,,9190,34,,,0,69,,9194,34,,,0,30,,9195,34,,,0,70,,9196,34,,,0,88,,9201,34,,,0,40,,9199,34,,,0,91,,9197,34,,,0,93,,9198,34,,,0,100,,9200,34,,,0
300,'4532',736,,8214,38,,,0,70,,8213,38,,,0,37,,5240,38,,,0,76,,6907,38,,,0,30,,6908,38,,,0,72,,6906,38,,,0,30,,6905,38,,,0,70,,8215,38,,,0,30,,6910,38,,,0,70,,6912,38,,,0,31,,8216,38,,,0,70,,8219,38,,,0,30,,5252,38,,,0,70,,8218,38,,,0,30,,6917,38,,,0,71,,5255,38,,,0,30,,6916,38,,,0,70,,5257,38,,,0,30,,8217,38,,,0,69,,5258,38,,,0,30,,6918,38,,,0,70,,6920,38,,,0,33,,8221,38,,,0,64,,8222,38,,,0,85,,8223,38,,,0,105,,8225,38,,,0,105,,8226,38,,,0,102,,8220,38,,,0,97,,8224,38,,,0
300,'5475',647,,9331,38,,,0,62,,9318,38,,,0,18,,9315,10,,,0,3,,9311,38,,,0,9,,9312,38,,,0,17,,9306,38,,,0,59,,9334,38,,,0,18,,9320,38,,,0,14,,9323,38,,,0,58,,9324,38,,,0,19,,9316,38,,,0,31,,9317,38,,,0,70,,9319,38,,,0,31,,9341,38,,,0,70,,9326,38,,,0,30,,9314,38,,,0,71,,9328,38,,,0,30,,9340,38,,,0,70,,9302,38,,,0,32,,9325,38,,,0,72,,9303,38,,,0,73,,9335,38,,,0,17,,9313,38,,,0,15,,9321,38,,,0,8,,9342,38,,,0,4,,9344,38,,,0,53,,9305,38,,,0,12,,9304,38,,,0,15,,9332,38,,,0,15,,9308,38,,,0,15,,9310,38,,,0,55,,9339,38,,,0,14,,9322,38,,,0,13,,9301,38,,,0,14,,9307,38,,,0,55,,9330,38,,,0,15,,9309,38,,,0,28,,9338,38,,,0,69,,9329,38,,,0,30,,9343,38,,,0,70,,9327,38,,,0,99,,9337,38,,,0,98,,9333,38,,,0,98,,9336,38,,,0,196,,9345,38,,,0
300,'5518',822,,9346,38,,,0,93,,9348,38,,,0,100,,9347,38,,,0,101,,9353,38,,,0,105,,9349,38,,,0,100,,9355,38,,,0,100,,9350,38,,,0,100,,9351,38,,,0,100,,9356,38,,,0,99,,9352,38,,,0,97,,9358,38,,,0,97,,9354,38,,,0,105,,9357,38,,,0,98,,9359,38,,,0
300,'5520',647,,9392,38,,,0,62,,9379,38,,,0,18,,9376,10,,,0,3,,9372,38,,,0,9,,9373,38,,,0,17,,9367,38,,,0,59,,9395,38,,,0,18,,9381,38,,,0,14,,9384,38,,,0,58,,9385,38,,,0,19,,9377,38,,,0,31,,9378,38,,,0,70,,9380,38,,,0,31,,9402,38,,,0,70,,9387,38,,,0,30,,9375,38,,,0,71,,9389,38,,,0,30,,9401,38,,,0,70,,9363,38,,,0,32,,9386,38,,,0,72,,9364,38,,,0,73,,9396,38,,,0,17,,9374,38,,,0,15,,9382,38,,,0,8,,9403,38,,,0,4,,9405,38,,,0,53,,9366,38,,,0,12,,9365,38,,,0,15,,9393,38,,,0,15,,9369,38,,,0,15,,9371,38,,,0,55,,9400,38,,,0,14,,9383,38,,,0,13,,9362,38,,,0,14,,9368,38,,,0,55,,9391,38,,,0,15,,9370,38,,,0,28,,9399,38,,,0,69,,9390,38,,,0,30,,9404,38,,,0,70,,9388,38,,,0,99,,9398,38,,,0,98,,9394,38,,,0,98,,9397,38,,,0
300,'5526',736,,9407,38,,,0,70,,9406,38,,,0,37,,9408,38,,,0,76,,9411,38,,,0,30,,9412,38,,,0,72,,9410,38,,,0,30,,9409,38,,,0,70,,9413,38,,,0,30,,9414,38,,,0,70,,9416,38,,,0,31,,9415,38,,,0,70,,9419,38,,,0,30,,9420,38,,,0,70,,9418,38,,,0,30,,9422,38,,,0,71,,9423,38,,,0,30,,9421,38,,,0,70,,9425,38,,,0,30,,9417,38,,,0,69,,9426,38,,,0,30,,9424,38,,,0,70,,9428,38,,,0,33,,9429,38,,,0,64,,9430,38,,,0,85,,9431,38,,,0,105,,9433,38,,,0,105,,9434,38,,,0,102,,9427,38,,,0,97,,9432,38,,,0
