300,'4532',712,,8214,2,,,0,30,,8213,2,,,0,76,,5240,2,,,0,36,,6907,2,,,0,70,,6908,2,,,0,31,,6906,2,,,0,70,,6905,2,,,0,30,,8215,2,,,0,70,,6910,2,,,0,30,,6912,2,,,0,71,,8216,2,,,0,30,,8219,2,,,0,70,,5252,2,,,0,30,,8218,2,,,0,70,,6917,2,,,0,31,,5255,2,,,0,70,,6916,2,,,0,30,,5257,2,,,0,70,,8217,2,,,0,30,,5258,2,,,0,70,,6918,2,,,0,30,,6920,2,,,0,75,,8221,2,,,0,24,,8222,2,,,0,85,,8223,2,,,0,105,,8225,2,,,0,105,,8226,2,,,0,103,,8220,2,,,0,99,,8224,2,,,0
300,'5475',621,,9331,2,,,0,22,,9318,2,,,0,60,,9311,2,,,0,9,,9312,2,,,0,15,,9306,2,,,0,18,,9334,2,,,0,58,,9320,2,,,0,16,,9323,2,,,0,19,,9324,2,,,0,19,,9316,2,,,0,70,,9317,2,,,0,30,,9319,2,,,0,71,,9341,2,,,0,30,,9326,2,,,0,70,,9314,2,,,0,31,,9328,2,,,0,70,,9340,2,,,0,30,,9302,2,,,0,71,,9325,2,,,0,70,,9303,2,,,0,33,,9335,2,,,0,15,,9313,2,,,0,55,,9321,2,,,0,10,,9342,2,,,0,5,,9344,2,,,0,15,,9305,2,,,0,13,,9304,2,,,0,55,,9332,2,,,0,15,,9308,2,,,0,15,,9310,2,,,0,15,,9339,2,,,0,55,,9322,2,,,0,14,,9301,2,,,0,14,,9307,2,,,0,15,,9330,2,,,0,15,,9309,2,,,0,69,,9338,2,,,0,29,,9329,2,,,0,70,,9343,2,,,0,30,,9327,2,,,0,99,,9337,2,,,0,99,,9333,2,,,0,100,,9336,2,,,0,96,,9300,2,0,17 18 19,0,100,,9345,2,,,0
300,'5518',757,,9346,2,,,0,93,,9348,2,,,0,100,,9347,2,,,0,101,,9353,2,,,0,103,,9349,2,,,0,100,,9355,2,,,0,100,,9350,2,,,0,100,,9351,2,,,0,100,,9356,2,,,0,100,,9352,2,,,0,98,,9358,2,,,0,98,,9354,2,,,0,106,,9357,2,,,0,99,,9359,2,,,0,100,,9360,2,0,17 18 19,0
300,'5520',621,,9392,2,,,0,22,,9379,2,,,0,60,,9372,2,,,0,9,,9373,2,,,0,15,,9367,2,,,0,18,,9395,2,,,0,58,,9381,2,,,0,16,,9384,2,,,0,19,,9385,2,,,0,19,,9377,2,,,0,70,,9378,2,,,0,30,,9380,2,,,0,71,,9402,2,,,0,30,,9387,2,,,0,70,,9375,2,,,0,31,,9389,2,,,0,70,,9401,2,,,0,30,,9363,2,,,0,71,,9386,2,,,0,70,,9364,2,,,0,33,,9396,2,,,0,15,,9374,2,,,0,55,,9382,2,,,0,10,,9403,2,,,0,5,,9405,2,,,0,15,,9366,2,,,0,13,,9365,2,,,0,55,,9393,2,,,0,15,,9369,2,,,0,15,,9371,2,,,0,15,,9400,2,,,0,55,,9383,2,,,0,14,,9362,2,,,0,14,,9368,2,,,0,15,,9391,2,,,0,15,,9370,2,,,0,69,,9399,2,,,0,29,,9390,2,,,0,70,,9404,2,,,0,30,,9388,2,,,0,99,,9398,2,,,0,99,,9394,2,,,0,100,,9397,2,,,0,96,,9361,2,0,17 18 19,0
300,'5526',712,,9407,2,,,0,30,,9406,2,,,0,76,,9408,2,,,0,36,,9411,2,,,0,70,,9412,2,,,0,31,,9410,2,,,0,70,,9409,2,,,0,30,,9413,2,,,0,70,,9414,2,,,0,30,,9416,2,,,0,71,,9415,2,,,0,30,,9419,2,,,0,70,,9420,2,,,0,30,,9418,2,,,0,70,,9422,2,,,0,31,,9423,2,,,0,70,,9421,2,,,0,30,,9425,2,,,0,70,,9417,2,,,0,30,,9426,2,,,0,70,,9424,2,,,0,30,,9428,2,,,0,75,,9429,2,,,0,24,,9430,2,,,0,85,,9431,2,,,0,105,,9433,2,,,0,105,,9434,2,,,0,103,,9427,2,,,0,99,,9432,2,,,0
1400,'5475',814,,11000,35,0,7 8 2 9 2 10,0
1400,'5520',814,,11025,35,0,7 8 2 9 2 10,0
8100,'5475',809,,11489,45,,,0
8100,'5520',809,,11490,45,,,0
8101,'5475',1518,,11491,7,,,0
8101,'5522',1518,,11492,7,,,0
8101,'5525',1412,,11493,7,,,0
