401,'4532',815,,7104,17,,,0,25,,7105,17,,,0,65,,7107,17,,,0,25,,7106,17,,,0,27,,7108,17,,,0,65,,7110,17,,,0,25,,7111,17,,,0,66,,7112,17,,,0,25,,7109,17,,,0,67,,7114,17,,,0,26,,7116,17,,,0,28,,8295,17,,,0,67,,7115,17,,,0,28,,8296,17,,,0,67,,7119,17,,,0,30,,8299,17,,,0,67,,7123,17,,,0,29,,8298,17,,,0,67,,7124,17,,,0,26,,8300,17,,,0,67,,7120,17,,,0,27,,8297,17,,,0,67,,7126,17,,,0,26,,8301,17,,,0,74,,7127,17,,,0,100,,7129,17,,,0,100,,7130,17,,,0,99,,7131,17,,,0,59,,8302,17,,,0
401,'5475',620,,9669,17,,,0,26,,9673,17,,,0,87,,9671,17,,,0,72,,9675,17,,,0,30,,9672,17,,,0,70,,9676,17,,,0,30,,9697,17,,,0,70,,9670,17,,,0,30,,9679,17,,,0,70,,9680,17,,,0,32,,9678,17,,,0,70,,9677,17,,,0,30,,9686,17,,,0,70,,9698,17,,,0,30,,9685,17,,,0,70,,9674,17,,,0,30,,9695,17,,,0,70,,9684,17,,,0,21,,9699,17,,,0,10,,9694,17,,,0,70,,9691,17,,,0,12,,9700,17,,,0,18,,9682,17,,,0,70,,9681,17,,,0,29,,9690,17,,,0,69,,9683,17,,,0,28,,9692,17,,,0,97,,9693,17,,,0,97,,9688,17,,,0,98,,9687,17,,,0,100,,9689,17,,,0,117,,9696,17,,,0,16,,9701,17,,,0,149,,9702,17,,,0
401,'5518',828,,9706,17,,,0,118,,9703,17,,,0,160,,9704,17,,,0,120,,9705,17,,,0,95,,9709,17,,,0,126,,9707,17,,,0,167,,9708,17,,,0,124,,9710,17,,,0,120,,9711,17,,,0
401,'5520',620,,9712,17,,,0,26,,9716,17,,,0,87,,9714,17,,,0,72,,9718,17,,,0,30,,9715,17,,,0,70,,9719,17,,,0,30,,9740,17,,,0,70,,9713,17,,,0,30,,9722,17,,,0,70,,9723,17,,,0,32,,9721,17,,,0,70,,9720,17,,,0,30,,9729,17,,,0,70,,9741,17,,,0,30,,9728,17,,,0,70,,9717,17,,,0,30,,9738,17,,,0,70,,9727,17,,,0,21,,9742,17,,,0,10,,9737,17,,,0,70,,9734,17,,,0,12,,9743,17,,,0,18,,9725,17,,,0,70,,9724,17,,,0,29,,9733,17,,,0,69,,9726,17,,,0,28,,9735,17,,,0,97,,9736,17,,,0,97,,9731,17,,,0,98,,9730,17,,,0,100,,9732,17,,,0,117,,9739,17,,,0
401,'5526',815,,9744,17,,,0,25,,9745,17,,,0,65,,9747,17,,,0,25,,9746,17,,,0,27,,9748,17,,,0,65,,9750,17,,,0,25,,9751,17,,,0,66,,9752,17,,,0,25,,9749,17,,,0,67,,9754,17,,,0,26,,9756,17,,,0,28,,9753,17,,,0,67,,9755,17,,,0,28,,9757,17,,,0,67,,9759,17,,,0,30,,9762,17,,,0,67,,9763,17,,,0,29,,9761,17,,,0,67,,9764,17,,,0,26,,9765,17,,,0,67,,9760,17,,,0,27,,9758,17,,,0,67,,9766,17,,,0,26,,9768,17,,,0,74,,9767,17,,,0,100,,9769,17,,,0,100,,9770,17,,,0,99,,9771,17,,,0,59,,9772,17,,,0
7001,'5475',1524,,11458,15,,,0
7001,'5520',1524,,11459,15,,,0
7100,'5475',730,,11460,2,,,0
7100,'5520',730,,11461,2,,,0
7200,'5475',736,,11462,2,,,0
7200,'5520',736,,11463,2,,,0
7401,'5475',1536,,11468,12,,,0
7401,'5522',1536,,11469,12,,,0
7401,'5525',1436,,11470,12,,,0
7701,'5475',1541,,11475,15,,,0
7701,'5520',1541,,11476,15,,,0
