1800,'4532',751,,7996,9,,,0,101,,7997,9,,,0,101,,7998,9,,,0,101,,7999,9,,,0,101,,8000,9,,,0,103,,8001,9,,,0,91,,8002,9,,,0,102,,8003,9,,,0,106,,8004,9,,,0,145,,8005,9,,,0,98,,8006,9,,,0,101,,8007,9,,,0,101,,8008,9,,,0,101,,8009,9,,,0,101,,8010,9,,,0
1800,'5475',548,,11334,9,,,0,101,,11335,9,,,0,102,,11336,9,,,0,102,,11337,9,,,0,100,,11338,9,,,0,101,,11339,9,,,0,101,,11340,9,,,0,103,,11341,9,,,0,90,,11342,9,,,0,103,,11343,9,,,0,106,,11344,9,,,0,145,,11345,9,,,0,99,,11346,9,,,0,100,,11347,9,,,0,101,,11348,9,,,0,101,,11349,9,,,0,101,,11350,9,,,0
1800,'5518',750,,11354,9,,,0,101,,11352,9,,,0,101,,11351,9,,,0,101,,11353,9,,,0,101,,11357,9,,,0,103,,11358,9,,,0,91,,11356,9,,,0,100,,11362,9,,,0,105,,11363,9,,,0,105,,11355,9,,,0,101,,11360,9,,,0,141,,11359,9,,,0,101,,11361,9,,,0
1800,'5520',548,,11364,9,,,0,101,,11365,9,,,0,102,,11366,9,,,0,102,,11367,9,,,0,100,,11368,9,,,0,101,,11369,9,,,0,101,,11370,9,,,0,103,,11371,9,,,0,90,,11372,9,,,0,103,,11373,9,,,0,106,,11374,9,,,0,145,,11375,9,,,0,99,,11376,9,,,0,100,,11377,9,,,0,101,,11378,9,,,0,101,,11379,9,,,0,101,,11380,9,,,0
1800,'5526',751,,11381,9,,,0,101,,11382,9,,,0,101,,11383,9,,,0,101,,11384,9,,,0,101,,11385,9,,,0,103,,11386,9,,,0,91,,11387,9,,,0,102,,11388,9,,,0,106,,11389,9,,,0,145,,11390,9,,,0,98,,11391,9,,,0,101,,11392,9,,,0,101,,11393,9,,,0,101,,11394,9,,,0,101,,11395,9,,,0
1801,'4532',813,,8041,12,,,0,101,,8042,12,,,0,100,,8043,12,,,0,101,,8044,12,,,0,101,,8045,12,,,0,103,,8046,12,,,0,91,,8047,12,,,0,102,,8048,12,,,0,106,,8049,12,,,0,105,,8050,12,,,0,98,,8051,12,,,0,100,,8052,12,,,0,101,,8053,12,,,0,101,,8054,12,,,0,101,,8055,12,,,0
1801,'5475',609,,11396,12,,,0,101,,11397,12,,,0,103,,11398,12,,,0,102,,11399,12,,,0,100,,11400,12,,,0,101,,11401,12,,,0,101,,11402,12,,,0,103,,11403,12,,,0,90,,11404,12,,,0,103,,11405,12,,,0,106,,11406,12,,,0,105,,11407,12,,,0,98,,11408,12,,,0,99,,11409,12,,,0,101,,11410,12,,,0,101,,11411,12,,,0,101,,11412,12,,,0
1801,'5518',811,,11419,12,,,0,101,,11423,12,,,0,101,,11418,12,,,0,101,,11425,12,,,0,101,,11417,12,,,0,103,,11424,12,,,0,92,,11414,12,,,0,99,,11416,12,,,0,105,,11420,12,,,0,105,,11422,12,,,0,101,,11413,12,,,0,100,,11421,12,,,0,101,,11415,12,,,0
1801,'5520',609,,11426,12,,,0,101,,11427,12,,,0,103,,11428,12,,,0,102,,11429,12,,,0,100,,11430,12,,,0,101,,11431,12,,,0,101,,11432,12,,,0,103,,11433,12,,,0,90,,11434,12,,,0,103,,11435,12,,,0,106,,11436,12,,,0,105,,11437,12,,,0,98,,11438,12,,,0,99,,11439,12,,,0,101,,11440,12,,,0,101,,11441,12,,,0,101,,11442,12,,,0
1801,'5526',813,,11443,12,,,0,101,,11444,12,,,0,100,,11445,12,,,0,101,,11446,12,,,0,101,,11447,12,,,0,103,,11448,12,,,0,91,,11449,12,,,0,102,,11450,12,,,0,106,,11451,12,,,0,105,,11452,12,,,0,98,,11453,12,,,0,100,,11454,12,,,0,101,,11455,12,,,0,101,,11456,12,,,0,101,,11457,12,,,0
