701,'4532',640,,8442,35,,,0,70,,7513,32,,,0,31,,8434,35,,,0,70,,8419,32,,,0,31,,7477,32,,,0,71,,8420,35,,,0,29,,8421,32,,,0,71,,7487,32,,,0,31,,8428,35,,,0,14,,7505,32,,,0,56,,8427,35,,,0,15,,7506,32,,,0,22,,8429,32,,,0,73,,8426,35,,,0,28,,7493,32,,,0,70,,8424,32,,,0,32,,8430,35,,,0,68,,7489,32,,,0,30,,8438,35,,,0,53,,8431,32,,,0,14,,8439,32,,,0,16,,8432,35,,,0,14,,7508,32,,,0,55,,7485,32,,,0,16,,8440,35,,,0,14,,7495,32,,,0,15,,8437,32,,,0,64,,8425,35,,,0,29,,7499,32,,,0,70,,7480,32,,,0,36,,8423,35,,,0,73,,7484,32,,,0,36,,8435,35,,,0,74,,7503,32,,,0,105,,7482,32,,,0,96,,8422,35,,,0,101,,8433,32,,,0,98,,8436,32,,,0,26,,8441,35,,,0,69,,8443,32,,,0
701,'5475',612,,10198,15,,,0,18,,10199,32,,,0,17,,10200,35,,,0,54,,10201,32,,,0,16,,10202,35,,,0,6,,10203,32,,,0,10,,10204,35,,,0,17,,10205,32,,,0,60,,10206,35,,,0,11,,10207,32,,,0,19,,10208,35,,,0,11,,10209,32,,,0,56,,10210,35,,,0,12,,10211,32,,,0,18,,10212,35,,,0,13,,10248,32,,,0,57,,10213,35,,,0,13,,10253,32,,,0,17,,10214,35,,,0,69,,10215,32,,,0,34,,10216,35,,,0,67,,10217,32,,,0,32,,10218,35,,,0,68,,10219,32,,,0,32,,10220,35,,,0,69,,10221,32,,,0,34,,10222,35,,,0,11,,10223,32,,,0,55,,10224,32,,,0,18,,10225,35,,,0,13,,10226,32,,,0,17,,10227,35,,,0,52,,10228,32,,,0,18,,10229,35,,,0,12,,10230,32,,,0,18,,10231,35,,,0,52,,10232,32,,,0,18,,10233,35,,,0,11,,10234,32,,,0,18,,10235,35,,,0,50,,10249,32,,,0,16,,10250,35,,,0,13,,10236,32,,,0,72,,10237,35,,,0,27,,10238,32,,,0,73,,10239,35,,,0,27,,10240,32,,,0,71,,10241,35,,,0,29,,10242,32,,,0,70,,10243,35,,,0,28,,10244,32,,,0,70,,10245,35,,,0,28,,10246,32,,,0,73,,10247,35,,,0,31,,10251,32,,,0,70,,10252,35,,,0,55,,10254,35,,,0
701,'5518',725,,10255,32,,,0,27,,10256,35,,,0,100,,10257,32,,,0,97,,10258,35,,,0,73,,10261,32,,,0,30,,10259,32,,,0,67,,10260,35,,,0,33,,10268,32,,,0,67,,10263,35,,,0,29,,10262,32,,,0,72,,10265,35,,,0,28,,10275,32,,,0,72,,10267,35,,,0,29,,10271,32,,,0,71,,10266,35,,,0,29,,10264,32,,,0,71,,10270,35,,,0,27,,10274,32,,,0,72,,10269,35,,,0,27,,10276,32,,,0,71,,10272,35,,,0,29,,10278,32,,,0,101,,10273,35,,,0,99,,10281,32,,,0,104,,10277,35,,,0,95,,10279,32,,,0,101,,10280,35,,,0
701,'5520',612,,10282,15,,,0,18,,10283,32,,,0,17,,10284,35,,,0,54,,10285,32,,,0,16,,10286,35,,,0,6,,10287,32,,,0,10,,10288,35,,,0,17,,10289,32,,,0,60,,10290,35,,,0,11,,10291,32,,,0,19,,10292,35,,,0,11,,10293,32,,,0,56,,10294,35,,,0,12,,10295,32,,,0,18,,10296,35,,,0,13,,10332,32,,,0,57,,10297,35,,,0,13,,10337,32,,,0,17,,10298,35,,,0,69,,10299,32,,,0,34,,10300,35,,,0,67,,10301,32,,,0,32,,10302,35,,,0,68,,10303,32,,,0,32,,10304,35,,,0,69,,10305,32,,,0,34,,10306,35,,,0,11,,10307,32,,,0,55,,10308,32,,,0,18,,10309,35,,,0,13,,10310,32,,,0,17,,10311,35,,,0,52,,10312,32,,,0,18,,10313,35,,,0,12,,10314,32,,,0,18,,10315,35,,,0,52,,10316,32,,,0,18,,10317,35,,,0,11,,10318,32,,,0,18,,10319,35,,,0,50,,10333,32,,,0,16,,10334,35,,,0,13,,10320,32,,,0,72,,10321,35,,,0,27,,10322,32,,,0,73,,10323,35,,,0,27,,10324,32,,,0,71,,10325,35,,,0,29,,10326,32,,,0,70,,10327,35,,,0,28,,10328,32,,,0,70,,10329,35,,,0,28,,10330,32,,,0,73,,10331,35,,,0,31,,10335,32,,,0,70,,10336,35,,,0
701,'5526',640,,10376,35,,,0,70,,10375,32,,,0,31,,10363,35,,,0,70,,10338,32,,,0,31,,10339,32,,,0,71,,10340,35,,,0,29,,10341,32,,,0,71,,10349,32,,,0,31,,10354,35,,,0,14,,10367,32,,,0,56,,10353,35,,,0,15,,10368,32,,,0,22,,10356,32,,,0,73,,10352,35,,,0,28,,10355,32,,,0,70,,10348,32,,,0,32,,10358,35,,,0,68,,10351,32,,,0,30,,10371,35,,,0,53,,10359,32,,,0,14,,10372,32,,,0,16,,10360,35,,,0,14,,10370,32,,,0,55,,10347,32,,,0,16,,10373,35,,,0,14,,10357,32,,,0,15,,10369,32,,,0,64,,10350,35,,,0,29,,10361,32,,,0,70,,10342,32,,,0,36,,10345,35,,,0,73,,10346,32,,,0,36,,10364,35,,,0,74,,10365,32,,,0,105,,10344,32,,,0,96,,10343,35,,,0,101,,10362,32,,,0,98,,10366,32,,,0,26,,10374,35,,,0,69,,10377,32,,,0
7300,'5475',739,,11464,8,,,0
7300,'5520',739,,11465,8,,,0
7301,'5475',1527,,11466,22,,,0
7301,'5520',1527,,11467,22,,,0
7900,'5475',744,,11481,8,0,6,0
7900,'5520',744,,11482,8,0,6,0
7901,'5475',1508,,11483,8,0,6,0
7901,'5522',1508,,11484,8,0,6,0
7901,'5525',1508,,11485,8,0,6,0
